10.097683	778
10.117956	782
10.138229	805
10.158502	814
10.178775	771
10.199048	822
10.219321	761
10.239594	793
10.259867	792
10.28014	766
10.300413	756
10.320686	798
10.340959	787
10.361232	786
10.381505	792
10.401778	751
10.422051	782
10.442324	816
10.462597	828
10.48287	817
10.503143	793
10.523416	763
10.543689	757
10.563962	750
10.584235	769
10.604508	784
10.624781	786
10.645054	801
10.665327	771
10.6856	825
10.705873	808
10.726146	767
10.746419	803
10.766692	772
10.786965	812
10.807238	824
10.827511	768
10.847784	820
10.868057	815
10.88833	801
10.908603	770
10.928876	775
10.949149	768
10.969422	782
10.989695	811
11.009968	766
11.030241	822
11.050514	767
11.070787	792
11.09106	787
11.111333	736
11.131606	798
11.151879	756
11.172152	777
11.192425	774
11.212698	751
11.232971	799
11.253244	792
11.273517	778
11.29379	767
11.314063	798
11.334336	787
11.354609	804
11.374882	771
11.395155	808
11.415428	767
11.435701	813
11.455974	806
11.476247	772
11.49652	776
11.516793	758
11.537066	811
11.557339	757
11.577612	761
11.597885	787
11.618158	799
11.638431	809
11.658704	788
11.678977	769
11.69925	772
11.719523	765
11.739796	771
11.760069	794
11.780342	774
11.800615	784
11.820888	772
11.841161	786
11.861434	747
11.881707	810
11.90198	778
11.922253	816
11.942526	743
11.962799	834
11.983072	767
12.003345	798
12.023618	791
12.043891	827
12.064164	801
12.084437	787
12.10471	812
12.124983	757
12.145256	768
12.165529	800
12.185802	827
12.206075	781
12.226348	808
12.246621	807
12.266894	741
12.287167	814
12.30744	800
12.327713	787
12.347986	758
12.368259	793
12.388532	782
12.408805	744
12.429078	758
12.449351	807
12.469624	800
12.489897	812
12.51017	734
12.530443	739
12.550716	766
12.570989	793
12.591262	802
12.611535	740
12.631808	800
12.652081	725
12.672354	769
12.692627	818
12.7129	785
12.733173	816
12.753446	780
12.773719	808
12.793992	780
12.814265	754
12.834538	759
12.854811	731
12.875084	780
12.895357	755
12.91563	722
12.935903	765
12.956176	751
12.976449	730
12.996722	818
13.016995	736
13.037268	764
13.057541	780
13.077814	802
13.098087	736
13.11836	753
13.138633	773
13.158906	785
13.179179	781
13.199452	782
13.219725	781
13.239998	757
13.260271	751
13.280544	776
13.300817	797
13.32109	771
13.341363	807
13.361636	745
13.381909	748
13.402182	713
13.422455	780
13.442728	750
13.463001	770
13.483274	768
13.503547	765
13.52382	721
13.544093	762
13.564366	799
13.584639	793
13.604912	755
13.625185	744
13.645458	825
13.665731	799
13.686004	777
13.706277	769
13.72655	766
13.746823	792
13.767096	752
13.787369	811
13.807642	757
13.827915	782
13.848188	809
13.868461	763
13.888734	748
13.909007	784
13.92928	787
13.949553	780
13.969826	768
13.990099	784
14.010372	773
14.030645	758
14.050918	819
14.071191	755
14.091464	747
14.111737	799
14.13201	771
14.152283	760
14.172556	795
14.192829	763
14.213102	759
14.233375	781
14.253648	792
14.273921	753
14.294194	765
14.314467	763
14.33474	769
14.355013	801
14.375286	761
14.395559	752
14.415832	763
14.436105	751
14.456378	765
14.476651	779
14.496924	758
14.517197	794
14.53747	754
14.557743	770
14.578016	769
14.598289	785
14.618562	765
14.638835	782
14.659108	743
14.679381	760
14.699654	740
14.719927	711
14.7402	794
14.760473	796
14.780746	737
14.801019	770
14.821292	793
14.841565	765
14.861838	794
14.882111	761
14.902384	771
14.922657	779
14.94293	782
14.963203	775
14.983476	787
15.003749	797
15.024022	763
15.044295	733
15.064568	706
15.084841	769
15.105114	742
15.125387	754
15.14566	740
15.165933	768
15.186206	745
15.206479	760
15.226752	764
15.247025	720
15.267298	734
15.287571	773
15.307844	724
15.328117	734
15.34839	745
15.368663	772
15.388936	753
15.409209	753
15.429482	731
15.449755	807
15.470028	750
15.490301	780
15.510574	811
15.530847	768
15.55112	745
15.571393	725
15.591666	725
15.611939	760
15.632212	737
15.652485	766
15.672758	779
15.693031	704
15.713304	790
15.733577	733
15.75385	766
15.774123	798
15.794396	735
15.814669	737
15.834942	745
15.855215	766
15.875488	719
15.895761	788
15.916034	765
15.936307	796
15.95658	767
15.976853	748
15.997126	755
16.017399	780
16.037672	723
16.057945	745
16.078218	711
16.098491	750
16.118764	780
16.139037	730
16.15931	772
16.179583	776
16.199856	758
16.220129	729
16.240402	764
16.260675	789
16.280948	728
16.301221	741
16.321494	744
16.341767	778
16.36204	758
16.382313	717
16.402586	722
16.422859	732
16.443132	758
16.463405	733
16.483678	785
16.503951	732
16.524224	786
16.544497	709
16.56477	787
16.585043	728
16.605316	724
16.625589	750
16.645862	775
16.666135	759
16.686408	756
16.706681	703
16.726954	779
16.747227	736
16.7675	705
16.787773	765
16.808046	757
16.828319	707
16.848592	727
16.868865	779
16.889138	702
16.909411	713
16.929684	766
16.949957	694
16.97023	768
16.990503	752
17.010776	712
17.031049	747
17.051322	753
17.071595	746
17.091868	719
17.112141	750
17.132414	745
17.152687	794
17.17296	743
17.193233	744
17.213506	736
17.233779	721
17.254052	742
17.274325	741
17.294598	722
17.314871	724
17.335144	775
17.355417	793
17.37569	712
17.395963	723
17.416236	706
17.436509	745
17.456782	796
17.477055	763
17.497328	778
17.517601	739
17.537874	772
17.558147	774
17.57842	718
17.598693	756
17.618966	792
17.639239	737
17.659512	739
17.679785	778
17.700058	747
17.720331	779
17.740604	747
17.760877	764
17.78115	721
17.801423	745
17.821696	764
17.841969	776
17.862242	780
17.882515	756
17.902788	755
17.923061	765
17.943334	753
17.963607	754
17.98388	713
18.004153	758
18.024426	769
18.044699	754
18.064972	741
18.085245	749
18.105518	728
18.125791	759
18.146064	693
18.166337	779
18.18661	743
18.206883	745
18.227156	685
18.247429	726
18.267702	725
18.287975	706
18.308248	705
18.328521	714
18.348794	746
18.369067	730
18.38934	750
18.409613	718
18.429886	727
18.450159	757
18.470432	718
18.490705	770
18.510978	711
18.531251	716
18.551524	758
18.571797	757
18.59207	748
18.612343	739
18.632616	728
18.652889	743
18.673162	722
18.693435	761
18.713708	744
18.733981	758
18.754254	703
18.774527	741
18.7948	718
18.815073	710
18.835346	719
18.855619	744
18.875892	770
18.896165	693
18.916438	707
18.936711	699
18.956984	736
18.977257	723
18.99753	714
19.017803	767
19.038076	747
19.058349	710
19.078622	778
19.098895	728
19.119168	744
19.139441	757
19.159714	739
19.179987	728
19.20026	771
19.220533	722
19.240806	691
19.261079	768
19.281352	726
19.301625	700
19.321898	678
19.342171	737
19.362444	711
19.382717	739
19.40299	751
19.423263	753
19.443536	738
19.463809	682
19.484082	717
19.504355	733
19.524628	751
19.544901	723
19.565174	723
19.585447	727
19.60572	685
19.625993	722
19.646266	722
19.666539	735
19.686812	745
19.707085	732
19.727358	745
19.747631	758
19.767904	712
19.788177	777
19.80845	736
19.828723	730
19.848996	728
19.869269	733
19.889542	725
19.909815	741
19.930088	772
19.950361	778
19.970634	710
19.990907	734
20.01118	723
20.031453	728
20.051726	748
20.071999	758
20.092272	763
20.112545	705
20.132818	741
20.153091	701
20.173364	748
20.193637	724
20.21391	700
20.234183	749
20.254456	741
20.274729	730
20.295002	722
20.315275	707
20.335548	774
20.355821	760
20.376094	720
20.396367	722
20.41664	720
20.436913	727
20.457186	780
20.477459	711
20.497732	712
20.518005	738
20.538278	714
20.558551	678
20.578824	741
20.599097	705
20.61937	690
20.639643	758
20.659916	720
20.680189	732
20.700462	711
20.720735	719
20.741008	677
20.761281	720
20.781554	768
20.801827	701
20.8221	728
20.842373	733
20.862646	725
20.882919	714
20.903192	713
20.923465	724
20.943738	752
20.964011	668
20.984284	727
21.004557	718
21.02483	741
21.045103	684
21.065376	746
21.085649	720
21.105922	753
21.126195	755
21.146468	724
21.166741	708
21.187014	739
21.207287	761
21.22756	716
21.247833	748
21.268106	723
21.288379	753
21.308652	739
21.328925	706
21.349198	750
21.369471	748
21.389744	758
21.410017	695
21.43029	704
21.450563	715
21.470836	705
21.491109	711
21.511382	730
21.531655	705
21.551928	746
21.572201	724
21.592474	740
21.612747	703
21.63302	739
21.653293	711
21.673566	722
21.693839	714
21.714112	686
21.734385	734
21.754658	714
21.774931	706
21.795204	691
21.815477	694
21.83575	679
21.856023	726
21.876296	692
21.896569	686
21.916842	759
21.937115	714
21.957388	675
21.977661	760
21.997934	755
22.018207	717
22.03848	707
22.058753	662
22.079026	703
22.099299	702
22.119572	748
22.139845	755
22.160118	713
22.180391	663
22.200664	746
22.220937	769
22.24121	731
22.261483	689
22.281756	718
22.302029	716
22.322302	725
22.342575	743
22.362848	700
22.383121	747
22.403394	723
22.423667	693
22.44394	749
22.464213	673
22.484486	676
22.504759	751
22.525032	687
22.545305	726
22.565578	706
22.585851	757
22.606124	721
22.626397	711
22.64667	686
22.666943	689
22.687216	707
22.707489	670
22.727762	672
22.748035	733
22.768308	728
22.788581	674
22.808854	711
22.829127	752
22.8494	723
22.869673	708
22.889946	676
22.910219	685
22.930492	661
22.950765	692
22.971038	741
22.991311	706
23.011584	708
23.031857	717
23.05213	755
23.072403	736
23.092676	725
23.112949	745
23.133222	704
23.153495	738
23.173768	706
23.194041	721
23.214314	708
23.234587	689
23.25486	715
23.275133	686
23.295406	688
23.315679	693
23.335952	727
23.356225	683
23.376498	709
23.396771	729
23.417044	712
23.437317	668
23.45759	701
23.477863	685
23.498136	692
23.518409	724
23.538682	709
23.558955	677
23.579228	687
23.599501	702
23.619774	750
23.640047	711
23.66032	681
23.680593	707
23.700866	720
23.721139	691
23.741412	659
23.761685	737
23.781958	685
23.802231	709
23.822504	683
23.842777	657
23.86305	714
23.883323	705
23.903596	732
23.923869	700
23.944142	709
23.964415	738
23.984688	659
24.004961	741
24.025234	673
24.045507	696
24.06578	706
24.086053	700
24.106326	738
24.126599	726
24.146872	700
24.167145	697
24.187418	734
24.207691	701
24.227964	708
24.248237	694
24.26851	747
24.288783	685
24.309056	704
24.329329	720
24.349602	672
24.369875	693
24.390148	690
24.410421	734
24.430694	725
24.450967	726
24.47124	695
24.491513	686
24.511786	675
24.532059	715
24.552332	675
24.572605	689
24.592878	749
24.613151	706
24.633424	676
24.653697	721
24.67397	700
24.694243	704
24.714516	695
24.734789	689
24.755062	697
24.775335	704
24.795608	715
24.815881	726
24.836154	680
24.856427	713
24.8767	710
24.896973	670
24.917246	706
24.937519	696
24.957792	744
24.978065	699
24.998338	736
25.018611	704
25.038884	686
25.059157	684
25.07943	737
25.099703	695
25.119976	701
25.140249	685
25.160522	671
25.180795	713
25.201068	673
25.221341	724
25.241614	704
25.261887	699
25.28216	674
25.302433	739
25.322706	699
25.342979	713
25.363252	662
25.383525	694
25.403798	684
25.424071	730
25.444344	713
25.464617	671
25.48489	656
25.505163	678
25.525436	686
25.545709	705
25.565982	665
25.586255	719
25.606528	707
25.626801	719
25.647074	680
25.667347	693
25.68762	683
25.707893	681
25.728166	654
25.748439	675
25.768712	711
25.788985	665
25.809258	711
25.829531	707
25.849804	676
25.870077	653
25.89035	726
25.910623	664
25.930896	699
25.951169	700
25.971442	710
25.991715	698
26.011988	700
26.032261	668
26.052534	707
26.072807	686
26.09308	682
26.113353	661
26.133626	637
26.153899	691
26.174172	731
26.194445	652
26.214718	692
26.234991	700
26.255264	705
26.275537	714
26.29581	691
26.316083	696
26.336356	715
26.356629	701
26.376902	637
26.397175	710
26.417448	661
26.437721	691
26.457994	686
26.478267	692
26.49854	707
26.518813	660
26.539086	710
26.559359	641
26.579632	680
26.599905	681
26.620178	669
26.640451	720
26.660724	701
26.680997	668
26.70127	696
26.721543	681
26.741816	666
26.762089	705
26.782362	710
26.802635	733
26.822908	687
26.843181	658
26.863454	672
26.883727	703
26.904	674
26.924273	667
26.944546	638
26.964819	656
26.985092	679
27.005365	655
27.025638	718
27.045911	677
27.066184	653
27.086457	637
27.10673	697
27.127003	700
27.147276	653
27.167549	716
27.187822	673
27.208095	681
27.228368	682
27.248641	659
27.268914	671
27.289187	675
27.30946	671
27.329733	721
27.350006	679
27.370279	696
27.390552	652
27.410825	685
27.431098	726
27.451371	687
27.471644	684
27.491917	711
27.51219	674
27.532463	675
27.552736	705
27.573009	648
27.593282	704
27.613555	634
27.633828	690
27.654101	674
27.674374	681
27.694647	680
27.71492	706
27.735193	668
27.755466	692
27.775739	670
27.796012	711
27.816285	647
27.836558	658
27.856831	641
27.877104	708
27.897377	661
27.91765	645
27.937923	693
27.958196	689
27.978469	637
27.998742	680
28.019015	658
28.039288	672
28.059561	698
28.079834	676
28.100107	708
28.12038	694
28.140653	719
28.160926	638
28.181199	692
28.201472	676
28.221745	682
28.242018	635
28.262291	634
28.282564	678
28.302837	675
28.32311	705
28.343383	637
28.363656	642
28.383929	637
28.404202	662
28.424475	715
28.444748	659
28.465021	711
28.485294	670
28.505567	650
28.52584	633
28.546113	722
28.566386	641
28.586659	656
28.606932	697
28.627205	710
28.647478	703
28.667751	707
28.688024	691
28.708297	656
28.72857	715
28.748843	618
28.769116	688
28.789389	640
28.809662	658
28.829935	718
28.850208	659
28.870481	681
28.890754	665
28.911027	695
28.9313	699
28.951573	661
28.971846	643
28.992119	704
29.012392	681
29.032665	687
29.052938	696
29.073211	647
29.093484	698
29.113757	678
29.13403	661
29.154303	641
29.174576	640
29.194849	709
29.215122	687
29.235395	650
29.255668	672
29.275941	699
29.296214	694
29.316487	657
29.33676	671
29.357033	673
29.377306	658
29.397579	656
29.417852	663
29.438125	707
29.458398	688
29.478671	650
29.498944	695
29.519217	678
29.53949	679
29.559763	710
29.580036	685
29.600309	684
29.620582	640
29.640855	665
29.661128	644
29.681401	688
29.701674	675
29.721947	698
29.74222	672
29.762493	689
29.782766	704
29.803039	659
29.823312	631
29.843585	667
29.863858	704
29.884131	673
29.904404	640
29.924677	671
29.94495	652
29.965223	669
29.985496	660
30.005769	670
30.026042	658
30.046315	630
30.066588	683
30.086861	685
30.107134	676
30.127407	605
30.14768	681
30.167953	703
30.188226	625
30.208499	698
30.228772	640
30.249045	626
30.269318	627
30.289591	673
30.309864	623
30.330137	670
30.35041	700
30.370683	696
30.390956	627
30.411229	620
30.431502	706
30.451775	666
30.472048	685
30.492321	610
30.512594	672
30.532867	666
30.55314	694
30.573413	651
30.593686	686
30.613959	670
30.634232	650
30.654505	660
30.674778	641
30.695051	656
30.715324	609
30.735597	657
30.75587	658
30.776143	618
30.796416	630
30.816689	634
30.836962	672
30.857235	644
30.877508	663
30.897781	634
30.918054	658
30.938327	674
30.9586	692
30.978873	617
30.999146	676
31.019419	669
31.039692	666
31.059965	698
31.080238	602
31.100511	683
31.120784	613
31.141057	682
31.16133	632
31.181603	686
31.201876	633
31.222149	687
31.242422	624
31.262695	694
31.282968	662
31.303241	667
31.323514	674
31.343787	703
31.36406	692
31.384333	676
31.404606	689
31.424879	614
31.445152	644
31.465425	665
31.485698	645
31.505971	646
31.526244	699
31.546517	689
31.56679	659
31.587063	659
31.607336	666
31.627609	665
31.647882	643
31.668155	645
31.688428	666
31.708701	630
31.728974	624
31.749247	617
31.76952	643
31.789793	606
31.810066	615
31.830339	662
31.850612	681
31.870885	635
31.891158	661
31.911431	687
31.931704	648
31.951977	630
31.97225	629
31.992523	672
32.012796	677
32.033069	684
32.053342	644
32.073615	597
32.093888	688
32.114161	673
32.134434	680
32.154707	685
32.17498	640
32.195253	623
32.215526	639
32.235799	667
32.256072	661
32.276345	654
32.296618	598
32.316891	642
32.337164	638
32.357437	650
32.37771	653
32.397983	663
32.418256	678
32.438529	660
32.458802	652
32.479075	631
32.499348	654
32.519621	671
32.539894	665
32.560167	634
32.58044	605
32.600713	624
32.620986	670
32.641259	692
32.661532	644
32.681805	650
32.702078	643
32.722351	597
32.742624	662
32.762897	620
32.78317	648
32.803443	605
32.823716	630
32.843989	613
32.864262	637
32.884535	638
32.904808	655
32.925081	632
32.945354	645
32.965627	667
32.9859	681
33.006173	678
33.026446	627
33.046719	650
33.066992	661
33.087265	662
33.107538	654
33.127811	685
33.148084	636
33.168357	622
33.18863	636
33.208903	627
33.229176	652
33.249449	622
33.269722	696
33.289995	610
33.310268	636
33.330541	684
33.350814	601
33.371087	619
33.39136	658
33.411633	639
33.431906	628
33.452179	652
33.472452	598
33.492725	647
33.512998	678
33.533271	648
33.553544	602
33.573817	625
33.59409	626
33.614363	623
33.634636	599
33.654909	603
33.675182	650
33.695455	649
33.715728	645
33.736001	684
33.756274	628
33.776547	627
33.79682	631
33.817093	664
33.837366	693
33.857639	665
33.877912	609
33.898185	585
33.918458	639
33.938731	638
33.959004	644
33.979277	627
33.99955	608
34.019823	641
34.040096	630
34.060369	598
34.080642	669
34.100915	612
34.121188	628
34.141461	624
34.161734	654
34.182007	664
34.20228	678
34.222553	682
34.242826	615
34.263099	638
34.283372	634
34.303645	635
34.323918	645
34.344191	622
34.364464	646
34.384737	606
34.40501	633
34.425283	658
34.445556	623
34.465829	643
34.486102	654
34.506375	614
34.526648	667
34.546921	642
34.567194	638
34.587467	643
34.60774	641
34.628013	648
34.648286	646
34.668559	619
34.688832	602
34.709105	651
34.729378	614
34.749651	648
34.769924	637
34.790197	645
34.81047	622
34.830743	617
34.851016	625
34.871289	655
34.891562	640
34.911835	617
34.932108	623
34.952381	659
34.972654	630
34.992927	607
35.0132	624
35.033473	586
35.053746	588
35.074019	615
35.094292	592
35.114565	636
35.134838	671
35.155111	648
35.175384	662
35.195657	632
35.21593	611
35.236203	627
35.256476	641
35.276749	639
35.297022	643
35.317295	676
35.337568	622
35.357841	623
35.378114	621
35.398387	631
35.41866	670
35.438933	617
35.459206	665
35.479479	624
35.499752	672
35.520025	648
35.540298	635
35.560571	613
35.580844	634
35.601117	640
35.62139	617
35.641663	651
35.661936	583
35.682209	605
35.702482	618
35.722755	658
35.743028	633
35.763301	669
35.783574	618
35.803847	625
35.82412	631
35.844393	634
35.864666	634
35.884939	654
35.905212	627
35.925485	601
35.945758	657
35.966031	658
35.986304	673
36.006577	648
36.02685	644
36.047123	585
36.067396	659
36.087669	659
36.107942	630
36.128215	638
36.148488	634
36.168761	662
36.189034	617
36.209307	593
36.22958	605
36.249853	608
36.270126	585
36.290399	632
36.310672	662
36.330945	626
36.351218	619
36.371491	596
36.391764	622
36.412037	634
36.43231	650
36.452583	583
36.472856	649
36.493129	628
36.513402	611
36.533675	655
36.553948	636
36.574221	645
36.594494	653
36.614767	620
36.63504	615
36.655313	622
36.675586	582
36.695859	634
36.716132	632
36.736405	576
36.756678	588
36.776951	587
36.797224	615
36.817497	594
36.83777	572
36.858043	590
36.878316	586
36.898589	624
36.918862	619
36.939135	632
36.959408	575
36.979681	573
36.999954	605
37.020227	617
37.0405	562
37.060773	613
37.081046	597
37.101319	628
37.121592	576
37.141865	568
37.162138	600
37.182411	614
37.202684	597
37.222957	629
37.24323	608
37.263503	621
37.283776	607
37.304049	660
37.324322	637
37.344595	573
37.364868	624
37.385141	598
37.405414	644
37.425687	609
37.44596	609
37.466233	630
37.486506	598
37.506779	629
37.527052	612
37.547325	630
37.567598	591
37.587871	605
37.608144	587
37.628417	617
37.64869	574
37.668963	617
37.689236	651
37.709509	607
37.729782	636
37.750055	600
37.770328	625
37.790601	599
37.810874	657
37.831147	600
37.85142	637
37.871693	587
37.891966	563
37.912239	565
37.932512	614
37.952785	639
37.973058	603
37.993331	593
38.013604	626
38.033877	636
38.05415	617
38.074423	617
38.094696	634
38.114969	599
38.135242	588
38.155515	590
38.175788	618
38.196061	630
38.216334	640
38.236607	611
38.25688	614
38.277153	614
38.297426	612
38.317699	600
38.337972	640
38.358245	640
38.378518	568
38.398791	585
38.419064	633
38.439337	636
38.45961	618
38.479883	599
38.500156	580
38.520429	608
38.540702	625
38.560975	588
38.581248	584
38.601521	628
38.621794	596
38.642067	652
38.66234	591
38.682613	592
38.702886	653
38.723159	594
38.743432	640
38.763705	594
38.783978	616
38.804251	636
38.824524	613
38.844797	604
38.86507	649
38.885343	628
38.905616	598
38.925889	586
38.946162	601
38.966435	580
38.986708	606
39.006981	586
39.027254	623
39.047527	619
39.0678	623
39.088073	652
39.108346	586
39.128619	651
39.148892	581
39.169165	594
39.189438	598
39.209711	608
39.229984	564
39.250257	574
39.27053	645
39.290803	617
39.311076	599
39.331349	629
39.351622	557
39.371895	614
39.392168	607
39.412441	622
39.432714	557
39.452987	624
39.47326	605
39.493533	603
39.513806	649
39.534079	630
39.554352	553
39.574625	652
39.594898	593
39.615171	651
39.635444	592
39.655717	559
39.67599	611
39.696263	610
39.716536	564
39.736809	583
39.757082	621
39.777355	640
39.797628	605
39.817901	650
39.838174	558
39.858447	632
39.87872	572
39.898993	556
39.919266	593
39.939539	568
39.959812	575
39.980085	601
40.000358	595
40.020631	629
40.040904	598
40.061177	578
40.08145	549
40.101723	597
40.121996	618
40.142269	576
40.162542	555
40.182815	555
40.203088	547
40.223361	550
40.243634	569
40.263907	579
40.28418	634
40.304453	613
40.324726	588
40.344999	616
40.365272	587
40.385545	587
40.405818	556
40.426091	552
40.446364	565
40.466637	593
40.48691	610
40.507183	555
40.527456	578
40.547729	630
40.568002	568
40.588275	604
40.608548	568
40.628821	613
40.649094	623
40.669367	592
40.68964	597
40.709913	579
40.730186	576
40.750459	587
40.770732	609
40.791005	570
40.811278	600
40.831551	552
40.851824	564
40.872097	605
40.89237	586
40.912643	623
40.932916	550
40.953189	567
40.973462	591
40.993735	607
41.014008	597
41.034281	624
41.054554	586
41.074827	629
41.0951	629
41.115373	612
41.135646	641
41.155919	604
41.176192	590
41.196465	618
41.216738	556
41.237011	604
41.257284	593
41.277557	607
41.29783	612
41.318103	581
41.338376	632
41.358649	636
41.378922	632
41.399195	613
41.419468	578
41.439741	615
41.460014	604
41.480287	591
41.50056	627
41.520833	574
41.541106	574
41.561379	579
41.581652	538
41.601925	622
41.622198	585
41.642471	607
41.662744	578
41.683017	636
41.70329	621
41.723563	578
41.743836	595
41.764109	611
41.784382	551
41.804655	584
41.824928	548
41.845201	598
41.865474	610
41.885747	607
41.90602	588
41.926293	610
41.946566	543
41.966839	598
41.987112	609
42.007385	590
42.027658	571
42.047931	582
42.068204	586
42.088477	615
42.10875	604
42.129023	565
42.149296	571
42.169569	548
42.189842	568
42.210115	592
42.230388	583
42.250661	579
42.270934	626
42.291207	615
42.31148	572
42.331753	578
42.352026	623
42.372299	538
42.392572	557
42.412845	595
42.433118	576
42.453391	549
42.473664	576
42.493937	530
42.51421	548
42.534483	578
42.554756	604
42.575029	574
42.595302	601
42.615575	563
42.635848	630
42.656121	579
42.676394	630
42.696667	552
42.71694	609
42.737213	631
42.757486	564
42.777759	539
42.798032	560
42.818305	571
42.838578	577
42.858851	606
42.879124	586
42.899397	562
42.91967	597
42.939943	545
42.960216	542
42.980489	575
43.000762	602
43.021035	580
43.041308	549
43.061581	585
43.081854	598
43.102127	609
43.1224	559
43.142673	608
43.162946	536
43.183219	558
43.203492	570
43.223765	616
43.244038	572
43.264311	570
43.284584	537
43.304857	549
43.32513	592
43.345403	593
43.365676	563
43.385949	571
43.406222	604
43.426495	610
43.446768	538
43.467041	554
43.487314	567
43.507587	612
43.52786	590
43.548133	592
43.568406	561
43.588679	562
43.608952	580
43.629225	580
43.649498	596
43.669771	573
43.690044	555
43.710317	575
43.73059	597
43.750863	561
43.771136	565
43.791409	606
43.811682	564
43.831955	593
43.852228	579
43.872501	531
43.892774	581
43.913047	528
43.93332	544
43.953593	579
43.973866	556
43.994139	579
44.014412	549
44.034685	581
44.054958	570
44.075231	600
44.095504	578
44.115777	591
44.13605	610
44.156323	585
44.176596	596
44.196869	537
44.217142	605
44.237415	540
44.257688	575
44.277961	568
44.298234	611
44.318507	575
44.33878	591
44.359053	584
44.379326	594
44.399599	552
44.419872	595
44.440145	608
44.460418	559
44.480691	575
44.500964	607
44.521237	551
44.54151	524
44.561783	540
44.582056	609
44.602329	550
44.622602	566
44.642875	540
44.663148	585
44.683421	609
44.703694	604
44.723967	580
44.74424	565
44.764513	561
44.784786	519
44.805059	543
44.825332	517
44.845605	524
44.865878	548
44.886151	540
44.906424	603
44.926697	591
44.94697	571
44.967243	545
44.987516	584
45.007789	619
45.028062	586
45.048335	562
45.068608	565
45.088881	555
45.109154	573
45.129427	536
45.1497	555
45.169973	516
45.190246	535
45.210519	565
45.230792	565
45.251065	529
45.271338	550
45.291611	561
45.311884	579
45.332157	583
45.35243	530
45.372703	522
45.392976	565
45.413249	560
45.433522	514
45.453795	585
45.474068	559
45.494341	581
45.514614	611
45.534887	555
45.55516	530
45.575433	549
45.595706	589
45.615979	537
45.636252	589
45.656525	612
45.676798	553
45.697071	529
45.717344	559
45.737617	612
45.75789	550
45.778163	530
45.798436	543
45.818709	565
45.838982	528
45.859255	574
45.879528	561
45.899801	510
45.920074	550
45.940347	566
45.96062	601
45.980893	562
46.001166	540
46.021439	533
46.041712	583
46.061985	512
46.082258	541
46.102531	528
46.122804	564
46.143077	579
46.16335	575
46.183623	542
46.203896	558
46.224169	564
46.244442	579
46.264715	520
46.284988	524
46.305261	543
46.325534	559
46.345807	524
46.36608	570
46.386353	574
46.406626	571
46.426899	604
46.447172	577
46.467445	537
46.487718	552
46.507991	561
46.528264	520
46.548537	523
46.56881	580
46.589083	588
46.609356	602
46.629629	557
46.649902	554
46.670175	497
46.690448	582
46.710721	515
46.730994	562
46.751267	552
46.77154	535
46.791813	518
46.812086	559
46.832359	530
46.852632	554
46.872905	563
46.893178	573
46.913451	532
46.933724	551
46.953997	602
46.97427	553
46.994543	569
47.014816	514
47.035089	531
47.055362	543
47.075635	593
47.095908	582
47.116181	542
47.136454	549
47.156727	567
47.177	520
47.197273	545
47.217546	531
47.237819	557
47.258092	530
47.278365	522
47.298638	583
47.318911	571
47.339184	526
47.359457	575
47.37973	588
47.400003	567
47.420276	540
47.440549	541
47.460822	558
47.481095	522
47.501368	539
47.521641	510
47.541914	568
47.562187	518
47.58246	534
47.602733	522
47.623006	534
47.643279	586
47.663552	525
47.683825	552
47.704098	532
47.724371	593
47.744644	550
47.764917	522
47.78519	557
47.805463	508
47.825736	557
47.846009	543
47.866282	531
47.886555	563
47.906828	594
47.927101	562
47.947374	524
47.967647	562
47.98792	548
48.008193	532
48.028466	546
48.048739	531
48.069012	587
48.089285	549
48.109558	573
48.129831	546
48.150104	532
48.170377	546
48.19065	512
48.210923	591
48.231196	583
48.251469	567
48.271742	518
48.292015	531
48.312288	553
48.332561	524
48.352834	519
48.373107	517
48.39338	545
48.413653	577
48.433926	512
48.454199	541
48.474472	548
48.494745	532
48.515018	576
48.535291	558
48.555564	537
48.575837	565
48.59611	551
48.616383	506
48.636656	515
48.656929	499
48.677202	509
48.697475	518
48.717748	555
48.738021	539
48.758294	544
48.778567	527
48.79884	541
48.819113	530
48.839386	578
48.859659	491
48.879932	542
48.900205	530
48.920478	504
48.940751	542
48.961024	505
48.981297	596
49.00157	495
49.021843	550
49.042116	539
49.062389	529
49.082662	545
49.102935	573
49.123208	556
49.143481	546
49.163754	516
49.184027	545
49.2043	568
49.224573	537
49.244846	582
49.265119	522
49.285392	533
49.305665	508
49.325938	565
49.346211	540
49.366484	538
49.386757	531
49.40703	545
49.427303	542
49.447576	521
49.467849	521
49.488122	548
49.508395	553
49.528668	562
49.548941	550
49.569214	553
49.589487	507
49.60976	513
49.630033	569
49.650306	549
49.670579	543
49.690852	555
49.711125	539
49.731398	576
49.751671	536
49.771944	510
49.792217	537
49.81249	495
49.832763	535
49.853036	543
49.873309	530
49.893582	522
49.913855	525
49.934128	549
49.954401	513
49.974674	543
49.994947	503
50.01522	563
50.035493	514
50.055766	490
50.076039	521
50.096312	537
50.116585	534
50.136858	514
50.157131	527
50.177404	550
50.197677	531
50.21795	560
50.238223	571
50.258496	504
50.278769	503
50.299042	577
50.319315	549
50.339588	519
50.359861	524
50.380134	535
50.400407	511
50.42068	556
50.440953	528
50.461226	560
50.481499	524
50.501772	509
50.522045	544
50.542318	527
50.562591	565
50.582864	488
50.603137	524
50.62341	519
50.643683	505
50.663956	486
50.684229	526
50.704502	500
50.724775	516
50.745048	531
50.765321	562
50.785594	507
50.805867	501
50.82614	520
50.846413	536
50.866686	527
50.886959	528
50.907232	579
50.927505	545
50.947778	500
50.968051	522
50.988324	539
51.008597	528
51.02887	521
51.049143	547
51.069416	509
51.089689	512
51.109962	526
51.130235	518
51.150508	478
51.170781	520
51.191054	480
51.211327	540
51.2316	538
51.251873	492
51.272146	549
51.292419	524
51.312692	559
51.332965	564
51.353238	553
51.373511	488
51.393784	472
51.414057	511
51.43433	552
51.454603	505
51.474876	502
51.495149	535
51.515422	548
51.535695	549
51.555968	565
51.576241	518
51.596514	510
51.616787	503
51.63706	567
51.657333	521
51.677606	561
51.697879	551
51.718152	562
51.738425	519
51.758698	498
51.778971	561
51.799244	495
51.819517	522
51.83979	551
51.860063	552
51.880336	540
51.900609	549
51.920882	478
51.941155	553
51.961428	522
51.981701	514
52.001974	532
52.022247	498
52.04252	529
52.062793	543
52.083066	530
52.103339	530
52.123612	505
52.143885	504
52.164158	522
52.184431	507
52.204704	488
52.224977	506
52.24525	532
52.265523	565
52.285796	493
52.306069	531
52.326342	516
52.346615	519
52.366888	527
52.387161	481
52.407434	523
52.427707	565
52.44798	520
52.468253	474
52.488526	508
52.508799	516
52.529072	519
52.549345	522
52.569618	519
52.589891	520
52.610164	494
52.630437	530
52.65071	479
52.670983	501
52.691256	506
52.711529	548
52.731802	523
52.752075	461
52.772348	508
52.792621	501
52.812894	510
52.833167	547
52.85344	526
52.873713	494
52.893986	487
52.914259	531
52.934532	540
52.954805	508
52.975078	493
52.995351	505
53.015624	488
53.035897	480
53.05617	551
53.076443	518
53.096716	482
53.116989	489
53.137262	493
53.157535	483
53.177808	514
53.198081	556
53.218354	461
53.238627	499
53.2589	513
53.279173	544
53.299446	518
53.319719	506
53.339992	500
53.360265	503
53.380538	508
53.400811	464
53.421084	465
53.441357	550
53.46163	484
53.481903	507
53.502176	475
53.522449	485
53.542722	508
53.562995	536
53.583268	498
53.603541	509
53.623814	532
53.644087	529
53.66436	484
53.684633	489
53.704906	529
53.725179	496
53.745452	550
53.765725	533
53.785998	495
53.806271	497
53.826544	510
53.846817	507
53.86709	477
53.887363	497
53.907636	500
53.927909	481
53.948182	513
53.968455	499
53.988728	527
54.009001	517
54.029274	499
54.049547	472
54.06982	491
54.090093	485
54.110366	497
54.130639	504
54.150912	514
54.171185	503
54.191458	510
54.211731	517
54.232004	534
54.252277	488
54.27255	491
54.292823	470
54.313096	505
54.333369	499
54.353642	484
54.373915	492
54.394188	499
54.414461	497
54.434734	462
54.455007	505
54.47528	477
54.495553	503
54.515826	457
54.536099	512
54.556372	495
54.576645	479
54.596918	531
54.617191	534
54.637464	470
54.657737	470
54.67801	524
54.698283	505
54.718556	534
54.738829	501
54.759102	526
54.779375	454
54.799648	558
54.819921	524
54.840194	498
54.860467	530
54.88074	537
54.901013	484
54.921286	484
54.941559	485
54.961832	517
54.982105	482
55.002378	483
55.022651	538
55.042924	482
55.063197	503
55.08347	498
55.103743	490
55.124016	475
55.144289	506
55.164562	504
55.184835	543
55.205108	519
55.225381	501
55.245654	503
55.265927	487
55.2862	501
55.306473	455
55.326746	518
55.347019	478
55.367292	544
55.387565	513
55.407838	458
55.428111	499
55.448384	484
55.468657	522
55.48893	500
55.509203	475
55.529476	521
55.549749	479
55.570022	527
55.590295	494
55.610568	479
55.630841	470
55.651114	505
55.671387	451
55.69166	469
55.711933	518
55.732206	489
55.752479	512
55.772752	513
55.793025	526
55.813298	493
55.833571	469
55.853844	508
55.874117	447
55.89439	477
55.914663	479
55.934936	476
55.955209	526
55.975482	483
55.995755	481
56.016028	477
56.036301	542
56.056574	517
56.076847	522
56.09712	512
56.117393	448
56.137666	521
56.157939	453
56.178212	542
56.198485	514
56.218758	443
56.239031	523
56.259304	484
56.279577	493
56.29985	457
56.320123	458
56.340396	486
56.360669	485
56.380942	491
56.401215	496
56.421488	486
56.441761	510
56.462034	530
56.482307	531
56.50258	496
56.522853	472
56.543126	480
56.563399	509
56.583672	511
56.603945	484
56.624218	486
56.644491	471
56.664764	465
56.685037	460
56.70531	456
56.725583	472
56.745856	489
56.766129	479
56.786402	463
56.806675	490
56.826948	439
56.847221	474
56.867494	432
56.887767	488
56.90804	521
56.928313	487
56.948586	489
56.968859	492
56.989132	437
57.009405	453
57.029678	517
57.049951	482
57.070224	463
57.090497	455
57.11077	517
57.131043	520
57.151316	469
57.171589	515
57.191862	446
57.212135	509
57.232408	527
57.252681	537
57.272954	462
57.293227	507
57.3135	492
57.333773	520
57.354046	460
57.374319	461
57.394592	477
57.414865	466
57.435138	511
57.455411	472
57.475684	443
57.495957	513
57.51623	474
57.536503	438
57.556776	464
57.577049	506
57.597322	503
57.617595	486
57.637868	478
57.658141	494
57.678414	501
57.698687	442
57.71896	534
57.739233	473
57.759506	481
57.779779	506
57.800052	505
57.820325	457
57.840598	472
57.860871	508
57.881144	472
57.901417	463
57.92169	515
57.941963	465
57.962236	434
57.982509	535
58.002782	501
58.023055	473
58.043328	492
58.063601	458
58.083874	474
58.104147	482
58.12442	521
58.144693	479
58.164966	482
58.185239	481
58.205512	517
58.225785	461
58.246058	485
58.266331	465
58.286604	474
58.306877	511
58.32715	454
58.347423	457
58.367696	454
58.387969	479
58.408242	480
58.428515	485
58.448788	496
58.469061	443
58.489334	443
58.509607	425
58.52988	483
58.550153	484
58.570426	444
58.590699	442
58.610972	494
58.631245	523
58.651518	510
58.671791	519
58.692064	466
58.712337	467
58.73261	469
58.752883	466
58.773156	487
58.793429	478
58.813702	474
58.833975	505
58.854248	485
58.874521	498
58.894794	473
58.915067	450
58.93534	462
58.955613	460
58.975886	487
58.996159	444
59.016432	459
59.036705	482
59.056978	456
59.077251	440
59.097524	505
59.117797	459
59.13807	458
59.158343	471
59.178616	460
59.198889	515
59.219162	509
59.239435	448
59.259708	484
59.279981	462
59.300254	458
59.320527	439
59.3408	458
59.361073	467
59.381346	468
59.401619	495
59.421892	473
59.442165	453
59.462438	492
59.482711	479
59.502984	466
59.523257	481
59.54353	442
59.563803	435
59.584076	491
59.604349	472
59.624622	429
59.644895	485
59.665168	508
59.685441	482
59.705714	464
59.725987	433
59.74626	480
59.766533	479
59.786806	497
59.807079	430
59.827352	463
59.847625	433
59.867898	492
59.888171	508
59.908444	485
59.928717	444
59.94899	448
59.969263	436
59.989536	468
60.009809	434
60.030082	423
60.050355	453
60.070628	468
60.090901	454
60.111174	444
60.131447	441
60.15172	461
60.171993	411
60.192266	461
60.212539	473
60.232812	524
60.253085	451
60.273358	513
60.293631	493
60.313904	485
60.334177	458
60.35445	479
60.374723	463
60.394996	484
60.415269	466
60.435542	424
60.455815	450
60.476088	445
60.496361	516
60.516634	470
60.536907	482
60.55718	443
60.577453	442
60.597726	472
60.617999	496
60.638272	479
60.658545	450
60.678818	429
60.699091	465
60.719364	421
60.739637	444
60.75991	509
60.780183	420
60.800456	499
60.820729	421
60.841002	438
60.861275	445
60.881548	474
60.901821	472
60.922094	500
60.942367	417
60.96264	439
60.982913	505
61.003186	443
61.023459	431
61.043732	452
61.064005	433
61.084278	474
61.104551	425
61.124824	461
61.145097	462
61.16537	469
61.185643	454
61.205916	465
61.226189	500
61.246462	463
61.266735	469
61.287008	497
61.307281	454
61.327554	472
61.347827	512
61.3681	496
61.388373	437
61.408646	472
61.428919	468
61.449192	442
61.469465	433
61.489738	508
61.510011	496
61.530284	435
61.550557	498
61.57083	466
61.591103	492
61.611376	425
61.631649	490
61.651922	459
61.672195	447
61.692468	481
61.712741	475
61.733014	469
61.753287	429
61.77356	483
61.793833	505
61.814106	456
61.834379	430
61.854652	469
61.874925	466
61.895198	429
61.915471	491
61.935744	446
61.956017	483
61.97629	441
61.996563	466
62.016836	426
62.037109	450
62.057382	472
62.077655	435
62.097928	476
62.118201	497
62.138474	473
62.158747	439
62.17902	471
62.199293	446
62.219566	422
62.239839	448
62.260112	458
62.280385	457
62.300658	447
62.320931	463
62.341204	448
62.361477	443
62.38175	455
62.402023	468
62.422296	497
62.442569	411
62.462842	438
62.483115	409
62.503388	450
62.523661	487
62.543934	457
62.564207	409
62.58448	399
62.604753	434
62.625026	465
62.645299	488
62.665572	464
62.685845	468
62.706118	442
62.726391	468
62.746664	466
62.766937	506
62.78721	476
62.807483	420
62.827756	480
62.848029	468
62.868302	500
62.888575	425
62.908848	494
62.929121	485
62.949394	445
62.969667	472
62.98994	437
63.010213	424
63.030486	450
63.050759	464
63.071032	470
63.091305	470
63.111578	429
63.131851	481
63.152124	397
63.172397	464
63.19267	477
63.212943	433
63.233216	490
63.253489	445
63.273762	409
63.294035	428
63.314308	430
63.334581	442
63.354854	431
63.375127	465
63.3954	444
63.415673	399
63.435946	487
63.456219	420
63.476492	429
63.496765	405
63.517038	470
63.537311	425
63.557584	450
63.577857	458
63.59813	440
63.618403	403
63.638676	459
63.658949	421
63.679222	447
63.699495	424
63.719768	426
63.740041	423
63.760314	439
63.780587	481
63.80086	429
63.821133	438
63.841406	413
63.861679	419
63.881952	426
63.902225	480
63.922498	453
63.942771	414
63.963044	432
63.983317	477
64.00359	413
64.023863	404
64.044136	438
64.064409	415
64.084682	434
64.104955	484
64.125228	454
64.145501	433
64.165774	441
64.186047	448
64.20632	443
64.226593	442
64.246866	450
64.267139	445
64.287412	424
64.307685	475
64.327958	485
64.348231	426
64.368504	435
64.388777	451
64.40905	415
64.429323	454
64.449596	418
64.469869	426
64.490142	452
64.510415	450
64.530688	410
64.550961	442
64.571234	454
64.591507	455
64.61178	443
64.632053	389
64.652326	445
64.672599	415
64.692872	458
64.713145	444
64.733418	436
64.753691	414
64.773964	447
64.794237	422
64.81451	430
64.834783	405
64.855056	486
64.875329	453
64.895602	488
64.915875	386
64.936148	417
64.956421	407
64.976694	470
64.996967	414
65.01724	458
65.037513	462
65.057786	459
65.078059	486
65.098332	429
65.118605	396
65.138878	426
65.159151	435
65.179424	443
65.199697	389
65.21997	456
65.240243	435
65.260516	405
65.280789	459
65.301062	404
65.321335	416
65.341608	404
65.361881	465
65.382154	400
65.402427	393
65.4227	440
65.442973	462
65.463246	433
65.483519	427
65.503792	442
65.524065	421
65.544338	410
65.564611	467
65.584884	420
65.605157	436
65.62543	469
65.645703	420
65.665976	406
65.686249	412
65.706522	483
65.726795	428
65.747068	420
65.767341	437
65.787614	404
65.807887	478
65.82816	445
65.848433	435
65.868706	424
65.888979	447
65.909252	468
65.929525	391
65.949798	438
65.970071	430
65.990344	390
66.010617	400
66.03089	431
66.051163	437
66.071436	451
66.091709	410
66.111982	382
66.132255	437
66.152528	424
66.172801	413
66.193074	472
66.213347	386
66.23362	460
66.253893	454
66.274166	391
66.294439	406
66.314712	412
66.334985	406
66.355258	455
66.375531	432
66.395804	428
66.416077	440
66.43635	448
66.456623	386
66.476896	406
66.497169	417
66.517442	448
66.537715	391
66.557988	459
66.578261	447
66.598534	465
66.618807	437
66.63908	452
66.659353	450
66.679626	438
66.699899	444
66.720172	404
66.740445	389
66.760718	407
66.780991	436
66.801264	464
66.821537	391
66.84181	384
66.862083	441
66.882356	407
66.902629	407
66.922902	416
66.943175	442
66.963448	398
66.983721	437
67.003994	404
67.024267	447
67.04454	401
67.064813	396
67.085086	390
67.105359	431
67.125632	421
67.145905	451
67.166178	430
67.186451	421
67.206724	408
67.226997	410
67.24727	411
67.267543	459
67.287816	384
67.308089	437
67.328362	365
67.348635	414
67.368908	451
67.389181	385
67.409454	384
67.429727	465
67.45	462
67.470273	381
67.490546	445
67.510819	460
67.531092	425
67.551365	413
67.571638	386
67.591911	393
67.612184	417
67.632457	438
67.65273	398
67.673003	429
67.693276	422
67.713549	403
67.733822	405
67.754095	428
67.774368	375
67.794641	432
67.814914	372
67.835187	393
67.85546	411
67.875733	429
67.896006	445
67.916279	373
67.936552	455
67.956825	386
67.977098	368
67.997371	425
68.017644	449
68.037917	379
68.05819	435
68.078463	425
68.098736	426
68.119009	386
68.139282	452
68.159555	442
68.179828	441
68.200101	408
68.220374	374
68.240647	425
68.26092	422
68.281193	427
68.301466	389
68.321739	452
68.342012	432
68.362285	462
68.382558	399
68.402831	439
68.423104	391
68.443377	409
68.46365	369
68.483923	434
68.504196	418
68.524469	359
68.544742	447
68.565015	446
68.585288	454
68.605561	393
68.625834	431
68.646107	430
68.66638	426
68.686653	382
68.706926	415
68.727199	426
68.747472	419
68.767745	403
68.788018	432
68.808291	397
68.828564	416
68.848837	427
68.86911	385
68.889383	370
68.909656	422
68.929929	406
68.950202	416
68.970475	412
68.990748	411
69.011021	398
69.031294	397
69.051567	404
69.07184	419
69.092113	415
69.112386	414
69.132659	434
69.152932	427
69.173205	390
69.193478	402
69.213751	457
69.234024	398
69.254297	461
69.27457	416
69.294843	388
69.315116	426
69.335389	379
69.355662	396
69.375935	414
69.396208	385
69.416481	387
69.436754	442
69.457027	409
69.4773	409
69.497573	376
69.517846	395
69.538119	454
69.558392	387
69.578665	412
69.598938	425
69.619211	403
69.639484	396
69.659757	392
69.68003	430
69.700303	388
69.720576	362
69.740849	390
69.761122	385
69.781395	432
69.801668	371
69.821941	403
69.842214	407
69.862487	403
69.88276	430
69.903033	406
69.923306	428
69.943579	425
69.963852	447
69.984125	434
70.004398	397
70.024671	386
70.044944	443
70.065217	436
70.08549	423
70.105763	395
70.126036	394
70.146309	412
70.166582	407
70.186855	416
70.207128	419
70.227401	371
70.247674	406
70.267947	389
70.28822	350
70.308493	387
70.328766	360
70.349039	406
70.369312	411
70.389585	408
70.409858	451
70.430131	398
70.450404	385
70.470677	388
70.49095	412
70.511223	448
70.531496	402
70.551769	381
70.572042	418
70.592315	387
70.612588	429
70.632861	405
70.653134	420
70.673407	404
70.69368	447
70.713953	362
70.734226	373
70.754499	434
70.774772	352
70.795045	398
70.815318	381
70.835591	363
70.855864	420
70.876137	390
70.89641	439
70.916683	402
70.936956	432
70.957229	415
70.977502	370
70.997775	343
71.018048	428
71.038321	412
71.058594	338
71.078867	376
71.09914	400
71.119413	381
71.139686	410
71.159959	378
71.180232	388
71.200505	384
71.220778	406
71.241051	349
71.261324	367
71.281597	355
71.30187	367
71.322143	426
71.342416	391
71.362689	396
71.382962	422
71.403235	415
71.423508	385
71.443781	419
71.464054	415
71.484327	368
71.5046	395
71.524873	381
71.545146	364
71.565419	420
71.585692	443
71.605965	405
71.626238	375
71.646511	386
71.666784	392
71.687057	395
71.70733	387
71.727603	415
71.747876	346
71.768149	356
71.788422	380
71.808695	402
71.828968	369
71.849241	358
71.869514	366
71.889787	388
71.91006	359
71.930333	407
71.950606	362
71.970879	379
71.991152	354
72.011425	418
72.031698	405
72.051971	408
72.072244	379
72.092517	407
72.11279	348
72.133063	436
72.153336	375
72.173609	397
72.193882	410
72.214155	401
72.234428	364
72.254701	380
72.274974	378
72.295247	432
72.31552	383
72.335793	447
72.356066	372
72.376339	399
72.396612	362
72.416885	411
72.437158	380
72.457431	390
72.477704	416
72.497977	371
72.51825	365
72.538523	399
72.558796	420
72.579069	376
72.599342	441
72.619615	358
72.639888	349
72.660161	367
72.680434	365
72.700707	369
72.72098	434
72.741253	405
72.761526	421
72.781799	392
72.802072	369
72.822345	391
72.842618	374
72.862891	349
72.883164	380
72.903437	355
72.92371	389
72.943983	412
72.964256	361
72.984529	372
73.004802	372
73.025075	350
73.045348	435
73.065621	357
73.085894	400
73.106167	371
73.12644	387
73.146713	363
73.166986	367
73.187259	425
73.207532	406
73.227805	357
73.248078	384
73.268351	348
73.288624	420
73.308897	353
73.32917	340
73.349443	355
73.369716	418
73.389989	374
73.410262	397
73.430535	397
73.450808	385
73.471081	383
73.491354	339
73.511627	431
73.5319	379
73.552173	380
73.572446	415
73.592719	362
73.612992	362
73.633265	351
73.653538	390
73.673811	391
73.694084	364
73.714357	393
73.73463	328
73.754903	378
73.775176	398
73.795449	364
73.815722	431
73.835995	362
73.856268	384
73.876541	382
73.896814	345
73.917087	371
73.93736	413
73.957633	384
73.977906	351
73.998179	380
74.018452	366
74.038725	398
74.058998	377
74.079271	359
74.099544	377
74.119817	405
74.14009	418
74.160363	399
74.180636	419
74.200909	399
74.221182	392
74.241455	374
74.261728	361
74.282001	345
74.302274	410
74.322547	402
74.34282	365
74.363093	340
74.383366	338
74.403639	333
74.423912	359
74.444185	413
74.464458	356
74.484731	371
74.505004	376
74.525277	356
74.54555	353
74.565823	358
74.586096	333
74.606369	391
74.626642	340
74.646915	382
74.667188	336
74.687461	357
74.707734	347
74.728007	348
74.74828	333
74.768553	372
74.788826	396
74.809099	370
74.829372	351
74.849645	374
74.869918	413
74.890191	376
74.910464	380
74.930737	339
74.95101	375
74.971283	400
74.991556	357
75.011829	379
75.032102	373
75.052375	354
75.072648	394
75.092921	412
75.113194	364
75.133467	407
75.15374	348
75.174013	376
75.194286	348
75.214559	374
75.234832	349
75.255105	396
75.275378	394
75.295651	371
75.315924	342
75.336197	329
75.35647	404
75.376743	401
75.397016	385
75.417289	392
75.437562	369
75.457835	374
75.478108	368
75.498381	358
75.518654	341
75.538927	402
75.5592	395
75.579473	351
75.599746	411
75.620019	375
75.640292	398
75.660565	392
75.680838	394
75.701111	348
75.721384	323
75.741657	367
75.76193	388
75.782203	341
75.802476	372
75.822749	359
75.843022	359
75.863295	362
75.883568	360
75.903841	347
75.924114	394
75.944387	350
75.96466	394
75.984933	364
76.005206	363
76.025479	396
76.045752	335
76.066025	308
76.086298	372
76.106571	339
76.126844	385
76.147117	373
76.16739	340
76.187663	368
76.207936	359
76.228209	389
76.248482	352
76.268755	337
76.289028	365
76.309301	393
76.329574	340
76.349847	392
76.37012	327
76.390393	386
76.410666	341
76.430939	338
76.451212	368
76.471485	357
76.491758	366
76.512031	323
76.532304	369
76.552577	387
76.57285	403
76.593123	372
76.613396	406
76.633669	358
76.653942	335
76.674215	322
76.694488	374
76.714761	397
76.735034	307
76.755307	402
76.77558	353
76.795853	346
76.816126	361
76.836399	398
76.856672	311
76.876945	358
76.897218	314
76.917491	360
76.937764	375
76.958037	360
76.97831	352
76.998583	335
77.018856	350
77.039129	367
77.059402	327
77.079675	366
77.099948	325
77.120221	329
77.140494	408
77.160767	368
77.18104	354
77.201313	371
77.221586	353
77.241859	340
77.262132	375
77.282405	310
77.302678	359
77.322951	368
77.343224	383
77.363497	372
77.38377	362
77.404043	331
77.424316	357
77.444589	348
77.464862	337
77.485135	349
77.505408	349
77.525681	383
77.545954	386
77.566227	410
77.5865	315
77.606773	394
77.627046	363
77.647319	328
77.667592	358
77.687865	364
77.708138	341
77.728411	377
77.748684	333
77.768957	334
77.78923	366
77.809503	368
77.829776	334
77.850049	354
77.870322	377
77.890595	331
77.910868	349
77.931141	378
77.951414	334
77.971687	347
77.99196	403
78.012233	328
78.032506	380
78.052779	303
78.073052	339
78.093325	340
78.113598	353
78.133871	386
78.154144	338
78.174417	298
78.19469	388
78.214963	352
78.235236	333
78.255509	349
78.275782	363
78.296055	354
78.316328	320
78.336601	299
78.356874	357
78.377147	374
78.39742	362
78.417693	376
78.437966	347
78.458239	368
78.478512	380
78.498785	327
78.519058	299
78.539331	343
78.559604	354
78.579877	376
78.60015	318
78.620423	336
78.640696	363
78.660969	345
78.681242	383
78.701515	334
78.721788	291
78.742061	345
78.762334	386
78.782607	376
78.80288	300
78.823153	335
78.843426	334
78.863699	351
78.883972	343
78.904245	375
78.924518	345
78.944791	317
78.965064	360
78.985337	374
79.00561	370
79.025883	353
79.046156	342
79.066429	331
79.086702	376
79.106975	335
79.127248	338
79.147521	336
79.167794	353
79.188067	363
79.20834	312
79.228613	341
79.248886	336
79.269159	336
79.289432	296
79.309705	328
79.329978	341
79.350251	393
79.370524	302
79.390797	313
79.41107	351
79.431343	347
79.451616	329
79.471889	367
79.492162	301
79.512435	342
79.532708	335
79.552981	353
79.573254	354
79.593527	361
79.6138	369
79.634073	360
79.654346	357
79.674619	333
79.694892	316
79.715165	319
79.735438	295
79.755711	328
79.775984	346
79.796257	324
79.81653	379
79.836803	360
79.857076	288
79.877349	334
79.897622	373
79.917895	343
79.938168	334
79.958441	354
79.978714	329
79.998987	346
80.01926	289