10.097683	10
10.117956	6
10.138229	10
10.158502	0
10.178775	9
10.199048	7
10.219321	4
10.239594	3
10.259867	2
10.28014	-2
10.300413	-1
10.320686	11
10.340959	3
10.361232	11
10.381505	3
10.401778	6
10.422051	11
10.442324	5
10.462597	1
10.48287	-2
10.503143	11
10.523416	-1
10.543689	14
10.563962	12
10.584235	10
10.604508	-1
10.624781	12
10.645054	15
10.665327	7
10.6856	6
10.705873	6
10.726146	18
10.746419	18
10.766692	9
10.786965	11
10.807238	11
10.827511	3
10.847784	-2
10.868057	-2
10.88833	-6
10.908603	-5
10.928876	-1
10.949149	3
10.969422	1
10.989695	0
11.009968	-5
11.030241	-11
11.050514	3
11.070787	-7
11.09106	-1
11.111333	-4
11.131606	3
11.151879	0
11.172152	1
11.192425	-5
11.212698	4
11.232971	1
11.253244	1
11.273517	-7
11.29379	-10
11.314063	-2
11.334336	4
11.354609	4
11.374882	0
11.395155	5
11.415428	16
11.435701	18
11.455974	8
11.476247	10
11.49652	19
11.516793	10
11.537066	20
11.557339	9
11.577612	11
11.597885	12
11.618158	5
11.638431	9
11.658704	-4
11.678977	-1
11.69925	3
11.719523	-9
11.739796	-1
11.760069	0
11.780342	-2
11.800615	-1
11.820888	-1
11.841161	1
11.861434	0
11.881707	-2
11.90198	2
11.922253	2
11.942526	3
11.962799	1
11.983072	3
12.003345	-5
12.023618	4
12.043891	1
12.064164	-1
12.084437	-3
12.10471	5
12.124983	5
12.145256	-5
12.165529	5
12.185802	8
12.206075	12
12.226348	6
12.246621	8
12.266894	10
12.287167	18
12.30744	7
12.327713	-7
12.347986	6
12.368259	0
12.388532	-1
12.408805	9
12.429078	-4
12.449351	5
12.469624	5
12.489897	-2
12.51017	5
12.530443	5
12.550716	13
12.570989	0
12.591262	-4
12.611535	-2
12.631808	3
12.652081	-6
12.672354	5
12.692627	0
12.7129	1
12.733173	-8
12.753446	2
12.773719	2
12.793992	5
12.814265	8
12.834538	4
12.854811	9
12.875084	-4
12.895357	10
12.91563	-6
12.935903	3
12.956176	3
12.976449	5
12.996722	15
13.016995	10
13.037268	12
13.057541	9
13.077814	1
13.098087	15
13.11836	4
13.138633	10
13.158906	4
13.179179	8
13.199452	8
13.219725	14
13.239998	9
13.260271	8
13.280544	3
13.300817	4
13.32109	6
13.341363	4
13.361636	6
13.381909	3
13.402182	5
13.422455	14
13.442728	12
13.463001	11
13.483274	0
13.503547	0
13.52382	8
13.544093	-1
13.564366	7
13.584639	2
13.604912	17
13.625185	7
13.645458	8
13.665731	10
13.686004	5
13.706277	8
13.72655	2
13.746823	5
13.767096	12
13.787369	-1
13.807642	7
13.827915	4
13.848188	7
13.868461	7
13.888734	-1
13.909007	4
13.92928	0
13.949553	13
13.969826	11
13.990099	-2
14.010372	13
14.030645	-2
14.050918	-5
14.071191	9
14.091464	3
14.111737	9
14.13201	7
14.152283	0
14.172556	5
14.192829	-8
14.213102	10
14.233375	0
14.253648	1
14.273921	2
14.294194	-7
14.314467	4
14.33474	13
14.355013	11
14.375286	14
14.395559	9
14.415832	7
14.436105	4
14.456378	-1
14.476651	2
14.496924	10
14.517197	10
14.53747	0
14.557743	8
14.578016	4
14.598289	10
14.618562	5
14.638835	-1
14.659108	2
14.679381	8
14.699654	0
14.719927	15
14.7402	7
14.760473	5
14.780746	12
14.801019	13
14.821292	10
14.841565	-5
14.861838	-1
14.882111	16
14.902384	5
14.922657	13
14.94293	12
14.963203	17
14.983476	-1
15.003749	5
15.024022	6
15.044295	6
15.064568	2
15.084841	14
15.105114	10
15.125387	8
15.14566	10
15.165933	4
15.186206	2
15.206479	1
15.226752	3
15.247025	9
15.267298	8
15.287571	3
15.307844	10
15.328117	11
15.34839	-1
15.368663	8
15.388936	-2
15.409209	4
15.429482	20
15.449755	-6
15.470028	0
15.490301	4
15.510574	13
15.530847	1
15.55112	10
15.571393	6
15.591666	3
15.611939	3
15.632212	-5
15.652485	0
15.672758	2
15.693031	3
15.713304	0
15.733577	3
15.75385	9
15.774123	4
15.794396	2
15.814669	4
15.834942	4
15.855215	-1
15.875488	9
15.895761	11
15.916034	11
15.936307	6
15.95658	6
15.976853	16
15.997126	11
16.017399	14
16.037672	5
16.057945	8
16.078218	11
16.098491	8
16.118764	0
16.139037	13
16.15931	10
16.179583	11
16.199856	7
16.220129	12
16.240402	13
16.260675	4
16.280948	10
16.301221	4
16.321494	16
16.341767	7
16.36204	4
16.382313	10
16.402586	10
16.422859	3
16.443132	8
16.463405	6
16.483678	4
16.503951	7
16.524224	3
16.544497	6
16.56477	6
16.585043	3
16.605316	5
16.625589	-3
16.645862	3
16.666135	9
16.686408	5
16.706681	14
16.726954	7
16.747227	3
16.7675	3
16.787773	8
16.808046	10
16.828319	1
16.848592	9
16.868865	3
16.889138	3
16.909411	11
16.929684	18
16.949957	13
16.97023	8
16.990503	3
17.010776	3
17.031049	11
17.051322	4
17.071595	-1
17.091868	7
17.112141	12
17.132414	8
17.152687	6
17.17296	6
17.193233	8
17.213506	1
17.233779	-3
17.254052	5
17.274325	-2
17.294598	0
17.314871	7
17.335144	8
17.355417	6
17.37569	-5
17.395963	0
17.416236	-1
17.436509	2
17.456782	-9
17.477055	0
17.497328	-4
17.517601	5
17.537874	-1
17.558147	-2
17.57842	8
17.598693	-6
17.618966	3
17.639239	3
17.659512	8
17.679785	5
17.700058	0
17.720331	-3
17.740604	3
17.760877	8
17.78115	2
17.801423	3
17.821696	0
17.841969	3
17.862242	-12
17.882515	7
17.902788	7
17.923061	6
17.943334	1
17.963607	9
17.98388	-10
18.004153	-4
18.024426	2
18.044699	2
18.064972	-7
18.085245	2
18.105518	8
18.125791	12
18.146064	5
18.166337	4
18.18661	-2
18.206883	-3
18.227156	-1
18.247429	-1
18.267702	-1
18.287975	-9
18.308248	-9
18.328521	-6
18.348794	-2
18.369067	7
18.38934	-3
18.409613	-8
18.429886	-12
18.450159	-5
18.470432	-4
18.490705	4
18.510978	-7
18.531251	-10
18.551524	-13
18.571797	-5
18.59207	-8
18.612343	11
18.632616	-5
18.652889	12
18.673162	13
18.693435	10
18.713708	5
18.733981	-5
18.754254	0
18.774527	-9
18.7948	-7
18.815073	-9
18.835346	-10
18.855619	-1
18.875892	-1
18.896165	-7
18.916438	-10
18.936711	-5
18.956984	-5
18.977257	3
18.99753	-1
19.017803	-2
19.038076	-6
19.058349	-10
19.078622	-5
19.098895	-11
19.119168	-8
19.139441	1
19.159714	-5
19.179987	-2
19.20026	-7
19.220533	-10
19.240806	1
19.261079	-9
19.281352	12
19.301625	6
19.321898	7
19.342171	11
19.362444	4
19.382717	6
19.40299	2
19.423263	-4
19.443536	-4
19.463809	4
19.484082	5
19.504355	6
19.524628	6
19.544901	-1
19.565174	-7
19.585447	0
19.60572	5
19.625993	-2
19.646266	-5
19.666539	7
19.686812	-5
19.707085	-4
19.727358	-3
19.747631	0
19.767904	-2
19.788177	6
19.80845	-2
19.828723	-2
19.848996	3
19.869269	-4
19.889542	5
19.909815	-2
19.930088	5
19.950361	5
19.970634	-8
19.990907	17
20.01118	3
20.031453	7
20.051726	2
20.071999	1
20.092272	3
20.112545	-3
20.132818	7
20.153091	1
20.173364	0
20.193637	2
20.21391	7
20.234183	9
20.254456	12
20.274729	0
20.295002	-5
20.315275	10
20.335548	3
20.355821	3
20.376094	10
20.396367	8
20.41664	1
20.436913	8
20.457186	8
20.477459	10
20.497732	12
20.518005	0
20.538278	7
20.558551	5
20.578824	3
20.599097	1
20.61937	6
20.639643	1
20.659916	5
20.680189	8
20.700462	10
20.720735	12
20.741008	4
20.761281	2
20.781554	7
20.801827	-3
20.8221	0
20.842373	14
20.862646	7
20.882919	-4
20.903192	4
20.923465	-4
20.943738	5
20.964011	4
20.984284	15
21.004557	0
21.02483	-2
21.045103	0
21.065376	-3
21.085649	14
21.105922	2
21.126195	4
21.146468	-3
21.166741	7
21.187014	4
21.207287	10
21.22756	4
21.247833	1
21.268106	8
21.288379	3
21.308652	9
21.328925	0
21.349198	1
21.369471	-3
21.389744	-2
21.410017	9
21.43029	4
21.450563	0
21.470836	0
21.491109	4
21.511382	10
21.531655	15
21.551928	9
21.572201	4
21.592474	-10
21.612747	2
21.63302	-4
21.653293	3
21.673566	11
21.693839	9
21.714112	1
21.734385	7
21.754658	11
21.774931	13
21.795204	-4
21.815477	-4
21.83575	-2
21.856023	0
21.876296	14
21.896569	7
21.916842	-8
21.937115	2
21.957388	10
21.977661	-1
21.997934	13
22.018207	-7
22.03848	11
22.058753	11
22.079026	15
22.099299	10
22.119572	-5
22.139845	-4
22.160118	2
22.180391	5
22.200664	-2
22.220937	4
22.24121	5
22.261483	2
22.281756	3
22.302029	-4
22.322302	9
22.342575	16
22.362848	-1
22.383121	9
22.403394	-8
22.423667	-1
22.44394	4
22.464213	-1
22.484486	-4
22.504759	-3
22.525032	6
22.545305	7
22.565578	8
22.585851	0
22.606124	7
22.626397	-2
22.64667	7
22.666943	19
22.687216	6
22.707489	1
22.727762	7
22.748035	2
22.768308	3
22.788581	4
22.808854	3
22.829127	8
22.8494	4
22.869673	-2
22.889946	11
22.910219	8
22.930492	11
22.950765	-2
22.971038	5
22.991311	2
23.011584	5
23.031857	4
23.05213	2
23.072403	4
23.092676	-7
23.112949	4
23.133222	8
23.153495	10
23.173768	7
23.194041	2
23.214314	8
23.234587	0
23.25486	6
23.275133	16
23.295406	3
23.315679	4
23.335952	-1
23.356225	9
23.376498	7
23.396771	4
23.417044	10
23.437317	5
23.45759	0
23.477863	8
23.498136	4
23.518409	5
23.538682	7
23.558955	11
23.579228	3
23.599501	13
23.619774	6
23.640047	12
23.66032	4
23.680593	-4
23.700866	5
23.721139	1
23.741412	7
23.761685	1
23.781958	4
23.802231	10
23.822504	-4
23.842777	8
23.86305	2
23.883323	10
23.903596	2
23.923869	4
23.944142	11
23.964415	10
23.984688	-2
24.004961	2
24.025234	8
24.045507	5
24.06578	19
24.086053	1
24.106326	2
24.126599	1
24.146872	3
24.167145	1
24.187418	9
24.207691	11
24.227964	5
24.248237	5
24.26851	6
24.288783	9
24.309056	11
24.329329	-8
24.349602	-4
24.369875	11
24.390148	-1
24.410421	5
24.430694	5
24.450967	14
24.47124	4
24.491513	11
24.511786	-8
24.532059	1
24.552332	8
24.572605	6
24.592878	-8
24.613151	10
24.633424	-4
24.653697	-6
24.67397	-1
24.694243	11
24.714516	-5
24.734789	7
24.755062	7
24.775335	2
24.795608	6
24.815881	-7
24.836154	18
24.856427	3
24.8767	0
24.896973	9
24.917246	3
24.937519	4
24.957792	-9
24.978065	3
24.998338	6
25.018611	5
25.038884	16
25.059157	12
25.07943	9
25.099703	9
25.119976	-6
25.140249	9
25.160522	4
25.180795	16
25.201068	14
25.221341	20
25.241614	15
25.261887	12
25.28216	23
25.302433	10
25.322706	20
25.342979	7
25.363252	6
25.383525	17
25.403798	8
25.424071	16
25.444344	6
25.464617	6
25.48489	7
25.505163	9
25.525436	14
25.545709	13
25.565982	9
25.586255	16
25.606528	12
25.626801	16
25.647074	8
25.667347	8
25.68762	-1
25.707893	10
25.728166	8
25.748439	8
25.768712	13
25.788985	6
25.809258	14
25.829531	7
25.849804	5
25.870077	7
25.89035	1
25.910623	-3
25.930896	9
25.951169	-1
25.971442	0
25.991715	-5
26.011988	4
26.032261	8
26.052534	-7
26.072807	6
26.09308	-1
26.113353	7
26.133626	4
26.153899	4
26.174172	-1
26.194445	1
26.214718	6
26.234991	11
26.255264	14
26.275537	1
26.29581	16
26.316083	1
26.336356	3
26.356629	0
26.376902	13
26.397175	13
26.417448	9
26.437721	10
26.457994	13
26.478267	12
26.49854	7
26.518813	12
26.539086	-2
26.559359	15
26.579632	-3
26.599905	12
26.620178	13
26.640451	11
26.660724	2
26.680997	7
26.70127	9
26.721543	11
26.741816	11
26.762089	0
26.782362	-3
26.802635	4
26.822908	8
26.843181	18
26.863454	7
26.883727	6
26.904	4
26.924273	2
26.944546	3
26.964819	6
26.985092	13
27.005365	3
27.025638	10
27.045911	3
27.066184	8
27.086457	8
27.10673	5
27.127003	1
27.147276	14
27.167549	12
27.187822	1
27.208095	18
27.228368	8
27.248641	4
27.268914	6
27.289187	5
27.30946	21
27.329733	5
27.350006	7
27.370279	3
27.390552	20
27.410825	17
27.431098	11
27.451371	3
27.471644	13
27.491917	9
27.51219	4
27.532463	19
27.552736	6
27.573009	11
27.593282	-4
27.613555	1
27.633828	13
27.654101	14
27.674374	2
27.694647	6
27.71492	10
27.735193	11
27.755466	9
27.775739	3
27.796012	10
27.816285	13
27.836558	7
27.856831	11
27.877104	5
27.897377	12
27.91765	-9
27.937923	-2
27.958196	-2
27.978469	0
27.998742	10
28.019015	-7
28.039288	4
28.059561	-1
28.079834	3
28.100107	3
28.12038	-1
28.140653	-8
28.160926	3
28.181199	6
28.201472	0
28.221745	10
28.242018	1
28.262291	-8
28.282564	-2
28.302837	5
28.32311	2
28.343383	6
28.363656	-6
28.383929	-10
28.404202	-5
28.424475	-6
28.444748	0
28.465021	2
28.485294	6
28.505567	-4
28.52584	-5
28.546113	-4
28.566386	-2
28.586659	8
28.606932	0
28.627205	6
28.647478	10
28.667751	8
28.688024	13
28.708297	14
28.72857	15
28.748843	12
28.769116	15
28.789389	12
28.809662	11
28.829935	14
28.850208	11
28.870481	21
28.890754	14
28.911027	13
28.9313	9
28.951573	-4
28.971846	10
28.992119	0
29.012392	0
29.032665	1
29.052938	6
29.073211	0
29.093484	-3
29.113757	16
29.13403	11
29.154303	14
29.174576	13
29.194849	21
29.215122	9
29.235395	17
29.255668	7
29.275941	17
29.296214	12
29.316487	-3
29.33676	8
29.357033	17
29.377306	14
29.397579	7
29.417852	7
29.438125	14
29.458398	19
29.478671	17
29.498944	15
29.519217	5
29.53949	18
29.559763	17
29.580036	7
29.600309	14
29.620582	2
29.640855	5
29.661128	6
29.681401	-1
29.701674	2
29.721947	10
29.74222	-3
29.762493	5
29.782766	1
29.803039	3
29.823312	4
29.843585	8
29.863858	4
29.884131	5
29.904404	10
29.924677	-2
29.94495	9
29.965223	2
29.985496	1
30.005769	10
30.026042	13
30.046315	11
30.066588	16
30.086861	6
30.107134	8
30.127407	3
30.14768	7
30.167953	7
30.188226	1
30.208499	5
30.228772	4
30.249045	3
30.269318	7
30.289591	8
30.309864	-2
30.330137	4
30.35041	-4
30.370683	2
30.390956	2
30.411229	3
30.431502	-2
30.451775	19
30.472048	7
30.492321	4
30.512594	17
30.532867	1
30.55314	4
30.573413	11
30.593686	-5
30.613959	12
30.634232	4
30.654505	-8
30.674778	1
30.695051	-2
30.715324	17
30.735597	0
30.75587	2
30.776143	11
30.796416	11
30.816689	4
30.836962	13
30.857235	16
30.877508	12
30.897781	8
30.918054	7
30.938327	12
30.9586	6
30.978873	5
30.999146	12
31.019419	6
31.039692	16
31.059965	8
31.080238	11
31.100511	12
31.120784	14
31.141057	5
31.16133	2
31.181603	6
31.201876	8
31.222149	13
31.242422	6
31.262695	9
31.282968	12
31.303241	13
31.323514	6
31.343787	5
31.36406	13
31.384333	-1
31.404606	4
31.424879	11
31.445152	13
31.465425	7
31.485698	14
31.505971	6
31.526244	1
31.546517	13
31.56679	9
31.587063	7
31.607336	13
31.627609	1
31.647882	8
31.668155	6
31.688428	9
31.708701	4
31.728974	3
31.749247	2
31.76952	12
31.789793	4
31.810066	1
31.830339	-8
31.850612	4
31.870885	5
31.891158	5
31.911431	1
31.931704	6
31.951977	3
31.97225	5
31.992523	4
32.012796	10
32.033069	11
32.053342	-2
32.073615	6
32.093888	8
32.114161	2
32.134434	9
32.154707	16
32.17498	8
32.195253	13
32.215526	1
32.235799	6
32.256072	-2
32.276345	9
32.296618	8
32.316891	0
32.337164	3
32.357437	7
32.37771	7
32.397983	0
32.418256	8
32.438529	1
32.458802	1
32.479075	11
32.499348	6
32.519621	5
32.539894	12
32.560167	6
32.58044	7
32.600713	12
32.620986	3
32.641259	-1
32.661532	8
32.681805	4
32.702078	8
32.722351	1
32.742624	-1
32.762897	-3
32.78317	6
32.803443	8
32.823716	3
32.843989	5
32.864262	7
32.884535	6
32.904808	10
32.925081	6
32.945354	8
32.965627	8
32.9859	7
33.006173	-1
33.026446	6
33.046719	6
33.066992	8
33.087265	3
33.107538	2
33.127811	14
33.148084	-7
33.168357	14
33.18863	1
33.208903	2
33.229176	5
33.249449	11
33.269722	5
33.289995	-7
33.310268	12
33.330541	4
33.350814	5
33.371087	2
33.39136	1
33.411633	6
33.431906	10
33.452179	16
33.472452	3
33.492725	9
33.512998	2
33.533271	16
33.553544	9
33.573817	5
33.59409	3
33.614363	1
33.634636	3
33.654909	3
33.675182	9
33.695455	2
33.715728	2
33.736001	2
33.756274	2
33.776547	3
33.79682	2
33.817093	8
33.837366	6
33.857639	-1
33.877912	4
33.898185	1
33.918458	-2
33.938731	2
33.959004	5
33.979277	6
33.99955	-7
34.019823	13
34.040096	-4
34.060369	-5
34.080642	-5
34.100915	5
34.121188	1
34.141461	7
34.161734	4
34.182007	1
34.20228	1
34.222553	0
34.242826	5
34.263099	4
34.283372	10
34.303645	2
34.323918	11
34.344191	5
34.364464	7
34.384737	8
34.40501	6
34.425283	4
34.445556	-1
34.465829	7
34.486102	1
34.506375	2
34.526648	3
34.546921	6
34.567194	11
34.587467	-3
34.60774	10
34.628013	9
34.648286	9
34.668559	3
34.688832	11
34.709105	0
34.729378	3
34.749651	4
34.769924	-1
34.790197	-1
34.81047	7
34.830743	9
34.851016	-1
34.871289	7
34.891562	5
34.911835	4
34.932108	6
34.952381	3
34.972654	8
34.992927	7
35.0132	-5
35.033473	0
35.053746	5
35.074019	7
35.094292	4
35.114565	12
35.134838	5
35.155111	1
35.175384	2
35.195657	-1
35.21593	-5
35.236203	0
35.256476	2
35.276749	10
35.297022	5
35.317295	2
35.337568	6
35.357841	5
35.378114	0
35.398387	3
35.41866	-7
35.438933	5
35.459206	-7
35.479479	10
35.499752	9
35.520025	6
35.540298	10
35.560571	6
35.580844	5
35.601117	-6
35.62139	10
35.641663	3
35.661936	7
35.682209	10
35.702482	2
35.722755	13
35.743028	7
35.763301	4
35.783574	-5
35.803847	1
35.82412	9
35.844393	5
35.864666	4
35.884939	14
35.905212	3
35.925485	3
35.945758	5
35.966031	6
35.986304	8
36.006577	7
36.02685	8
36.047123	13
36.067396	5
36.087669	7
36.107942	1
36.128215	3
36.148488	3
36.168761	13
36.189034	0
36.209307	0
36.22958	0
36.249853	7
36.270126	8
36.290399	6
36.310672	7
36.330945	1
36.351218	1
36.371491	10
36.391764	5
36.412037	-4
36.43231	8
36.452583	-1
36.472856	4
36.493129	5
36.513402	5
36.533675	2
36.553948	2
36.574221	6
36.594494	11
36.614767	8
36.63504	5
36.655313	9
36.675586	7
36.695859	-2
36.716132	0
36.736405	-3
36.756678	4
36.776951	8
36.797224	6
36.817497	2
36.83777	0
36.858043	-5
36.878316	6
36.898589	0
36.918862	6
36.939135	0
36.959408	8
36.979681	-1
36.999954	11
37.020227	2
37.0405	3
37.060773	3
37.081046	-3
37.101319	6
37.121592	6
37.141865	3
37.162138	-1
37.182411	6
37.202684	-1
37.222957	12
37.24323	3
37.263503	3
37.283776	3
37.304049	-3
37.324322	1
37.344595	3
37.364868	-6
37.385141	7
37.405414	1
37.425687	5
37.44596	4
37.466233	2
37.486506	4
37.506779	7
37.527052	3
37.547325	2
37.567598	3
37.587871	8
37.608144	1
37.628417	1
37.64869	-1
37.668963	3
37.689236	5
37.709509	6
37.729782	0
37.750055	5
37.770328	-1
37.790601	2
37.810874	-5
37.831147	6
37.85142	9
37.871693	8
37.891966	7
37.912239	4
37.932512	2
37.952785	4
37.973058	10
37.993331	7
38.013604	8
38.033877	-1
38.05415	3
38.074423	3
38.094696	0
38.114969	1
38.135242	-4
38.155515	-4
38.175788	-3
38.196061	-5
38.216334	1
38.236607	1
38.25688	-3
38.277153	-4
38.297426	5
38.317699	-5
38.337972	-1
38.358245	-1
38.378518	-2
38.398791	12
38.419064	1
38.439337	0
38.45961	1
38.479883	4
38.500156	7
38.520429	4
38.540702	3
38.560975	3
38.581248	7
38.601521	6
38.621794	-5
38.642067	5
38.66234	-1
38.682613	6
38.702886	9
38.723159	0
38.743432	-1
38.763705	2
38.783978	-5
38.804251	-2
38.824524	7
38.844797	5
38.86507	3
38.885343	6
38.905616	-3
38.925889	2
38.946162	-1
38.966435	-1
38.986708	-2
39.006981	-2
39.027254	8
39.047527	1
39.0678	4
39.088073	5
39.108346	-1
39.128619	4
39.148892	7
39.169165	9
39.189438	1
39.209711	1
39.229984	-3
39.250257	3
39.27053	1
39.290803	9
39.311076	3
39.331349	7
39.351622	5
39.371895	-1
39.392168	-2
39.412441	0
39.432714	3
39.452987	-4
39.47326	5
39.493533	-1
39.513806	8
39.534079	0
39.554352	-1
39.574625	-3
39.594898	2
39.615171	0
39.635444	-1
39.655717	-3
39.67599	1
39.696263	10
39.716536	1
39.736809	3
39.757082	-3
39.777355	4
39.797628	5
39.817901	-3
39.838174	2
39.858447	1
39.87872	1
39.898993	1
39.919266	2
39.939539	6
39.959812	2
39.980085	5
40.000358	6
40.020631	14
40.040904	0
40.061177	3
40.08145	3
40.101723	4
40.121996	9
40.142269	0
40.162542	4
40.182815	-1
40.203088	-5
40.223361	-2
40.243634	3
40.263907	3
40.28418	-1
40.304453	6
40.324726	0
40.344999	2
40.365272	-1
40.385545	9
40.405818	0
40.426091	1
40.446364	8
40.466637	1
40.48691	-4
40.507183	4
40.527456	-1
40.547729	3
40.568002	5
40.588275	2
40.608548	-7
40.628821	10
40.649094	10
40.669367	2
40.68964	6
40.709913	4
40.730186	3
40.750459	-4
40.770732	4
40.791005	0
40.811278	-5
40.831551	9
40.851824	3
40.872097	4
40.89237	-3
40.912643	2
40.932916	8
40.953189	10
40.973462	-1
40.993735	-1
41.014008	1
41.034281	2
41.054554	5
41.074827	6
41.0951	9
41.115373	1
41.135646	7
41.155919	4
41.176192	-3
41.196465	7
41.216738	10
41.237011	1
41.257284	1
41.277557	5
41.29783	-6
41.318103	-5
41.338376	6
41.358649	5
41.378922	6
41.399195	1
41.419468	5
41.439741	1
41.460014	3
41.480287	0
41.50056	1
41.520833	-3
41.541106	2
41.561379	5
41.581652	3
41.601925	0
41.622198	3
41.642471	0
41.662744	2
41.683017	-4
41.70329	-3
41.723563	5
41.743836	5
41.764109	3
41.784382	5
41.804655	1
41.824928	3
41.845201	0
41.865474	-5
41.885747	4
41.90602	8
41.926293	5
41.946566	-2
41.966839	-2
41.987112	-1
42.007385	3
42.027658	4
42.047931	4
42.068204	3
42.088477	0
42.10875	2
42.129023	7
42.149296	6
42.169569	4
42.189842	-1
42.210115	5
42.230388	8
42.250661	0
42.270934	-6
42.291207	5
42.31148	1
42.331753	3
42.352026	-4
42.372299	5
42.392572	-1
42.412845	-1
42.433118	8
42.453391	-2
42.473664	5
42.493937	7
42.51421	10
42.534483	3
42.554756	2
42.575029	4
42.595302	0
42.615575	-3
42.635848	1
42.656121	1
42.676394	2
42.696667	-1
42.71694	1
42.737213	1
42.757486	4
42.777759	5
42.798032	-2
42.818305	0
42.838578	7
42.858851	-1
42.879124	-2
42.899397	3
42.91967	5
42.939943	2
42.960216	4
42.980489	5
43.000762	-3
43.021035	1
43.041308	8
43.061581	4
43.081854	0
43.102127	-1
43.1224	2
43.142673	1
43.162946	0
43.183219	-1
43.203492	7
43.223765	1
43.244038	3
43.264311	2
43.284584	-1
43.304857	-2
43.32513	-4
43.345403	1
43.365676	-9
43.385949	4
43.406222	4
43.426495	3
43.446768	-2
43.467041	2
43.487314	4
43.507587	-4
43.52786	2
43.548133	13
43.568406	4
43.588679	-1
43.608952	8
43.629225	1
43.649498	3
43.669771	4
43.690044	1
43.710317	3
43.73059	1
43.750863	-1
43.771136	1
43.791409	-1
43.811682	4
43.831955	-3
43.852228	6
43.872501	-2
43.892774	-2
43.913047	0
43.93332	0
43.953593	0
43.973866	-1
43.994139	2
44.014412	1
44.034685	4
44.054958	5
44.075231	7
44.095504	-1
44.115777	0
44.13605	4
44.156323	0
44.176596	3
44.196869	4
44.217142	3
44.237415	5
44.257688	5
44.277961	3
44.298234	7
44.318507	1
44.33878	-3
44.359053	5
44.379326	4
44.399599	5
44.419872	-5
44.440145	3
44.460418	-1
44.480691	2
44.500964	2
44.521237	-4
44.54151	0
44.561783	2
44.582056	4
44.602329	-2
44.622602	1
44.642875	-1
44.663148	4
44.683421	4
44.703694	7
44.723967	6
44.74424	-5
44.764513	4
44.784786	11
44.805059	-3
44.825332	1
44.845605	9
44.865878	8
44.886151	3
44.906424	6
44.926697	2
44.94697	1
44.967243	9
44.987516	1
45.007789	-3
45.028062	3
45.048335	1
45.068608	4
45.088881	7
45.109154	2
45.129427	1
45.1497	2
45.169973	-7
45.190246	1
45.210519	2
45.230792	4
45.251065	0
45.271338	2
45.291611	3
45.311884	4
45.332157	3
45.35243	0
45.372703	3
45.392976	3
45.413249	3
45.433522	5
45.453795	3
45.474068	4
45.494341	7
45.514614	1
45.534887	0
45.55516	1
45.575433	4
45.595706	2
45.615979	-1
45.636252	11
45.656525	2
45.676798	2
45.697071	5
45.717344	2
45.737617	-4
45.75789	1
45.778163	4
45.798436	3
45.818709	5
45.838982	8
45.859255	3
45.879528	0
45.899801	3
45.920074	1
45.940347	3
45.96062	10
45.980893	8
46.001166	-2
46.021439	9
46.041712	1
46.061985	9
46.082258	4
46.102531	2
46.122804	7
46.143077	2
46.16335	1
46.183623	2
46.203896	13
46.224169	1
46.244442	5
46.264715	2
46.284988	7
46.305261	7
46.325534	-1
46.345807	5
46.36608	2
46.386353	-1
46.406626	2
46.426899	1
46.447172	-5
46.467445	4
46.487718	2
46.507991	4
46.528264	-2
46.548537	4
46.56881	-1
46.589083	1
46.609356	-2
46.629629	2
46.649902	-3
46.670175	8
46.690448	3
46.710721	-3
46.730994	-1
46.751267	-1
46.77154	0
46.791813	0
46.812086	5
46.832359	0
46.852632	1
46.872905	-1
46.893178	1
46.913451	0
46.933724	1
46.953997	6
46.97427	-6
46.994543	0
47.014816	4
47.035089	8
47.055362	-2
47.075635	1
47.095908	7
47.116181	0
47.136454	2
47.156727	8
47.177	9
47.197273	3
47.217546	1
47.237819	3
47.258092	-7
47.278365	4
47.298638	-1
47.318911	-4
47.339184	-2
47.359457	1
47.37973	7
47.400003	2
47.420276	2
47.440549	1
47.460822	0
47.481095	-3
47.501368	-6
47.521641	0
47.541914	5
47.562187	2
47.58246	6
47.602733	7
47.623006	-3
47.643279	0
47.663552	7
47.683825	-2
47.704098	6
47.724371	-7
47.744644	5
47.764917	5
47.78519	5
47.805463	5
47.825736	1
47.846009	3
47.866282	6
47.886555	4
47.906828	4
47.927101	7
47.947374	6
47.967647	8
47.98792	1
48.008193	4
48.028466	4
48.048739	9
48.069012	4
48.089285	7
48.109558	0
48.129831	3
48.150104	1
48.170377	5
48.19065	3
48.210923	8
48.231196	6
48.251469	1
48.271742	-1
48.292015	4
48.312288	4
48.332561	3
48.352834	2
48.373107	5
48.39338	2
48.413653	1
48.433926	7
48.454199	1
48.474472	-4
48.494745	5
48.515018	2
48.535291	-1
48.555564	9
48.575837	1
48.59611	9
48.616383	2
48.636656	-6
48.656929	1
48.677202	-1
48.697475	7
48.717748	8
48.738021	1
48.758294	1
48.778567	0
48.79884	4
48.819113	5
48.839386	-5
48.859659	-4
48.879932	-2
48.900205	4
48.920478	1
48.940751	-3
48.961024	4
48.981297	-7
49.00157	0
49.021843	1
49.042116	-5
49.062389	-2
49.082662	-2
49.102935	0
49.123208	7
49.143481	4
49.163754	-1
49.184027	2
49.2043	6
49.224573	4
49.244846	7
49.265119	5
49.285392	0
49.305665	9
49.325938	6
49.346211	0
49.366484	-3
49.386757	9
49.40703	1
49.427303	1
49.447576	2
49.467849	5
49.488122	2
49.508395	3
49.528668	1
49.548941	1
49.569214	10
49.589487	0
49.60976	1
49.630033	-2
49.650306	4
49.670579	2
49.690852	3
49.711125	1
49.731398	-4
49.751671	5
49.771944	-5
49.792217	-6
49.81249	-3
49.832763	1
49.853036	0
49.873309	5
49.893582	1
49.913855	5
49.934128	3
49.954401	1
49.974674	5
49.994947	8
50.01522	4
50.035493	7
50.055766	5
50.076039	2
50.096312	4
50.116585	5
50.136858	4
50.157131	0
50.177404	5
50.197677	6
50.21795	5
50.238223	0
50.258496	7
50.278769	-6
50.299042	5
50.319315	-4
50.339588	6
50.359861	3
50.380134	-1
50.400407	1
50.42068	5
50.440953	3
50.461226	-5
50.481499	-2
50.501772	5
50.522045	2
50.542318	3
50.562591	2
50.582864	3
50.603137	3
50.62341	2
50.643683	2
50.663956	3
50.684229	7
50.704502	2
50.724775	2
50.745048	4
50.765321	2
50.785594	2
50.805867	1
50.82614	6
50.846413	5
50.866686	2
50.886959	9
50.907232	2
50.927505	3
50.947778	6
50.968051	1
50.988324	4
51.008597	5
51.02887	3
51.049143	4
51.069416	5
51.089689	-9
51.109962	7
51.130235	2
51.150508	4
51.170781	7
51.191054	3
51.211327	4
51.2316	5
51.251873	1
51.272146	8
51.292419	3
51.312692	3
51.332965	2
51.353238	4
51.373511	4
51.393784	1
51.414057	5
51.43433	4
51.454603	3
51.474876	2
51.495149	3
51.515422	3
51.535695	7
51.555968	2
51.576241	7
51.596514	8
51.616787	2
51.63706	2
51.657333	4
51.677606	6
51.697879	4
51.718152	3
51.738425	2
51.758698	7
51.778971	1
51.799244	3
51.819517	-2
51.83979	8
51.860063	9
51.880336	4
51.900609	8
51.920882	5
51.941155	5
51.961428	3
51.981701	1
52.001974	4
52.022247	1
52.04252	9
52.062793	7
52.083066	3
52.103339	-3
52.123612	2
52.143885	3
52.164158	9
52.184431	0
52.204704	-1
52.224977	14
52.24525	1
52.265523	3
52.285796	8
52.306069	-1
52.326342	2
52.346615	5
52.366888	9
52.387161	4
52.407434	1
52.427707	5
52.44798	4
52.468253	7
52.488526	2
52.508799	2
52.529072	3
52.549345	0
52.569618	5
52.589891	-4
52.610164	5
52.630437	7
52.65071	-1
52.670983	1
52.691256	-2
52.711529	4
52.731802	4
52.752075	1
52.772348	0
52.792621	2
52.812894	7
52.833167	4
52.85344	5
52.873713	3
52.893986	-2
52.914259	8
52.934532	-5
52.954805	-7
52.975078	1
52.995351	-4
53.015624	-2
53.035897	0
53.05617	-5
53.076443	-1
53.096716	4
53.116989	-7
53.137262	1
53.157535	5
53.177808	1
53.198081	5
53.218354	0
53.238627	0
53.2589	3
53.279173	4
53.299446	2
53.319719	0
53.339992	3
53.360265	-2
53.380538	8
53.400811	2
53.421084	3
53.441357	3
53.46163	2
53.481903	2
53.502176	5
53.522449	-1
53.542722	2
53.562995	-1
53.583268	12
53.603541	-3
53.623814	2
53.644087	3
53.66436	4
53.684633	3
53.704906	0
53.725179	-6
53.745452	2
53.765725	7
53.785998	-2
53.806271	1
53.826544	-1
53.846817	1
53.86709	7
53.887363	4
53.907636	4
53.927909	-1
53.948182	10
53.968455	7
53.988728	3
54.009001	6
54.029274	3
54.049547	6
54.06982	2
54.090093	3
54.110366	5
54.130639	5
54.150912	-3
54.171185	8
54.191458	5
54.211731	3
54.232004	3
54.252277	7
54.27255	6
54.292823	4
54.313096	10
54.333369	3
54.353642	1
54.373915	14
54.394188	1
54.414461	0
54.434734	2
54.455007	10
54.47528	4
54.495553	1
54.515826	1
54.536099	6
54.556372	5
54.576645	6
54.596918	3
54.617191	2
54.637464	-2
54.657737	1
54.67801	5
54.698283	3
54.718556	6
54.738829	5
54.759102	9
54.779375	9
54.799648	5
54.819921	11
54.840194	-1
54.860467	5
54.88074	4
54.901013	0
54.921286	9
54.941559	2
54.961832	6
54.982105	6
55.002378	13
55.022651	1
55.042924	3
55.063197	7
55.08347	7
55.103743	6
55.124016	4
55.144289	0
55.164562	10
55.184835	4
55.205108	11
55.225381	4
55.245654	8
55.265927	2
55.2862	7
55.306473	6
55.326746	3
55.347019	6
55.367292	7
55.387565	12
55.407838	2
55.428111	1
55.448384	2
55.468657	3
55.48893	6
55.509203	9
55.529476	0
55.549749	3
55.570022	2
55.590295	5
55.610568	1
55.630841	4
55.651114	6
55.671387	7
55.69166	5
55.711933	10
55.732206	5
55.752479	1
55.772752	-2
55.793025	3
55.813298	7
55.833571	5
55.853844	4
55.874117	-1
55.89439	7
55.914663	8
55.934936	3
55.955209	2
55.975482	5
55.995755	5
56.016028	9
56.036301	-2
56.056574	6
56.076847	3
56.09712	5
56.117393	3
56.137666	5
56.157939	6
56.178212	13
56.198485	6
56.218758	1
56.239031	4
56.259304	6
56.279577	2
56.29985	10
56.320123	3
56.340396	2
56.360669	5
56.380942	6
56.401215	3
56.421488	6
56.441761	5
56.462034	2
56.482307	-3
56.50258	5
56.522853	2
56.543126	8
56.563399	9
56.583672	6
56.603945	9
56.624218	5
56.644491	4
56.664764	2
56.685037	7
56.70531	4
56.725583	3
56.745856	6
56.766129	5
56.786402	-6
56.806675	8
56.826948	4
56.847221	0
56.867494	7
56.887767	2
56.90804	-3
56.928313	5
56.948586	7
56.968859	3
56.989132	4
57.009405	1
57.029678	8
57.049951	4
57.070224	1
57.090497	8
57.11077	2
57.131043	-1
57.151316	-2
57.171589	0
57.191862	1
57.212135	1
57.232408	8
57.252681	8
57.272954	8
57.293227	5
57.3135	8
57.333773	8
57.354046	8
57.374319	0
57.394592	9
57.414865	6
57.435138	3
57.455411	4
57.475684	5
57.495957	3
57.51623	-1
57.536503	5
57.556776	-3
57.577049	6
57.597322	4
57.617595	-3
57.637868	5
57.658141	8
57.678414	11
57.698687	1
57.71896	6
57.739233	-1
57.759506	-1
57.779779	13
57.800052	9
57.820325	0
57.840598	-3
57.860871	9
57.881144	13
57.901417	11
57.92169	4
57.941963	8
57.962236	7
57.982509	6
58.002782	10
58.023055	9
58.043328	9
58.063601	8
58.083874	17
58.104147	10
58.12442	6
58.144693	7
58.164966	0
58.185239	8
58.205512	11
58.225785	4
58.246058	5
58.266331	7
58.286604	3
58.306877	4
58.32715	3
58.347423	14
58.367696	10
58.387969	1
58.408242	8
58.428515	8
58.448788	3
58.469061	4
58.489334	1
58.509607	9
58.52988	1
58.550153	6
58.570426	-3
58.590699	3
58.610972	1
58.631245	14
58.651518	16
58.671791	7
58.692064	11
58.712337	14
58.73261	9
58.752883	12
58.773156	6
58.793429	0
58.813702	5
58.833975	8
58.854248	12
58.874521	3
58.894794	10
58.915067	2
58.93534	5
58.955613	10
58.975886	6
58.996159	5
59.016432	9
59.036705	4
59.056978	6
59.077251	5
59.097524	9
59.117797	10
59.13807	8
59.158343	8
59.178616	4
59.198889	0
59.219162	5
59.239435	9
59.259708	7
59.279981	8
59.300254	2
59.320527	12
59.3408	0
59.361073	6
59.381346	12
59.401619	7
59.421892	5
59.442165	8
59.462438	9
59.482711	6
59.502984	5
59.523257	3
59.54353	3
59.563803	7
59.584076	1
59.604349	6
59.624622	8
59.644895	7
59.665168	9
59.685441	8
59.705714	7
59.725987	9
59.74626	3
59.766533	7
59.786806	12
59.807079	7
59.827352	8
59.847625	0
59.867898	8
59.888171	5
59.908444	9
59.928717	-1
59.94899	6
59.969263	9
59.989536	2
60.009809	7
60.030082	9
60.050355	5
60.070628	4
60.090901	12
60.111174	11
60.131447	10
60.15172	8
60.171993	7
60.192266	2
60.212539	11
60.232812	-4
60.253085	8
60.273358	7
60.293631	9
60.313904	7
60.334177	1
60.35445	7
60.374723	7
60.394996	5
60.415269	10
60.435542	5
60.455815	6
60.476088	13
60.496361	8
60.516634	10
60.536907	5
60.55718	12
60.577453	3
60.597726	10
60.617999	-2
60.638272	13
60.658545	7
60.678818	7
60.699091	1
60.719364	9
60.739637	6
60.75991	8
60.780183	9
60.800456	7
60.820729	5
60.841002	8
60.861275	6
60.881548	7
60.901821	10
60.922094	6
60.942367	7
60.96264	5
60.982913	2
61.003186	-1
61.023459	9
61.043732	6
61.064005	3
61.084278	9
61.104551	7
61.124824	4
61.145097	7
61.16537	4
61.185643	13
61.205916	-3
61.226189	2
61.246462	11
61.266735	7
61.287008	7
61.307281	6
61.327554	11
61.347827	3
61.3681	10
61.388373	3
61.408646	6
61.428919	4
61.449192	11
61.469465	7
61.489738	7
61.510011	9
61.530284	1
61.550557	6
61.57083	-3
61.591103	5
61.611376	6
61.631649	11
61.651922	2
61.672195	12
61.692468	5
61.712741	2
61.733014	4
61.753287	5
61.77356	2
61.793833	5
61.814106	7
61.834379	4
61.854652	1
61.874925	3
61.895198	4
61.915471	8
61.935744	11
61.956017	4
61.97629	10
61.996563	9
62.016836	11
62.037109	5
62.057382	0
62.077655	6
62.097928	7
62.118201	3
62.138474	9
62.158747	-1
62.17902	4
62.199293	5
62.219566	7
62.239839	4
62.260112	5
62.280385	4
62.300658	10
62.320931	1
62.341204	0
62.361477	4
62.38175	11
62.402023	6
62.422296	13
62.442569	7
62.462842	6
62.483115	-2
62.503388	7
62.523661	5
62.543934	4
62.564207	1
62.58448	6
62.604753	7
62.625026	5
62.645299	8
62.665572	14
62.685845	12
62.706118	2
62.726391	6
62.746664	4
62.766937	4
62.78721	6
62.807483	8
62.827756	7
62.848029	5
62.868302	-1
62.888575	5
62.908848	3
62.929121	8
62.949394	4
62.969667	11
62.98994	4
63.010213	4
63.030486	7
63.050759	14
63.071032	5
63.091305	11
63.111578	2
63.131851	3
63.152124	7
63.172397	12
63.19267	7
63.212943	4
63.233216	5
63.253489	7
63.273762	0
63.294035	8
63.314308	9
63.334581	-1
63.354854	5
63.375127	2
63.3954	11
63.415673	8
63.435946	9
63.456219	12
63.476492	6
63.496765	11
63.517038	8
63.537311	0
63.557584	0
63.577857	5
63.59813	7
63.618403	6
63.638676	10
63.658949	8
63.679222	8
63.699495	13
63.719768	6
63.740041	7
63.760314	4
63.780587	10
63.80086	8
63.821133	10
63.841406	9
63.861679	4
63.881952	7
63.902225	11
63.922498	13
63.942771	6
63.963044	16
63.983317	7
64.00359	-2
64.023863	10
64.044136	1
64.064409	7
64.084682	12
64.104955	9
64.125228	5
64.145501	5
64.165774	2
64.186047	7
64.20632	8
64.226593	9
64.246866	8
64.267139	11
64.287412	7
64.307685	6
64.327958	5
64.348231	5
64.368504	10
64.388777	13
64.40905	12
64.429323	15
64.449596	11
64.469869	5
64.490142	11
64.510415	16
64.530688	13
64.550961	7
64.571234	-2
64.591507	3
64.61178	8
64.632053	4
64.652326	5
64.672599	10
64.692872	6
64.713145	9
64.733418	8
64.753691	0
64.773964	4
64.794237	4
64.81451	7
64.834783	10
64.855056	7
64.875329	6
64.895602	8
64.915875	6
64.936148	14
64.956421	10
64.976694	9
64.996967	18
65.01724	10
65.037513	7
65.057786	11
65.078059	3
65.098332	12
65.118605	11
65.138878	11
65.159151	5
65.179424	9
65.199697	7
65.21997	7
65.240243	6
65.260516	5
65.280789	7
65.301062	7
65.321335	10
65.341608	11
65.361881	8
65.382154	13
65.402427	9
65.4227	8
65.442973	8
65.463246	7
65.483519	6
65.503792	-1
65.524065	9
65.544338	5
65.564611	4
65.584884	11
65.605157	5
65.62543	2
65.645703	9
65.665976	9
65.686249	6
65.706522	5
65.726795	8
65.747068	5
65.767341	7
65.787614	4
65.807887	3
65.82816	3
65.848433	7
65.868706	2
65.888979	6
65.909252	8
65.929525	7
65.949798	2
65.970071	14
65.990344	6
66.010617	6
66.03089	6
66.051163	3
66.071436	2
66.091709	-2
66.111982	6
66.132255	6
66.152528	1
66.172801	6
66.193074	8
66.213347	6
66.23362	0
66.253893	7
66.274166	11
66.294439	1
66.314712	6
66.334985	4
66.355258	4
66.375531	1
66.395804	-1
66.416077	6
66.43635	7
66.456623	6
66.476896	11
66.497169	7
66.517442	5
66.537715	10
66.557988	12
66.578261	4
66.598534	7
66.618807	8
66.63908	7
66.659353	6
66.679626	2
66.699899	3
66.720172	5
66.740445	3
66.760718	4
66.780991	8
66.801264	5
66.821537	6
66.84181	9
66.862083	8
66.882356	6
66.902629	5
66.922902	8
66.943175	5
66.963448	7
66.983721	1
67.003994	-1
67.024267	6
67.04454	3
67.064813	-1
67.085086	1
67.105359	8
67.125632	3
67.145905	9
67.166178	4
67.186451	1
67.206724	-1
67.226997	6
67.24727	6
67.267543	5
67.287816	3
67.308089	12
67.328362	8
67.348635	7
67.368908	3
67.389181	2
67.409454	6
67.429727	3
67.45	4
67.470273	8
67.490546	2
67.510819	5
67.531092	4
67.551365	6
67.571638	9
67.591911	2
67.612184	7
67.632457	6
67.65273	-1
67.673003	5
67.693276	-1
67.713549	8
67.733822	4
67.754095	5
67.774368	9
67.794641	2
67.814914	5
67.835187	0
67.85546	8
67.875733	11
67.896006	6
67.916279	3
67.936552	3
67.956825	8
67.977098	-1
67.997371	1
68.017644	8
68.037917	0
68.05819	9
68.078463	5
68.098736	5
68.119009	6
68.139282	10
68.159555	7
68.179828	6
68.200101	10
68.220374	12
68.240647	3
68.26092	5
68.281193	-1
68.301466	11
68.321739	7
68.342012	2
68.362285	4
68.382558	6
68.402831	8
68.423104	2
68.443377	4
68.46365	4
68.483923	3
68.504196	10
68.524469	8
68.544742	6
68.565015	7
68.585288	9
68.605561	2
68.625834	6
68.646107	2
68.66638	8
68.686653	2
68.706926	6
68.727199	7
68.747472	5
68.767745	1
68.788018	10
68.808291	6
68.828564	5
68.848837	1
68.86911	5
68.889383	11
68.909656	6
68.929929	-3
68.950202	7
68.970475	11
68.990748	3
69.011021	6
69.031294	11
69.051567	4
69.07184	-1
69.092113	6
69.112386	1
69.132659	0
69.152932	3
69.173205	-3
69.193478	3
69.213751	4
69.234024	2
69.254297	6
69.27457	1
69.294843	3
69.315116	1
69.335389	3
69.355662	11
69.375935	9
69.396208	11
69.416481	3
69.436754	0
69.457027	5
69.4773	5
69.497573	0
69.517846	7
69.538119	5
69.558392	6
69.578665	-3
69.598938	3
69.619211	5
69.639484	8
69.659757	7
69.68003	7
69.700303	2
69.720576	2
69.740849	-2
69.761122	7
69.781395	3
69.801668	0
69.821941	7
69.842214	4
69.862487	8
69.88276	0
69.903033	6
69.923306	4
69.943579	3
69.963852	4
69.984125	2
70.004398	-4
70.024671	5
70.044944	5
70.065217	0
70.08549	11
70.105763	5
70.126036	1
70.146309	8
70.166582	1
70.186855	6
70.207128	3
70.227401	8
70.247674	6
70.267947	0
70.28822	7
70.308493	8
70.328766	1
70.349039	11
70.369312	-1
70.389585	4
70.409858	6
70.430131	4
70.450404	-1
70.470677	4
70.49095	2
70.511223	4
70.531496	8
70.551769	2
70.572042	1
70.592315	7
70.612588	2
70.632861	6
70.653134	-2
70.673407	10
70.69368	7
70.713953	6
70.734226	0
70.754499	2
70.774772	6
70.795045	10
70.815318	3
70.835591	4
70.855864	2
70.876137	3
70.89641	7
70.916683	1
70.936956	6
70.957229	1
70.977502	5
70.997775	5
71.018048	5
71.038321	4
71.058594	8
71.078867	6
71.09914	2
71.119413	2
71.139686	6
71.159959	-1
71.180232	2
71.200505	3
71.220778	6
71.241051	-1
71.261324	3
71.281597	6
71.30187	4
71.322143	9
71.342416	0
71.362689	4
71.382962	0
71.403235	4
71.423508	4
71.443781	7
71.464054	4
71.484327	6
71.5046	5
71.524873	-1
71.545146	5
71.565419	0
71.585692	1
71.605965	9
71.626238	7
71.646511	10
71.666784	3
71.687057	5
71.70733	-4
71.727603	9
71.747876	9
71.768149	5
71.788422	9
71.808695	1
71.828968	6
71.849241	6
71.869514	5
71.889787	-5
71.91006	0
71.930333	2
71.950606	2
71.970879	2
71.991152	5
72.011425	3
72.031698	7
72.051971	7
72.072244	8
72.092517	1
72.11279	1
72.133063	5
72.153336	5
72.173609	5
72.193882	5
72.214155	3
72.234428	5
72.254701	0
72.274974	5
72.295247	7
72.31552	0
72.335793	-1
72.356066	6
72.376339	5
72.396612	0
72.416885	1
72.437158	4
72.457431	7
72.477704	3
72.497977	2
72.51825	5
72.538523	11
72.558796	0
72.579069	-1
72.599342	1
72.619615	4
72.639888	12
72.660161	6
72.680434	3
72.700707	4
72.72098	7
72.741253	0
72.761526	1
72.781799	1
72.802072	6
72.822345	2
72.842618	7
72.862891	3
72.883164	9
72.903437	9
72.92371	-1
72.943983	3
72.964256	3
72.984529	4
73.004802	3
73.025075	6
73.045348	3
73.065621	3
73.085894	4
73.106167	4
73.12644	5
73.146713	6
73.166986	5
73.187259	9
73.207532	9
73.227805	10
73.248078	3
73.268351	4
73.288624	10
73.308897	5
73.32917	1
73.349443	1
73.369716	6
73.389989	2
73.410262	3
73.430535	0
73.450808	9
73.471081	5
73.491354	9
73.511627	5
73.5319	7
73.552173	4
73.572446	10
73.592719	2
73.612992	4
73.633265	2
73.653538	2
73.673811	2
73.694084	10
73.714357	5
73.73463	3
73.754903	4
73.775176	6
73.795449	2
73.815722	9
73.835995	0
73.856268	5
73.876541	3
73.896814	2
73.917087	4
73.93736	1
73.957633	5
73.977906	9
73.998179	-1
74.018452	0
74.038725	6
74.058998	0
74.079271	9
74.099544	11
74.119817	6
74.14009	8
74.160363	8
74.180636	4
74.200909	11
74.221182	4
74.241455	6
74.261728	6
74.282001	4
74.302274	3
74.322547	1
74.34282	0
74.363093	5
74.383366	9
74.403639	7
74.423912	13
74.444185	8
74.464458	8
74.484731	0
74.505004	2
74.525277	2
74.54555	7
74.565823	4
74.586096	6
74.606369	3
74.626642	13
74.646915	7
74.667188	8
74.687461	5
74.707734	7
74.728007	7
74.74828	0
74.768553	3
74.788826	1
74.809099	12
74.829372	8
74.849645	4
74.869918	6
74.890191	8
74.910464	1
74.930737	5
74.95101	2
74.971283	5
74.991556	4
75.011829	-3
75.032102	6
75.052375	12
75.072648	11
75.092921	10
75.113194	9
75.133467	5
75.15374	9
75.174013	8
75.194286	5
75.214559	6
75.234832	6
75.255105	5
75.275378	5
75.295651	2
75.315924	6
75.336197	7
75.35647	5
75.376743	3
75.397016	7
75.417289	13
75.437562	8
75.457835	4
75.478108	7
75.498381	8
75.518654	2
75.538927	6
75.5592	6
75.579473	12
75.599746	4
75.620019	8
75.640292	3
75.660565	7
75.680838	7
75.701111	6
75.721384	10
75.741657	-1
75.76193	8
75.782203	4
75.802476	4
75.822749	4
75.843022	5
75.863295	4
75.883568	3
75.903841	9
75.924114	3
75.944387	-1
75.96466	12
75.984933	5
76.005206	5
76.025479	0
76.045752	5
76.066025	3
76.086298	3
76.106571	2
76.126844	5
76.147117	7
76.16739	5
76.187663	5
76.207936	3
76.228209	8
76.248482	4
76.268755	3
76.289028	6
76.309301	4
76.329574	10
76.349847	6
76.37012	9
76.390393	6
76.410666	4
76.430939	7
76.451212	4
76.471485	3
76.491758	5
76.512031	4
76.532304	11
76.552577	1
76.57285	2
76.593123	6
76.613396	-2
76.633669	5
76.653942	7
76.674215	5
76.694488	5
76.714761	7
76.735034	6
76.755307	3
76.77558	3
76.795853	11
76.816126	8
76.836399	10
76.856672	3
76.876945	7
76.897218	5
76.917491	8
76.937764	7
76.958037	2
76.97831	4
76.998583	3
77.018856	7
77.039129	5
77.059402	7
77.079675	4
77.099948	6
77.120221	7
77.140494	6
77.160767	5
77.18104	9
77.201313	5
77.221586	2
77.241859	4
77.262132	5
77.282405	2
77.302678	-2
77.322951	3
77.343224	9
77.363497	4
77.38377	5
77.404043	7
77.424316	6
77.444589	6
77.464862	4
77.485135	6
77.505408	11
77.525681	3
77.545954	12
77.566227	3
77.5865	3
77.606773	5
77.627046	5
77.647319	5
77.667592	5
77.687865	4
77.708138	5
77.728411	8
77.748684	9
77.768957	12
77.78923	9
77.809503	10
77.829776	4
77.850049	8
77.870322	10
77.890595	7
77.910868	8
77.931141	9
77.951414	11
77.971687	8
77.99196	7
78.012233	13
78.032506	6
78.052779	5
78.073052	3
78.093325	3
78.113598	12
78.133871	8
78.154144	10
78.174417	5
78.19469	5
78.214963	10
78.235236	5
78.255509	2
78.275782	6
78.296055	7
78.316328	2
78.336601	6
78.356874	1
78.377147	9
78.39742	5
78.417693	4
78.437966	7
78.458239	8
78.478512	3
78.498785	2
78.519058	2
78.539331	2
78.559604	9
78.579877	7
78.60015	8
78.620423	6
78.640696	11
78.660969	8
78.681242	3
78.701515	10
78.721788	3
78.742061	9
78.762334	3
78.782607	3
78.80288	2
78.823153	5
78.843426	5
78.863699	12
78.883972	4
78.904245	3
78.924518	8
78.944791	6
78.965064	4
78.985337	8
79.00561	8
79.025883	6
79.046156	-2
79.066429	3
79.086702	9
79.106975	5
79.127248	10
79.147521	4
79.167794	5
79.188067	7
79.20834	5
79.228613	0
79.248886	10
79.269159	5
79.289432	7
79.309705	4
79.329978	9
79.350251	8
79.370524	7
79.390797	4
79.41107	12
79.431343	9
79.451616	12
79.471889	10
79.492162	6
79.512435	2
79.532708	2
79.552981	7
79.573254	6
79.593527	9
79.6138	2
79.634073	7
79.654346	7
79.674619	4
79.694892	2
79.715165	7
79.735438	6
79.755711	4
79.775984	4
79.796257	1
79.81653	8
79.836803	5
79.857076	5
79.877349	4
79.897622	9
79.917895	9
79.938168	15
79.958441	8
79.978714	9
79.998987	-3
80.01926	4
