0	3
0.2	2
0.4	13
0.6	15
0.8	8
1	9
1.2	3
1.4	15
1.6	7
1.8	1
2	2
2.2	5
2.4	0
2.6	10
2.8	11
3	0
3.2	9
3.4	16
3.6	19
3.8	12
4	16
4.2	1
4.4	7
4.6	0
4.8	6
5	5
5.2	1
5.4	18
5.6	1
5.8	17
6	11
6.2	1
6.4	15
6.6	1
6.8	11
7	23
7.2	8
7.4	23
7.6	10
7.8	12
8	6
8.2	13
8.4	2
8.6	13
8.8	14
9	7
9.2	14
9.4	0
9.6	12
9.8	16
10	5
10.2	16
10.4	1
10.6	16
10.8	10
11	7
11.2	21
11.4	9
11.6	11
11.8	12
12	19
12.2	6
12.4	23
12.6	11
12.8	20
13	16
13.2	22
13.4	20
13.6	5
13.8	16
14	2
14.2	19
14.4	1
14.6	15
14.8	14
15	16
15.2	20
15.4	20
15.6	18
15.8	12
16	7
16.2	13
16.4	14
16.6	14
16.8	15
17	7
17.2	16
17.4	11
17.6	21
17.8	19
18	25
18.2	15
18.4	32
18.6	8
18.8	25
19	19
19.2	26
19.4	19
19.6	9
19.8	29
20	11
20.2	18
20.4	24
20.6	29
20.8	10
21	14
21.2	23
21.4	11
21.6	24
21.8	17
22	22
22.2	11
22.4	13
22.6	15
22.8	18
23	15
23.2	27
23.4	16
23.6	29
23.8	16
24	9
24.2	14
24.4	18
24.6	28
24.8	17
25	23
25.2	17
25.4	13
25.6	21
25.8	29
26	31
26.2	26
26.4	24
26.6	22
26.8	10
27	23
27.2	13
27.4	21
27.6	21
27.8	17
28	22
28.2	15
28.4	12
28.6	35
28.8	16
29	24
29.2	18
29.4	27
29.6	23
29.8	11
30	16
30.2	24
30.4	25
30.6	30
30.8	19
31	21
31.2	21
31.4	25
31.6	31
31.8	27
32	24
32.2	13
32.4	21
32.6	9
32.8	24
33	17
33.2	19
33.4	17
33.6	24
33.8	8
34	22
34.2	23
34.4	22
34.6	25
34.8	23
35	25
35.2	27
35.4	18
35.6	29
35.8	28
36	33
36.2	12
36.4	25
36.6	24
36.8	29
37	32
37.2	20
37.4	27
37.6	31
37.8	21
38	33
38.2	20
38.4	35
38.6	21
38.8	31
39	39
39.2	30
39.4	23
39.6	33
39.8	19
40	26
40.2	31
40.4	21
40.6	18
40.8	26
41	34
41.2	16
41.4	28
41.6	24
41.8	26
42	39
42.2	26
42.4	32
42.6	27
42.8	26
43	23
43.2	30
43.4	23
43.6	40
43.8	31
44	35
44.2	27
44.4	29
44.6	36
44.8	40
45	32
45.2	28
45.4	23
45.6	22
45.8	43
46	46
46.2	26
46.4	40
46.6	33
46.8	40
47	43
47.2	38
47.4	40
47.6	29
47.8	41
48	34
48.2	42
48.4	40
48.6	34
48.8	27
49	23
49.2	39
49.4	23
49.6	31
49.8	38
50	32
50.2	38
50.4	27
50.6	39
50.8	28
51	25
51.2	38
51.4	34
51.6	33
51.8	28
52	41
52.2	32
52.4	36
52.6	28
52.8	36
53	30
53.2	40
53.4	51
53.6	36
53.8	39
54	27
54.2	24
54.4	29
54.6	33
54.8	41
55	40
55.2	21
55.4	35
55.6	23
55.8	39
56	41
56.2	34
56.4	38
56.6	34
56.8	37
57	35
57.2	49
57.4	43
57.6	47
57.8	41
58	27
58.2	29
58.4	41
58.6	36
58.8	34
59	25
59.2	29
59.4	42
59.6	25
59.8	46
60	39
60.2	39
60.4	39
60.6	47
60.8	49
61	40
61.2	31
61.4	34
61.6	44
61.8	34
62	24
62.2	37
62.4	30
62.6	38
62.8	29
63	38
63.2	42
63.4	50
63.6	25
63.8	45
64	27
64.2	38
64.4	46
64.6	48
64.8	44
65	45
65.2	27
65.4	48
65.6	41
65.8	39
66	42
66.2	46
66.4	34
66.6	37
66.8	44
67	30
67.2	36
67.4	42
67.6	35
67.8	42
68	49
68.2	41
68.4	38
68.6	38
68.8	46
69	31
69.2	46
69.4	47
69.6	60
69.8	41
70.05	36
70.25	46
70.45	32
70.65	41
70.85	48
71.05	30
71.25	40
71.45	41
71.65	48
71.85	30
72.05	45
72.25	35
72.45	40
72.65	49
72.85	40
73.05	44
73.25	47
73.45	51
73.65	54
73.85	39
74.05	45
74.25	54
74.45	48
74.65	41
74.85	56
75.05	39
75.25	44
75.45	38
75.65	47
75.85	30
76.05	36
76.25	53
76.45	47
76.65	48
76.85	36
77.05	48
77.25	38
77.45	36
77.65	45
77.85	42
78.05	50
78.25	45
78.45	42
78.65	48
78.85	36
79.05	40
79.25	45
79.45	39
79.65	44
79.85	40
80.05	50
80.25	23
80.45	43
80.65	42
80.85	38
81.05	39
81.25	35
81.45	45
81.65	45
81.85	42
82.05	30
82.25	45
82.45	38
82.65	35
82.85	45
83.05	42
83.25	30
83.45	39
83.65	48
83.85	49
84.05	36
84.25	43
84.45	37
84.65	45
84.85	55
85.05	50
85.25	42
85.45	32
85.65	36
85.85	32
86.05	32
86.25	37
86.45	46
86.65	57
86.85	27
87.05	36
87.25	34
87.45	47
87.65	36
87.85	42
88.05	47
88.25	54
88.45	37
88.65	47
88.85	38
89.05	49
89.25	47
89.45	51
89.65	38
89.85	58
90.05	43
90.25	39
90.45	46
90.65	41
90.85	40
91.05	35
91.25	48
91.45	44
91.65	38
91.85	47
92.05	42
92.25	44
92.45	33
92.65	37
92.85	44
93.05	47
93.25	47
93.45	41
93.65	43
93.85	35
94.05	46
94.25	49
94.45	39
94.65	43
94.85	37
95.05	39
95.25	55
95.45	35
95.65	56
95.85	41
96.05	47
96.25	38
96.45	44
96.65	35
96.85	39
97.05	49
97.25	46
97.45	37
97.65	44
97.85	47
98.05	35
98.25	40
98.45	44
98.65	57
98.85	40
99.05	41
99.25	30
99.45	52
99.65	41
99.85	53
100.05	36
100.25	43
100.45	32
100.65	55
100.85	48
101.05	40
101.25	39
101.45	49
101.65	47
101.85	45
102.05	43
102.25	27
102.45	43
102.65	46
102.85	34
103.05	46
103.25	47
103.45	51
103.65	44
103.85	49
104.05	48
104.25	51
104.45	37
104.65	46
104.85	51
105.05	43
105.25	33
105.45	36
105.65	41
105.85	31
106.05	28
106.25	46
106.45	46
106.65	40
106.85	40
107.05	49
107.25	47
107.45	32
107.65	36
107.85	52
108.05	50
108.25	43
108.45	33
108.65	31
108.85	55
109.05	46
109.25	52
109.45	46
109.65	39
109.85	34
110.05	32
110.25	43
110.45	46
110.65	44
110.85	36
111.05	42
111.25	41
111.45	37
111.65	49
111.85	41
112.05	50
112.25	53
112.45	46
112.65	48
112.85	48
113.05	50
113.25	40
113.45	40
113.65	40
113.85	40
114.05	48
114.25	57
114.45	42
114.65	43
114.85	43
115.05	41
115.25	51
115.45	34
115.65	43
115.85	43
116.05	37
116.25	41
116.45	46
116.65	45
116.85	51
117.05	43
117.25	50
117.45	53
117.65	58
117.85	59
118.05	35
118.25	47
118.45	47
118.65	46
118.85	51
119.05	56
119.25	46
119.45	45
119.65	49
119.85	48
120.05	48
120.25	38
120.45	54
120.65	47
120.85	50
121.05	60
121.25	38
121.45	43
121.65	47
121.85	50
122.05	50
122.25	42
122.45	43
122.65	54
122.85	54
123.05	46
123.25	43
123.45	46
123.65	38
123.85	38
124.05	42
124.25	31
124.45	55
124.65	51
124.85	39
125.05	59
125.25	43
125.45	37
125.65	40
125.85	46
126.05	57
126.25	50
126.45	36
126.65	37
126.85	37
127.05	41
127.25	50
127.45	41
127.65	34
127.85	50
128.05	41
128.25	34
128.45	58
128.65	43
128.85	48
129.05	43
129.25	44
129.45	46
129.65	44
129.85	55
130.05	44
130.25	41
130.45	46
130.65	46
130.85	50
131.05	41
131.25	39
131.45	38
131.65	37
131.85	52
132.05	40
132.25	42
132.45	56
132.65	46
132.85	48
133.05	43
133.25	52
133.45	50
133.65	40
133.85	45
134.05	51
134.25	39
134.45	34
134.65	47
134.85	39
135.05	42
135.25	44
135.45	47
135.65	50
135.85	44
136.05	52
136.25	57
136.45	53
136.65	39
136.85	53
137.05	59
137.25	53
137.45	43
137.65	39
137.85	39
138.05	38
138.25	39
138.45	32
138.65	40
138.85	48
139.05	56
139.25	50
139.45	42
139.65	38
139.85	49
140.05	43
140.25	53
140.45	54
140.65	53
140.85	36
141.05	44
141.25	48
141.45	43
141.65	59
141.85	49
142.05	53
142.25	42
142.45	51
142.65	41
142.85	50
143.05	47
143.25	43
143.45	39
143.65	38
143.85	52
144.05	29
144.25	40
144.45	38
144.65	44
144.85	44
145.05	45
145.25	47
145.45	39
145.65	47
145.85	48
146.05	44
146.25	56
146.45	51
146.65	43
146.85	53
147.05	56
147.25	55
147.45	55
147.65	40
147.85	29
148.05	55
148.25	50
148.45	43
148.65	53
148.85	47
149.05	50
149.25	42
149.45	33
149.65	45
149.85	43
150.05	43
150.25	46
150.45	58
150.65	52
150.85	38
151.05	39
151.25	41
151.45	49
151.65	51
151.85	38
152.05	48
152.25	51
152.45	47
152.65	57
152.85	42
153.05	54
153.25	57
153.45	49
153.65	41
153.85	46
154.05	36
154.25	47
154.45	45
154.65	40
154.85	35
155.05	37
155.25	43
155.45	36
155.65	33
155.85	45
156.05	32
156.25	53
156.45	48
156.65	48
156.85	33
157.05	42
157.25	51
157.45	45
157.65	32
157.85	42
158.05	47
158.25	50
158.45	31
158.65	35
158.85	46
159.05	40
159.25	48
159.45	49
159.65	42
159.85	51
160.05	47
160.25	56
160.45	44
160.65	37
160.85	46
161.05	40
161.25	44
161.45	51
161.65	45
161.85	41
162.05	36
162.25	41
162.45	45
162.65	53
162.85	41
163.05	49
163.25	34
163.45	54
163.65	33
163.85	42
164.05	56
164.25	50
164.45	57
164.65	38
164.85	53
165.05	40
165.25	51
165.45	50
165.65	49
165.85	47
166.05	37
166.25	33
166.45	40
166.65	55
166.85	44
167.05	37
167.25	41
167.45	52
167.65	39
167.85	46
168.05	44
168.25	36
168.45	35
168.65	44
168.85	53
169.05	45
169.25	55
169.45	42
169.65	42
169.85	52
170.05	48
170.25	43
170.45	57
170.65	56
170.85	29
171.05	35
171.25	56
171.45	43
171.65	50
171.85	44
172.05	43
172.25	43
172.45	53
172.65	34
172.85	44
173.05	47
173.25	37
173.45	54
173.65	37
173.85	46
174.05	51
174.25	43
174.45	53
174.65	38
174.85	42
175.05	52
175.25	47
175.45	50
175.65	55
175.85	48
176.05	46
176.25	43
176.45	39
176.65	47
176.85	47
177.05	33
177.25	43
177.45	42
177.65	46
177.85	58
178.05	36
178.25	47
178.45	47
178.65	49
178.85	39
179.05	38
179.25	41
179.45	31
179.65	48
179.85	53
180.05	42
180.25	50
180.45	39
180.65	45
180.85	50
181.05	45
181.25	30
181.45	55
181.65	43
181.85	39
182.05	51
182.25	48
182.45	33
182.65	58
182.85	37
183.05	56
183.25	49
183.45	41
183.65	49
183.85	54
184.05	35
184.25	49
184.45	48
184.65	57
184.85	53
185.05	60
185.25	46
185.45	57
185.65	38
185.85	39
186.05	38
186.25	36
186.45	40
186.65	42
186.85	43
187.05	54
187.25	50
187.45	39
187.65	42
187.85	47
188.05	45
188.25	39
188.45	37
188.65	36
188.85	36
189.05	37
189.25	43
189.45	47
189.65	56
189.85	51
190.05	42
190.25	57
190.45	36
190.65	39
190.85	44
191.05	43
191.25	36
191.45	52
191.65	53
191.85	30
192.05	45
192.25	45
192.45	38
192.65	39
192.85	35
193.05	52
193.25	50
193.45	45
193.65	45
193.85	40
194.05	38
194.25	42
194.45	52
194.65	34
194.85	37
195.05	43
195.25	43
195.45	41
195.65	41
195.85	46
196.05	34
196.25	38
196.45	35
196.65	45
196.85	43
197.05	52
197.25	35
197.45	48
197.65	54
197.85	38
198.05	55
198.25	41
198.45	49
198.65	47
198.85	41
199.05	40
199.25	38
199.45	42
199.65	39
199.85	42
200.05	42
200.25	53
200.45	46
200.65	40
200.85	39
201.05	54
201.25	49
201.45	48
201.65	54
201.85	43
202.05	46
202.25	43
202.45	28
202.65	55
202.85	36
203.05	49
203.25	46
203.45	57
203.65	47
203.85	48
204.05	42
204.25	41
204.45	29
204.65	37
204.85	29
205.05	41
205.25	57
205.45	55
205.65	45
205.85	55
206.05	41
206.25	45
206.45	47
206.65	40
206.85	48
207.05	51
207.25	52
207.45	56
207.65	54
207.85	49
208.05	44
208.25	42
208.45	35
208.65	52
208.85	41
209.05	37
209.25	59
209.45	47
209.65	41
209.85	47
210.05	56
210.25	32
210.45	47
210.65	43
210.85	40
211.05	31
211.25	39
211.45	39
211.65	31
211.85	45
212.05	54
212.25	42
212.45	46
212.65	47
212.85	60
213.05	37
213.25	49
213.45	41
213.65	52
213.85	58
214.05	34
214.25	42
214.45	46
214.65	40
214.85	50
215.05	48
215.25	39
215.45	44
215.65	47
215.85	31
216.05	36
216.25	42
216.45	48
216.65	52
216.85	35
217.05	42
217.25	51
217.45	59
217.65	49
217.85	47
218.05	29
218.25	37
218.45	51
218.65	49
218.85	38
219.05	39
219.25	41
219.45	47
219.65	49
219.85	41
220.05	39
220.25	41
220.45	46
220.65	53
220.85	43
221.05	40
221.25	48
221.45	45
221.65	46
221.85	53
222.05	35
222.25	42
222.45	48
222.65	50
222.85	42
223.05	49
223.25	37
223.45	42
223.65	54
223.85	39
224.05	39
224.25	54
224.45	50
224.65	47
224.85	51
225.05	29
225.25	42
225.45	29
225.65	35
225.85	51
226.05	41
226.25	43
226.45	41
226.65	45
226.85	50
227.05	57
227.25	51
227.45	46
227.65	56
227.85	54
228.05	41
228.25	34
228.45	48
228.65	41
228.85	37
229.05	50
229.25	56
229.45	45
229.65	48
229.85	47
230.05	53
230.25	46
230.45	46
230.65	50
230.85	43
231.05	42
231.25	43
231.45	33
231.65	38
231.85	33
232.05	54
232.25	42
232.45	38
232.65	30
232.85	43
233.05	55
233.25	49
233.45	38
233.65	44
233.85	42
234.05	26
234.25	36
234.45	37
234.65	29
234.85	38
235.05	42
235.25	42
235.45	43
235.65	44
235.85	42
236.05	51
236.25	51
236.45	46
236.65	44
236.85	39
237.05	33
237.25	49
237.45	40
237.65	33
237.85	40
238.05	44
238.25	47
238.45	48
238.65	32
238.85	38
239.05	45
239.25	49
239.45	43
239.65	29
239.85	35
240.05	39
240.25	46
240.45	29
240.65	46
240.85	38
241.05	40
241.25	51
241.45	37
241.65	37
241.85	44
242.05	43
242.25	32
242.45	53
242.65	48
242.85	41
243.05	43
243.25	50
243.45	48
243.65	37
243.85	38
244.05	44
244.25	44
244.45	31
244.65	40
244.85	43
245.05	36
245.25	37
245.45	52
245.65	54
245.85	45
246.05	41
246.25	45
246.45	46
246.65	28
246.85	35
247.05	33
247.25	51
247.45	53
247.65	46
247.85	42
248.05	41
248.25	47
248.45	42
248.65	31
248.85	39
249.05	43
249.25	45
249.45	40
249.65	44
249.85	42
250.05	44
250.25	53
250.45	51
250.65	35
250.85	36
251.05	43
251.25	43
251.45	45
251.65	49
251.85	48
252.05	49
252.25	42
252.45	40
252.65	28
252.85	54
253.05	36
253.25	44
253.45	49
253.65	47
253.85	43
254.05	50
254.25	43
254.45	50
254.65	50
254.85	41
255.05	37
255.25	37
255.45	47
255.65	39
255.85	50
256.05	41
256.25	35
256.45	46
256.65	60
256.85	47
257.05	47
257.25	36
257.45	40
257.65	38
257.85	51
258.05	39
258.25	42
258.45	44
258.65	32
258.85	57
259.05	55
259.25	46
259.45	53
259.65	57
259.85	54
260.05	46
260.25	49
260.45	40
260.65	39
260.85	45
261.05	43
261.25	49
261.45	39
261.65	36
261.85	33
262.05	44
262.25	61
262.45	49
262.65	55
262.85	47
263.05	58
263.25	52
263.45	42
263.65	56
263.85	38
264.05	43
264.25	52
264.45	38
264.65	55
264.85	48
265.05	45
265.25	40
265.45	42
265.65	40
265.85	45
266.05	49
266.25	35
266.45	51
266.65	44
266.85	54
267.05	42
267.25	41
267.45	40
267.65	39
267.85	57
268.05	60
268.25	48
268.45	42
268.65	38
268.85	48
269.05	39
269.25	42
269.45	39
269.65	45
269.85	58
270.05	32
270.25	42
270.45	43
270.65	44
270.85	50
271.05	49
271.25	43
271.45	55
271.65	51
271.85	37
272.05	35
272.25	28
272.45	36
272.65	47
272.85	47
273.05	39
273.25	38
273.45	41
273.65	37
273.85	36
274.05	47
274.25	30
274.45	42
274.65	39
274.85	45
275.05	38
275.25	41
275.45	57
275.65	33
275.85	40
276.05	52
276.25	35
276.45	44
276.65	59
276.85	52
277.05	38
277.25	47
277.45	44
277.65	56
277.85	40
278.05	54
278.25	40
278.45	44
278.65	34
278.85	54
279.05	43
279.25	40
279.45	42
279.65	39
279.85	52
280.05	48
280.25	46
280.45	52
280.65	54
280.85	48
281.05	56
281.25	42
281.45	34
281.65	36
281.85	53
282.05	48
282.25	50
282.45	51
282.65	54
282.85	61
283.05	52
283.25	36
283.45	40
283.65	41
283.85	44
284.05	46
284.25	38
284.45	44
284.65	45
284.85	55
285.05	45
285.25	45
285.45	36
285.65	49
285.85	46
286.05	44
286.25	43
286.45	43
286.65	53
286.85	42
287.05	51
287.25	45
287.45	51
287.65	47
287.85	59
288.05	50
288.25	35
288.45	61
288.65	54
288.85	39
289.05	42
289.25	47
289.45	41
289.65	52
289.85	55
290.05	51
290.25	44
290.45	47
290.65	50
290.85	50
291.05	48
291.25	33
291.45	42
291.65	53
291.85	41
292.05	44
292.25	47
292.45	46
292.65	43
292.85	47
293.05	49
293.25	50
293.45	40
293.65	53
293.85	56
294.05	48
294.25	46
294.45	57
294.65	51
294.85	49
295.05	51
295.25	52
295.45	43
295.65	41
295.85	55
296.05	48
296.25	44
296.45	46
296.65	41
296.85	31
297.05	46
297.25	38
297.45	51
297.65	54
297.85	44
298.05	46
298.25	39
298.45	50
298.65	52
298.85	48
299.05	38
299.25	42
299.45	40
299.65	59
299.85	46
300.05	40
300.25	45
300.45	48
300.65	44
300.85	51
301.05	50
301.25	41
301.45	37
301.65	50
301.85	40
302.05	49
302.25	45
302.45	58
302.65	42
302.85	40
303.05	58
303.25	48
303.45	39
303.65	47
303.85	49
304.05	53
304.25	54
304.45	39
304.65	55
304.85	44
305.05	46
305.25	50
305.45	41
305.65	54
305.85	50
306.05	40
306.25	54
306.45	41
306.65	42
306.85	50
307.05	48
307.25	44
307.45	50
307.65	47
307.85	60
308.05	40
308.25	56
308.45	42
308.65	50
308.85	51
309.05	31
309.25	51
309.45	51
309.65	40
309.85	40
310.05	46
310.25	40
310.45	42
310.65	40
310.85	42
311.05	42
311.25	44
311.45	57
311.65	40
311.85	46
312.05	41
312.25	57
312.45	44
312.65	39
312.85	40
313.05	49
313.25	52
313.45	56
313.65	54
313.85	42
314.05	45
314.25	57
314.45	49
314.65	47
314.85	37
315.05	48
315.25	45
315.45	35
315.65	48
315.85	41
316.05	43
316.25	41
316.45	50
316.65	38
316.85	43
317.05	56
317.25	45
317.45	47
317.65	42
317.85	57
318.05	50
318.25	54
318.45	46
318.65	47
318.85	48
319.05	44
319.25	44
319.45	56
319.65	37
319.85	52
320.05	34
320.25	45
320.45	52
320.65	48
320.85	47
321.05	55
321.25	54
321.45	54
321.65	42
321.85	41
322.05	57
322.25	50
322.45	54
322.65	52
322.85	51
323.05	49
323.25	48
323.45	39
323.65	46
323.85	47
324.05	50
324.25	47
324.45	41
324.65	47
324.85	51
325.05	53
325.25	50
325.45	35
325.65	50
325.85	42
326.05	50
326.25	43
326.45	47
326.65	42
326.85	45
327.05	41
327.25	53
327.45	45
327.65	44
327.85	30
328.05	46
328.25	40
328.45	46
328.65	42
328.85	37
329.05	39
329.25	36
329.45	48
329.65	41
329.85	41
330.05	40
330.25	42
330.45	38
330.65	37
330.85	55
331.05	43
331.25	42
331.45	37
331.65	49
331.85	49
332.05	45
332.25	42
332.45	48
332.65	41
332.85	48
333.05	49
333.25	48
333.45	56
333.65	51
333.85	40
334.05	38
334.25	41
334.45	45
334.65	44
334.85	36
335.05	49
335.25	45
335.45	47
335.65	43
335.85	42
336.05	39
336.25	54
336.45	42
336.65	52
336.85	48
337.05	43
337.25	41
337.45	42
337.65	51
337.85	44
338.05	47
338.25	49
338.45	62
338.65	45
338.85	37
339.05	47
339.25	38
339.45	52
339.65	53
339.85	44
340.05	47
340.25	44
340.45	53
340.65	46
340.85	41
341.05	48
341.25	43
341.45	43
341.65	46
341.85	51
342.05	40
342.25	54
342.45	55
342.65	53
342.85	56
343.05	36
343.25	48
343.45	39
343.65	38
343.85	46
344.05	38
344.25	52
344.45	39
344.65	44
344.85	50
345.05	60
345.25	55
345.45	60
345.65	56
345.85	47
346.05	47
346.25	37
346.45	57
346.65	57
346.85	46
347.05	49
347.25	44
347.45	43
347.65	40
347.85	45
348.05	50
348.25	49
348.45	56
348.65	52
348.85	46
349.05	59
349.25	59
349.45	65
349.65	47
349.85	41
350.05	52
350.25	59
350.45	55
350.65	42
350.85	46
351.05	49
351.25	48
351.45	50
351.65	50
351.85	45
352.05	56
352.25	47
352.45	38
352.65	50
352.85	32
353.05	48
353.25	40
353.45	51
353.65	53
353.85	56
354.05	50
354.25	42
354.45	41
354.65	45
354.85	52
355.05	46
355.25	50
355.45	42
355.65	56
355.85	54
356.05	37
356.25	46
356.45	40
356.65	59
356.85	57
357.05	62
357.25	36
357.45	50
357.65	56
357.85	54
358.05	42
358.25	48
358.45	37
358.65	38
358.85	46
359.05	41
359.25	41
359.45	45
359.65	39
359.85	38
360.05	40
360.25	44
360.45	52
360.65	43
360.85	50
361.05	40
361.25	57
361.45	45
361.65	54
361.85	40
362.05	47
362.25	52
362.45	56
362.65	35
362.85	38
363.05	49
363.25	51
363.45	44
363.65	56
363.85	45
364.05	43
364.25	63
364.45	53
364.65	41
364.85	49
365.05	43
365.25	46
365.45	49
365.65	59
365.85	42
366.05	56
366.25	42
366.45	61
366.65	51
366.85	56
367.05	47
367.25	49
367.45	54
367.65	45
367.85	41
368.05	38
368.25	53
368.45	43
368.65	44
368.85	45
369.05	42
369.25	49
369.45	42
369.65	50
369.85	57
370.05	36
370.25	48
370.45	49
370.65	59
370.85	48
371.05	62
371.25	48
371.45	43
371.65	53
371.85	38
372.05	48
372.25	47
372.45	46
372.65	46
372.85	43
373.05	56
373.25	42
373.45	46
373.65	37
373.85	37
374.05	47
374.25	42
374.45	40
374.65	50
374.85	46
375.05	37
375.25	57
375.45	42
375.65	37
375.85	40
376.05	49
376.25	61
376.45	59
376.65	45
376.85	45
377.05	48
377.25	36
377.45	43
377.65	44
377.85	38
378.05	53
378.25	51
378.45	51
378.65	38
378.85	52
379.05	45
379.25	40
379.45	44
379.65	47
379.85	44
380.05	58
380.25	51
380.45	42
380.65	50
380.85	53
381.05	49
381.25	47
381.45	36
381.65	55
381.85	43
382.05	58
382.25	42
382.45	42
382.65	45
382.85	45
383.05	55
383.25	42
383.45	36
383.65	37
383.85	39
384.05	51
384.25	43
384.45	39
384.65	50
384.85	53
385.05	50
385.25	34
385.45	36
385.65	37
385.85	39
386.05	50
386.25	49
386.45	51
386.65	35
386.85	55
387.05	53
387.25	56
387.45	44
387.65	55
387.85	46
388.05	56
388.25	46
388.45	30
388.65	41
388.85	41
389.05	57
389.25	44
389.45	53
389.65	33
389.85	39
390.05	40
390.25	56
390.45	55
390.65	41
390.85	38
391.05	50
391.25	40
391.45	40
391.65	46
391.85	33
392.05	49
392.25	39
392.45	32
392.65	40
392.85	45
393.05	54
393.25	45
393.45	34
393.65	33
393.85	54
394.05	34
394.25	37
394.45	43
394.65	31
394.85	41
395.05	34
395.25	41
395.45	48
395.65	44
395.85	37
396.05	49
396.25	59
396.45	47
396.65	44
396.85	48
397.05	42
397.25	50
397.45	47
397.65	55
397.85	45
398.05	42
398.25	52
398.45	47
398.65	41
398.85	58
399.05	56
399.25	42
399.45	61
399.65	42
399.85	55
400.05	34
400.25	57
400.45	41
400.65	42
400.85	49
401.05	47
401.25	47
401.45	34
401.65	58
401.85	59
402.05	40
402.25	41
402.45	45
402.65	45
402.85	38
403.05	56
403.25	38
403.45	56
403.65	45
403.85	44
404.05	36
404.25	38
404.45	47
404.65	45
404.85	46
405.05	47
405.25	50
405.45	46
405.65	41
405.85	44
406.05	32
406.25	52
406.45	38
406.65	45
406.85	49
407.05	47
407.25	36
407.45	42
407.65	42
407.85	48
408.05	59
408.25	43
408.45	49
408.65	40
408.85	49
409.05	52
409.25	47
409.45	40
409.65	27
409.85	48
410.05	41
410.25	45
410.45	54
410.65	51
410.85	49
411.05	54
411.25	53
411.45	57
411.65	48
411.85	34
412.05	58
412.25	43
412.45	52
412.65	39
412.85	58
413.05	52
413.25	47
413.45	49
413.65	37
413.85	46
414.05	42
414.25	44
414.45	52
414.65	52
414.85	47
415.05	59
415.25	42
415.45	49
415.65	54
415.85	44
416.05	57
416.25	46
416.45	49
416.65	46
416.85	53
417.05	55
417.25	44
417.45	47
417.65	55
417.85	45
418.05	57
418.25	49
418.45	40
418.65	39
418.85	61
419.05	44
419.25	56
419.45	48
419.65	49
419.85	36
420.05	54
420.25	49
420.45	45
420.65	51
420.85	44
421.05	49
421.25	49
421.45	63
421.65	41
421.85	49
422.05	35
422.25	41
422.45	39
422.65	56
422.85	58
423.05	39
423.25	42
423.45	59
423.65	40
423.85	45
424.05	49
424.25	49
424.45	50
424.65	64
424.85	44
425.05	54
425.25	53
425.45	49
425.65	49
425.85	48
426.05	44
426.25	50
426.45	46
426.65	49
426.85	49
427.05	51
427.25	44
427.45	42
427.65	45
427.85	48
428.05	38
428.25	51
428.45	43
428.65	50
428.85	37
429.05	51
429.25	46
429.45	45
429.65	56
429.85	32
430.05	48
430.25	39
430.45	43
430.65	56
430.85	52
431.05	41
431.25	44
431.45	49
431.65	51
431.85	46
432.05	52
432.25	50
432.45	60
432.65	40
432.85	39
433.05	45
433.25	57
433.45	41
433.65	48
433.85	59
434.05	46
434.25	55
434.45	47
434.65	45
434.85	48
435.05	46
435.25	48
435.45	38
435.65	53
435.85	43
436.05	34
436.25	60
436.45	43
436.65	37
436.85	34
437.05	49
437.25	39
437.45	32
437.65	48
437.85	50
438.05	49
438.25	47
438.45	48
438.65	46
438.85	44
439.05	58
439.25	49
439.45	49
439.65	58
439.85	39
440.05	35
440.25	42
440.45	56
440.65	44
440.85	44
441.05	48
441.25	43
441.45	63
441.65	58
441.85	50
442.05	44
442.25	56
442.45	54
442.65	37
442.85	51
443.05	47
443.25	42
443.45	44
443.65	51
443.85	43
444.05	46
444.25	44
444.45	34
444.65	56
444.85	49
445.05	41
445.25	52
445.45	45
445.65	50
445.85	50
446.05	37
446.25	48
446.45	38
446.65	39
446.85	56
447.05	56
447.25	46
447.45	51
447.65	47
447.85	33
448.05	52
448.25	45
448.45	50
448.65	49
448.85	51
449.05	48
449.25	49
449.45	45
449.65	53
449.85	58
450.05	57
450.25	52
450.45	37
450.65	38
450.85	47
451.05	58
451.25	66
451.45	42
451.65	39
451.85	49
452.05	48
452.25	56
452.45	58
452.65	65
452.85	45
453.05	58
453.25	60
453.45	70
453.65	47
453.85	48
454.05	48
454.25	62
454.45	53
454.65	69
454.85	70
455.05	57
455.25	53
455.45	69
455.65	63
455.85	77
456.05	57
456.25	75
456.45	59
456.65	73
456.85	81
457.05	69
457.25	59
457.45	77
457.65	71
457.85	62
458.05	80
458.25	83
458.45	78
458.65	70
458.85	74
459.05	77
459.25	72
459.45	77
459.65	77
459.85	75
460.05	81
460.25	72
460.45	81
460.65	82
460.85	71
461.05	84
461.25	77
461.45	75
461.65	75
461.85	76
462.05	82
462.25	67
462.45	86
462.65	70
462.85	79
463.05	81
463.25	89
463.45	69
463.65	87
463.85	87
464.05	95
464.25	86
464.45	91
464.65	97
464.85	88
465.05	80
465.25	86
465.45	95
465.65	90
465.85	94
466.05	89
466.25	95
466.45	99
466.65	102
466.85	90
467.05	105
467.25	97
467.45	87
467.65	90
467.85	95
468.05	101
468.25	84
468.45	98
468.65	103
468.85	105
469.05	98
469.25	111
469.45	106
469.65	106
469.85	94
470.05	104
470.25	112
470.45	113
470.65	100
470.85	108
471.05	103
471.25	101
471.45	104
471.65	97
471.85	95
472.05	110
472.25	109
472.45	107
472.65	112
472.85	110
473.05	107
473.25	110
473.45	119
473.65	113
473.85	116
474.05	116
474.25	114
474.45	112
474.65	107
474.85	114
475.05	133
475.25	118
475.45	122
475.65	113
475.85	109
476.05	122
476.25	120
476.45	122
476.65	127
476.85	122
477.05	119
477.25	132
477.45	127
477.65	125
477.85	116
478.05	126
478.25	142
478.45	120
478.65	127
478.85	126
479.05	134
479.25	121
479.45	124
479.65	139
479.85	124
480.05	129
480.25	138
480.45	128
480.65	147
480.85	135
481.05	138
481.25	144
481.45	138
481.65	136
481.85	137
482.05	148
482.25	148
482.45	142
482.65	149
482.85	140
483.05	130
483.25	143
483.45	143
483.65	140
483.85	148
484.05	135
484.25	151
484.45	147
484.65	143
484.85	141
485.05	137
485.25	147
485.45	139
485.65	142
485.85	148
486.05	139
486.25	154
486.45	151
486.65	147
486.85	166
487.05	145
487.25	155
487.45	151
487.65	149
487.85	156
488.05	150
488.25	153
488.45	165
488.65	151
488.85	161
489.05	153
489.25	156
489.45	166
489.65	160
489.85	147
490.05	159
490.25	166
490.45	154
490.65	169
490.85	162
491.05	159
491.25	161
491.45	163
491.65	167
491.85	160
492.05	177
492.25	170
492.45	156
492.65	156
492.85	175
493.05	173
493.25	158
493.45	167
493.65	179
493.85	174
494.05	180
494.25	169
494.45	179
494.65	179
494.85	181
495.05	163
495.25	178
495.45	178
495.65	166
495.85	184
496.05	185
496.25	179
496.45	190
496.65	182
496.85	178
497.05	188
497.25	195
497.45	184
497.65	191
497.85	187
498.05	174
498.25	193
498.45	195
498.65	188
498.85	190
499.05	185
499.25	190
499.45	182
499.65	182
499.85	201
500.05	188
500.25	182
500.45	193
500.65	192
500.85	189
501.05	183
501.25	187
501.45	194
501.65	190
501.85	206
502.05	185
502.25	188
502.45	194
502.65	211
502.85	198
503.05	204
503.25	193
503.45	200
503.65	197
503.85	215
504.05	194
504.25	207
504.45	204
504.65	210
504.85	205
505.05	203
505.25	202
505.45	209
505.65	208
505.85	212
506.05	196
506.25	201
506.45	199
506.65	211
506.85	200
507.05	212
507.25	211
507.45	205
507.65	205
507.85	205
508.05	222
508.25	216
508.45	226
508.65	208
508.85	213
509.05	204
509.25	217
509.45	214
509.65	228
509.85	212
510.05	217
510.25	212
510.45	206
510.65	219
510.85	209
511.05	214
511.25	218
511.45	214
511.65	223
511.85	222
512.05	219
512.25	224
512.45	222
512.65	223
512.85	231
513.05	226
513.25	224
513.45	217
513.65	231
513.85	216
514.05	217
514.25	231
514.45	238
514.65	231
514.85	235
515.05	228
515.25	244
515.45	230
515.65	230
515.85	219
516.05	248
516.25	232
516.45	233
516.65	235
516.85	231
517.05	236
517.25	225
517.45	240
517.65	241
517.85	233
518.05	242
518.25	227
518.45	241
518.65	238
518.85	239
519.05	237
519.25	234
519.45	246
519.65	235
519.85	245
520.05	251
520.25	239
520.45	259
520.65	254
520.85	253
521.05	250
521.25	246
521.45	251
521.65	260
521.85	254
522.05	242
522.25	258
522.45	249
522.65	262
522.85	251
523.05	260
523.25	263
523.45	259
523.65	274
523.85	258
524.05	269
524.25	269
524.45	259
524.65	265
524.85	267
525.05	262
525.25	277
525.45	270
525.65	258
525.85	254
526.05	254
526.25	265
526.45	260
526.65	280
526.85	267
527.05	273
527.25	269
527.45	263
527.65	271
527.85	265
528.05	269
528.25	275
528.45	271
528.65	273
528.85	273
529.05	283
529.25	272
529.45	268
529.65	270
529.85	277
530.05	282
530.25	278
530.45	272
530.65	286
530.85	296
531.05	284
531.25	290
531.45	278
531.65	284
531.85	298
532.05	282
532.25	297
532.45	287
532.65	278
532.85	301
533.05	291
533.25	286
533.45	302
533.65	283
533.85	293
534.05	288
534.25	288
534.45	288
534.65	305
534.85	300
535.05	297
535.25	294
535.45	292
535.65	298
535.85	298
536.05	293
536.25	297
536.45	300
536.65	306
536.85	308
537.05	296
537.25	291
537.45	316
537.65	301
537.85	304
538.05	310
538.25	302
538.45	319
538.65	307
538.85	306
539.05	310
539.25	305
539.45	308
539.65	307
539.85	299
540.05	306
540.25	317
540.45	308
540.65	313
540.85	309
541.05	307
541.25	323
541.45	309
541.65	320
541.85	313
542.05	319
542.25	321
542.45	316
542.65	302
542.85	318
543.05	316
543.25	332
543.45	321
543.65	317
543.85	317
544.05	321
544.25	331
544.45	321
544.65	328
544.85	323
545.05	340
545.25	330
545.45	342
545.65	329
545.85	339
546.05	330
546.25	332
546.45	332
546.65	327
546.85	328
547.05	330
547.25	332
547.45	335
547.65	337
547.85	337
548.05	342
548.25	337
548.45	338
548.65	326
548.85	348
549.05	343
549.25	331
549.45	352
549.65	334
549.85	334
550.05	349
550.25	352
550.45	334
550.65	347
550.85	342
551.05	344
551.25	359
551.45	343
551.65	343
551.85	341
552.05	352
552.25	346
552.45	346
552.65	359
552.85	351
553.05	351
553.25	363
553.45	361
553.65	347
553.85	354
554.05	355
554.25	358
554.45	361
554.65	345
554.85	355
555.05	355
555.25	365
555.45	359
555.65	367
555.85	362
556.05	355
556.25	360
556.45	351
556.65	359
556.85	367
557.05	376
557.25	364
557.45	381
557.65	360
557.85	377
558.05	368
558.25	358
558.45	375
558.65	373
558.85	363
559.05	376
559.25	360
559.45	376
559.65	374
559.85	380
560.05	376
560.25	378
560.45	380
560.65	380
560.85	372
561.05	389
561.25	378
561.45	379
561.65	385
561.85	369
562.05	385
562.25	371
562.45	374
562.65	379
562.85	378
563.05	389
563.25	389
563.45	384
563.65	395
563.85	385
564.05	378
564.25	396
564.45	387
564.65	390
564.85	393
565.05	386
565.25	386
565.45	393
565.65	397
565.85	403
566.05	401
566.25	395
566.45	403
566.65	393
566.85	381
567.05	403
567.25	394
567.45	404
567.65	398
567.85	405
568.05	410
568.25	406
568.45	413
568.65	405
568.85	395
569.05	404
569.25	407
569.45	411
569.65	393
569.85	400
570.05	405
570.25	406
570.45	404
570.65	421
570.85	408
571.05	396
571.25	414
571.45	412
571.65	422
571.85	419
572.05	420
572.25	403
572.45	420
572.65	409
572.85	413
573.05	409
573.25	421
573.45	421
573.65	408
573.85	418
574.05	414
574.25	419
574.45	407
574.65	425
574.85	429
575.05	430
575.25	408
575.45	418
575.65	431
575.85	425
576.05	423
576.25	437
576.45	422
576.65	432
576.85	430
577.05	424
577.25	431
577.45	441
577.65	444
577.85	436
578.05	429
578.25	439
578.45	423
578.65	428
578.85	423
579.05	428
579.25	445
579.45	434
579.65	443
579.85	446
580.05	423
580.25	443
580.45	453
580.65	437
580.85	443
581.05	452
581.25	439
581.45	447
581.65	433
581.85	441
582.05	440
582.25	459
582.45	452
582.65	456
582.85	448
583.05	451
583.25	449
583.45	460
583.65	441
583.85	460
584.05	455
584.25	455
584.45	446
584.65	455
584.85	450
585.05	444
585.25	456
585.45	454
585.65	464
585.85	456
586.05	455
586.25	459
586.45	457
586.65	468
586.85	466
587.05	471
587.25	458
587.45	462
587.65	455
587.85	455
588.05	459
588.25	470
588.45	460
588.65	471
588.85	458
589.05	466
589.25	473
589.45	470
589.65	474
589.85	463
590.05	471
590.25	474
590.45	472
590.65	480
590.85	468
591.05	470
591.25	474
591.45	474
591.65	473
591.85	484
592.05	489
592.25	471
592.45	483
592.65	476
592.85	477
593.05	483
593.25	476
593.45	483
593.65	492
593.85	486
594.05	496
594.25	481
594.45	485
594.65	490
594.85	483
595.05	497
595.25	492
595.45	485
595.65	501
595.85	505
596.05	497
596.25	500
596.45	488
596.65	481
596.85	494
597.05	485
597.25	501
597.45	490
597.65	495
597.85	498
598.05	490
598.25	489
598.45	495
598.65	503
598.85	502
599.05	502
599.25	494
599.45	503
599.65	510
599.85	499
600.05	495
600.25	502
600.45	502
600.65	498
600.85	499
601.05	511
601.25	505
601.45	500
601.65	505
601.85	507
602.05	494
602.25	492
602.45	502
602.65	490
602.85	502
603.05	499
603.25	499
603.45	506
603.65	500
603.85	508
604.05	494
604.25	496
604.45	489
604.65	491
604.85	504
605.05	504
605.25	509
605.45	512
605.65	505
605.85	497
606.05	502
606.25	496
606.45	499
606.65	498
606.85	507
607.05	492
607.25	498
607.45	501
607.65	489
607.85	496
608.05	490
608.25	510
608.45	493
608.65	495
608.85	501
609.05	505
609.25	505
609.45	493
609.65	489
609.85	496
610.05	498
610.25	512
610.45	484
610.65	489
610.85	492
611.05	501
611.25	496
611.45	496
611.65	507
611.85	490
612.05	503
612.25	489
612.45	508
612.65	490
612.85	503
613.05	489
613.25	487
613.45	489
613.65	490
613.85	506
614.05	510
614.25	496
614.45	495
614.65	490
614.85	494
615.05	496
615.25	496
615.45	506
615.65	503
615.85	488
616.05	485
616.25	500
616.45	484
616.65	483
616.85	489
617.05	498
617.25	500
617.45	493
617.65	506
617.85	495
618.05	497
618.25	503
618.45	490
618.65	489
618.85	493
619.05	495
619.25	499
619.45	494
619.65	502
619.85	492
620.05	500
620.25	490
620.45	489
620.65	488
620.85	499
621.05	482
621.25	499
621.45	496
621.65	486
621.85	495
622.05	486
622.25	497
622.45	497
622.65	496
622.85	492
623.05	495
623.25	498
623.45	488
623.65	500
623.85	490
624.05	495
624.25	489
624.45	483
624.65	491
624.85	488
625.05	490
625.25	500
625.45	492
625.65	499
625.85	481
626.05	495
626.25	488
626.45	476
626.65	492
626.85	490
627.05	482
627.25	480
627.45	488
627.65	499
627.85	483
628.05	485
628.25	487
628.45	500
628.65	483
628.85	495
629.05	493
629.25	495
629.45	481
629.65	491
629.85	483
630.05	501
630.25	492
630.45	484
630.65	492
630.85	486
631.05	487
631.25	491
631.45	490
631.65	477
631.85	487
632.05	488
632.25	492
632.45	489
632.65	496
632.85	495
633.05	480
633.25	487
633.45	486
633.65	485
633.85	493
634.05	479
634.25	489
634.45	486
634.65	498
634.85	489
635.05	494
635.25	477
635.45	490
635.65	503
635.85	477
636.05	485
636.25	484
636.45	489
636.65	501
636.85	484
637.05	496
637.25	478
637.45	473
637.65	492
637.85	476
638.05	482
638.25	486
638.45	490
638.65	479
638.85	483
639.05	477
639.25	481
639.45	482
639.65	489
639.85	485
640.05	478
640.25	478
640.45	494
640.65	495
640.85	482
641.05	483
641.25	476
641.45	473
641.65	474
641.85	470
642.05	482
642.25	486
642.45	477
642.65	482
642.85	489
643.05	483
643.25	480
643.45	472
643.65	481
643.85	478
644.05	484
644.25	490
644.45	478
644.65	485
644.85	479
645.05	477
645.25	477
645.45	480
645.65	476
645.85	477
646.05	480
646.25	475
646.45	475
646.65	481
646.85	483
647.05	479
647.25	486
647.45	483
647.65	469
647.85	487
648.05	473
648.25	473
648.45	487
648.65	477
648.85	486
649.05	478
649.25	475
649.45	488
649.65	483
649.85	479
650.05	486
650.25	471
650.45	484
650.65	474
650.85	481
651.05	484
651.25	490
651.45	497
651.65	479
651.85	475
652.05	490
652.25	473
652.45	473
652.65	471
652.85	476
653.05	469
653.25	487
653.45	468
653.65	480
653.85	468
654.05	467
654.25	473
654.45	475
654.65	468
654.85	468
655.05	480
655.25	476
655.45	474
655.65	479
655.85	485
656.05	474
656.25	485
656.45	474
656.65	470
656.85	470
657.05	486
657.25	481
657.45	484
657.65	485
657.85	468
658.05	478
658.25	484
658.45	466
658.65	466
658.85	480
659.05	483
659.25	462
659.45	462
659.65	472
659.85	475
660.05	467
660.25	472
660.45	467
660.65	474
660.85	461
661.05	471
661.25	481
661.45	474
661.65	466
661.85	471
662.05	466
662.25	476
662.45	464
662.65	477
662.85	478
663.05	461
663.25	477
663.45	489
663.65	479
663.85	477
664.05	462
664.25	462
664.45	464
664.65	480
664.85	472
665.05	487
665.25	473
665.45	467
665.65	467
665.85	462
666.05	465
666.25	479
666.45	467
666.65	468
666.85	474
667.05	463
667.25	471
667.45	478
667.65	455
667.85	471
668.05	482
668.25	467
668.45	482
668.65	470
668.85	463
669.05	480
669.25	464
669.45	474
669.65	459
669.85	469
670.05	473
670.25	484
670.45	465
670.65	466
670.85	470
671.05	469
671.25	477
671.45	469
671.65	475
671.85	461
672.05	469
672.25	469
672.45	471
672.65	465
672.85	459
673.05	470
673.25	458
673.45	469
673.65	453
673.85	465
674.05	454
674.25	472
674.45	454
674.65	463
674.85	464
675.05	466
675.25	461
675.45	470
675.65	472
675.85	473
676.05	452
676.25	477
676.45	454
676.65	471
676.85	460
677.05	450
677.25	466
677.45	461
677.65	471
677.85	460
678.05	459
678.25	455
678.45	456
678.65	464
678.85	462
679.05	454
679.25	448
679.45	464
679.65	453
679.85	465
680.05	466
680.25	468
680.45	469
680.65	457
680.85	454
681.05	455
681.25	456
681.45	454
681.65	455
681.85	468
682.05	456
682.25	460
682.45	472
682.65	451
682.85	457
683.05	469
683.25	466
683.45	455
683.65	463
683.85	452
684.05	471
684.25	471
684.45	461
684.65	452
684.85	463
685.05	458
685.25	449
685.45	460
685.65	461
685.85	458
686.05	463
686.25	460
686.45	452
686.65	450
686.85	447
687.05	460
687.25	474
687.45	469
687.65	461
687.85	456
688.05	446
688.25	463
688.45	452
688.65	448
688.85	450
689.05	458
689.25	457
689.45	471
689.65	457
689.85	456
690.05	460
690.25	445
690.45	461
690.65	463
690.85	469
691.05	445
691.25	469
691.45	459
691.65	461
691.85	459
692.05	452
692.25	460
692.45	468
692.65	467
692.85	456
693.05	452
693.25	449
693.45	468
693.65	459
693.85	447
694.05	466
694.25	447
694.45	444
694.65	450
694.85	461
695.05	465
695.25	467
695.45	447
695.65	455
695.85	457
696.05	446
696.25	461
696.45	459
696.65	453
696.85	445
697.05	460
697.25	455
697.45	466
697.65	457
697.85	442
698.05	452
698.25	436
698.45	454
698.65	461
698.85	451
699.05	448
699.25	457
699.45	460
699.65	454
699.85	455
700.05	454
700.25	442
700.45	455
700.65	454
700.85	459
701.05	453
701.25	455
701.45	445
701.65	454
701.85	449
702.05	456
702.25	436
702.45	447
702.65	440
702.85	454
703.05	442
703.25	444
703.45	448
703.65	451
703.85	452
704.05	449
704.25	451
704.45	451
704.65	452
704.85	442
705.05	452
705.25	435
705.45	459
705.65	444
705.85	459
706.05	461
706.25	456
706.45	460
706.65	448
706.85	449
707.05	448
707.25	455
707.45	460
707.65	446
707.85	433
708.05	451
708.25	448
708.45	446
708.65	444
708.85	455
709.05	454
709.25	452
709.45	445
709.65	439
709.85	449
710.05	441
710.25	465
710.45	443
710.65	446
710.85	450
711.05	444
711.25	444
711.45	452
711.65	432
711.85	441
712.05	449
712.25	438
712.45	449
712.65	445
712.85	449
713.05	452
713.25	447
713.45	449
713.65	443
713.85	438
714.05	458
714.25	454
714.45	431
714.65	440
714.85	450
715.05	439
715.25	439
715.45	442
715.65	445
715.85	451
716.05	437
716.25	437
716.45	448
716.65	441
716.85	444
717.05	442
717.25	455
717.45	443
717.65	436
717.85	444
718.05	448
718.25	448
718.45	448
718.65	446
718.85	449
719.05	443
719.25	433
719.45	449
719.65	442
719.85	441
720.05	445
720.25	456
720.45	442
720.65	432
720.85	436
721.05	454
721.25	440
721.45	430
721.65	438
721.85	433
722.05	439
722.25	433
722.45	434
722.65	447
722.85	445
723.05	436
723.25	436
723.45	438
723.65	440
723.85	453
724.05	441
724.25	440
724.45	432
724.65	437
724.85	435
725.05	440
725.25	441
725.45	444
725.65	447
725.85	435
726.05	431
726.25	437
726.45	437
726.65	443
726.85	446
727.05	434
727.25	430
727.45	448
727.65	437
727.85	442
728.05	433
728.25	450
728.45	431
728.65	437
728.85	436
729.05	444
729.25	442
729.45	436
729.65	440
729.85	430
730.05	447
730.25	431
730.45	443
730.65	449
730.85	431
731.05	431
731.25	444
731.45	426
731.65	442
731.85	440
732.05	445
732.25	430
732.45	437
732.65	435
732.85	442
733.05	431
733.25	428
733.45	437
733.65	426
733.85	438
734.05	433
734.25	445
734.45	441
734.65	427
734.85	433
735.05	434
735.25	426
735.45	438
735.65	426
735.85	424
736.05	436
736.25	426
736.45	438
736.65	425
736.85	425
737.05	424
737.25	428
737.45	428
737.65	430
737.85	431
738.05	432
738.25	424
738.45	429
738.65	440
738.85	441
739.05	433
739.25	428
739.45	427
739.65	436
739.85	430
740.05	431
740.25	430
740.45	434
740.65	432
740.85	444
741.05	429
741.25	432
741.45	434
741.65	428
741.85	428
742.05	438
742.25	430
742.45	424
742.65	445
742.85	417
743.05	431
743.25	417
743.45	446
743.65	434
743.85	425
744.05	428
744.25	431
744.45	421
744.65	425
744.85	418
745.05	427
745.25	439
745.45	426
745.65	436
745.85	431
746.05	425
746.25	426
746.45	436
746.65	412
746.85	414
747.05	424
747.25	416
747.45	434
747.65	423
747.85	439
748.05	434
748.25	437
748.45	431
748.65	419
748.85	429
749.05	434
749.25	421
749.45	431
749.65	430
749.85	421
750.05	418
750.25	419
750.45	427
750.65	411
750.85	419
751.05	422
751.25	427
751.45	430
751.65	432
751.85	415
752.05	409
752.25	427
752.45	439
752.65	436
752.85	418
753.05	422
753.25	423
753.45	420
753.65	427
753.85	423
754.05	432
754.25	432
754.45	413
754.65	423
754.85	435
755.05	418
755.25	425
755.45	416
755.65	421
755.85	419
756.05	425
756.25	416
756.45	425
756.65	418
756.85	421
757.05	429
757.25	421
757.45	416
757.65	406
757.85	423
758.05	431
758.25	409
758.45	424
758.65	417
758.85	430
759.05	417
759.25	424
759.45	424
759.65	426
759.85	421
760.05	419
760.25	430
760.45	423
760.65	422
760.85	428
761.05	420
761.25	421
761.45	419
761.65	406
761.85	414
762.05	423
762.25	412
762.45	429
762.65	416
762.85	403
763.05	416
763.25	424
763.45	424
763.65	423
763.85	404
764.05	420
764.25	427
764.45	411
764.65	417
764.85	427
765.05	421
765.25	410
765.45	408
765.65	408
765.85	410
766.05	415
766.25	408
766.45	416
766.65	408
766.85	422
767.05	417
767.25	412
767.45	433
767.65	406
767.85	403
768.05	422
768.25	402
768.45	416
768.65	417
768.85	408
769.05	412
769.25	414
769.45	408
769.65	422
769.85	420
770.05	404
770.25	415
770.45	428
770.65	405
770.85	402
771.05	418
771.25	407
771.45	414
771.65	417
771.85	411
772.05	398
772.25	406
772.45	425
772.65	422
772.85	414
773.05	412
773.25	418
773.45	405
773.65	407
773.85	426
774.05	415
774.25	401
774.45	423
774.65	411
774.85	416
775.05	420
775.25	425
775.45	407
775.65	410
775.85	413
776.05	413
776.25	415
776.45	414
776.65	420
776.85	408
777.05	403
777.25	423
777.45	418
777.65	415
777.85	414
778.05	397
778.25	399
778.45	406
778.65	420
778.85	424
779.05	414
779.25	410
779.45	409
779.65	399
779.85	409
780.05	403
780.25	419
780.45	406
780.65	407
780.85	408
781.05	413
781.25	416
781.45	411
781.65	405
781.85	404
782.05	409
782.25	408
782.45	408
782.65	411
782.85	405
783.05	416
783.25	418
783.45	412
783.65	413
783.85	400
784.05	403
784.25	404
784.45	416
784.65	399
784.85	406
785.05	408
785.25	410
785.45	408
785.65	410
785.85	412
786.05	400
786.25	413
786.45	405
786.65	399
786.85	398
787.05	403
787.25	398
787.45	393
787.65	404
787.85	404
788.05	408
788.25	409
788.45	414
788.65	399
788.85	394
789.05	415
789.25	413
789.45	406
789.65	412
789.85	399
790.05	405
790.25	416
790.45	399
790.65	402
790.85	396
791.05	401
791.25	409
791.45	404
791.65	410
791.85	416
792.05	406
792.25	405
792.45	405
792.65	390
792.85	405
793.05	407
793.25	406
793.45	413
793.65	397
793.85	395
794.05	394
794.25	399
794.45	401
794.65	418
794.85	393
795.05	409
795.25	403
795.45	400
795.65	410
795.85	410
796.05	404
796.25	406
796.45	406
796.65	413
796.85	400
797.05	410
797.25	403
797.45	396
797.65	408
797.85	413
798.05	408
798.25	402
798.45	400
798.65	394
798.85	404
799.05	399
799.25	407
799.45	399
799.65	391
799.85	399
800.05	401
800.25	400
800.45	406
800.65	410
800.85	391
801.05	406
801.25	409
801.45	399
801.65	404
801.85	404
802.05	406
802.25	400
802.45	403
802.65	396
802.85	387
803.05	399
803.25	391
803.45	399
803.65	402
803.85	397
804.05	395
804.25	395
804.45	388
804.65	399
804.85	396
805.05	400
805.25	392
805.45	400
805.65	399
805.85	400
806.05	400
806.25	403
806.45	386
806.65	394
806.85	402
807.05	389
807.25	393
807.45	396
807.65	408
807.85	384
808.05	389
808.25	388
808.45	401
808.65	394
808.85	390
809.05	389
809.25	403
809.45	378
809.65	394
809.85	398
810.05	395
810.25	406
810.45	388
810.65	393
810.85	398
811.05	395
811.25	400
811.45	394
811.65	389
811.85	394
812.05	396
812.25	400
812.45	386
812.65	381
812.85	380
813.05	396
813.25	395
813.45	389
813.65	387
813.85	392
814.05	384
814.25	385
814.45	396
814.65	387
814.85	384
815.05	395
815.25	394
815.45	401
815.65	397
815.85	385
816.05	404
816.25	381
816.45	392
816.65	407
816.85	398
817.05	396
817.25	384
817.45	390
817.65	380
817.85	392
818.05	406
818.25	396
818.45	402
818.65	398
818.85	395
819.05	380
819.25	394
819.45	382
819.65	376
819.85	394
820.05	382
820.25	390
820.45	384
820.65	391
820.85	385
821.05	390
821.25	387
821.45	384
821.65	389
821.85	386
822.05	384
822.25	388
822.45	394
822.65	401
822.85	391
823.05	389
823.25	392
823.45	384
823.65	396
823.85	395
824.05	384
824.25	385
824.45	396
824.65	384
824.85	391
825.05	382
825.25	399
825.45	385
825.65	383
825.85	390
826.05	391
826.25	391
826.45	383
826.65	397
826.85	377
827.05	375
827.25	390
827.45	381
827.65	393
827.85	397
828.05	385
828.25	386
828.45	389
828.65	384
828.85	385
829.05	384
829.25	385
829.45	380
829.65	394
829.85	381
830.05	391
830.25	387
830.45	376
830.65	384
830.85	383
831.05	384
831.25	374
831.45	385
831.65	384
831.85	383
832.05	383
832.25	388
832.45	400
832.65	395
832.85	385
833.05	382
833.25	392
833.45	389
833.65	383
833.85	377
834.05	388
834.25	388
834.45	392
834.65	371
834.85	372
835.05	380
835.25	372
835.45	382
835.65	387
835.85	391
836.05	392
836.25	378
836.45	378
836.65	384
836.85	379
837.05	387
837.25	367
837.45	388
837.65	376
837.85	372
838.05	378
838.25	387
838.45	382
838.65	379
838.85	369
839.05	391
839.25	392
839.45	374
839.65	377
839.85	375
840.05	386
840.25	377
840.45	372
840.65	380
840.85	381
841.05	385
841.25	369
841.45	383
841.65	379
841.85	386
842.05	369
842.25	379
842.45	370
842.65	365
842.85	380
843.05	384
843.25	372
843.45	374
843.65	375
843.85	369
844.05	378
844.25	367
844.45	368
844.65	379
844.85	371
845.05	377
845.25	374
845.45	372
845.65	372
845.85	375
846.05	371
846.25	383
846.45	379
846.65	370
846.85	381
847.05	375
847.25	372
847.45	365
847.65	372
847.85	369
848.05	374
848.25	363
848.45	374
848.65	370
848.85	377
849.05	379
849.25	372
849.45	372
849.65	381
849.85	388
850.05	390
850.25	369
850.45	376
850.65	365
850.85	379
851.05	376
851.25	369
851.45	382
851.65	377
851.85	371
852.05	376
852.25	369
852.45	375
852.65	372
852.85	370
853.05	367
853.25	362
853.45	374
853.65	378
853.85	373
854.05	372
854.25	383
854.45	372
854.65	374
854.85	376
855.05	368
855.25	370
855.45	373
855.65	379
855.85	364
856.05	376
856.25	384
856.45	362
856.65	374
856.85	371
857.05	364
857.25	375
857.45	371
857.65	367
857.85	357
858.05	365
858.25	378
858.45	367
858.65	377
858.85	364
859.05	377
859.25	369
859.45	372
859.65	368
859.85	379
860.05	372
860.25	365
860.45	359
860.65	360
860.85	359
861.05	360
861.25	370
861.45	366
861.65	375
861.85	366
862.05	372
862.25	369
862.45	361
862.65	364
862.85	374
863.05	364
863.25	366
863.45	377
863.65	372
863.85	363
864.05	370
864.25	367
864.45	364
864.65	367
864.85	362
865.05	367
865.25	377
865.45	379
865.65	363
865.85	372
866.05	372
866.25	376
866.45	364
866.65	355
866.85	363
867.05	358
867.25	364
867.45	352
867.65	363
867.85	358
868.05	368
868.25	372
868.45	366
868.65	362
868.85	358
869.05	371
869.25	347
869.45	367
869.65	371
869.85	362
870.05	368
870.25	365
870.45	362
870.65	360
870.85	366
871.05	358
871.25	370
871.45	365
871.65	360
871.85	365
872.05	364
872.25	363
872.45	357
872.65	360
872.85	357
873.05	358
873.25	369
873.45	364
873.65	361
873.85	358
874.05	365
874.25	366
874.45	353
874.65	373
874.85	362
875.05	355
875.25	370
875.45	363
875.65	362
875.85	364
876.05	370
876.25	359
876.45	360
876.65	362
876.85	359
877.05	362
877.25	356
877.45	364
877.65	348
877.85	352
878.05	375
878.25	361
878.45	354
878.65	357
878.85	356
879.05	370
879.25	368
879.45	354
879.65	354
879.85	366
880.05	356
880.25	357
880.45	359
880.65	357
880.85	357
881.05	363
881.25	364
881.45	362
881.65	360
881.85	354
882.05	356
882.25	356
882.45	366
882.65	364
882.85	362
883.05	372
883.25	352
883.45	362
883.65	350
883.85	362
884.05	363
884.25	367
884.45	351
884.65	352
884.85	365
885.05	353
885.25	367
885.45	362
885.65	355
885.85	364
886.05	346
886.25	347
886.45	348
886.65	343
886.85	354
887.05	366
887.25	352
887.45	356
887.65	344
887.85	344
888.05	364
888.25	366
888.45	365
888.65	358
888.85	338
889.05	354
889.25	353
889.45	366
889.65	350
889.85	351
890.05	349
890.25	344
890.45	350
890.65	349
890.85	338
891.05	354
891.25	347
891.45	350
891.65	355
891.85	364
892.05	362
892.25	356
892.45	347
892.65	351
892.85	356
893.05	350
893.25	353
893.45	345
893.65	343
893.85	340
894.05	343
894.25	344
894.45	352
894.65	346
894.85	358
895.05	360
895.25	346
895.45	365
895.65	358
895.85	347
896.05	358
896.25	353
896.45	345
896.65	356
896.85	351
897.05	338
897.25	348
897.45	343
897.65	349
897.85	349
898.05	351
898.25	346
898.45	356
898.65	348
898.85	352
899.05	341
899.25	349
899.45	347
899.65	344
899.85	349
900.05	344
900.25	348
900.45	350
900.65	355
900.85	335
901.05	342
901.25	342
901.45	341
901.65	342
901.85	349
902.05	343
902.25	358
902.45	346
902.65	352
902.85	350
903.05	345
903.25	342
903.45	342
903.65	351
903.85	351
904.05	352
904.25	362
904.45	356
904.65	350
904.85	340
905.05	345
905.25	339
905.45	360
905.65	341
905.85	348
906.05	338
906.25	344
906.45	350
906.65	338
906.85	350
907.05	354
907.25	349
907.45	347
907.65	348
907.85	346
908.05	358
908.25	359
908.45	344
908.65	350
908.85	332
909.05	334
909.25	347
909.45	356
909.65	350
909.85	358
910.05	341
910.25	346
910.45	344
910.65	342
910.85	334
911.05	356
911.25	356
911.45	349
911.65	346
911.85	329
912.05	346
912.25	345
912.45	338
912.65	341
912.85	328
913.05	337
913.25	332
913.45	340
913.65	348
913.85	339
914.05	335
914.25	348
914.45	344
914.65	327
914.85	326
915.05	327
915.25	339
915.45	338
915.65	333
915.85	342
916.05	339
916.25	342
916.45	336
916.65	339
916.85	343
917.05	339
917.25	338
917.45	345
917.65	353
917.85	341
918.05	343
918.25	350
918.45	341
918.65	335
918.85	331
919.05	338
919.25	347
919.45	338
919.65	339
919.85	342
920.05	332
920.25	335
920.45	339
920.65	343
920.85	335
921.05	336
921.25	342
921.45	331
921.65	355
921.85	334
922.05	335
922.25	343
922.45	354
922.65	335
922.85	329
923.05	339
923.25	333
923.45	330
923.65	329
923.85	330
924.05	342
924.25	343
924.45	328
924.65	338
924.85	327
925.05	334
925.25	339
925.45	339
925.65	337
925.85	335
926.05	333
926.25	340
926.45	343
926.65	347
926.85	331
927.05	334
927.25	347
927.45	343
927.65	336
927.85	328
928.05	333
928.25	330
928.45	327
928.65	334
928.85	344
929.05	343
929.25	325
929.45	331
929.65	331
929.85	344
930.05	340
930.25	340
930.45	329
930.65	333
930.85	330
931.05	339
931.25	334
931.45	324
931.65	336
931.85	320
932.05	346
932.25	339
932.45	338
932.65	329
932.85	336
933.05	332
933.25	323
933.45	336
933.65	327
933.85	326
934.05	326
934.25	334
934.45	324
934.65	325
934.85	335
935.05	323
935.25	328
935.45	333
935.65	329
935.85	336
936.05	328
936.25	316
936.45	328
936.65	331
936.85	338
937.05	331
937.25	332
937.45	322
937.65	331
937.85	327
938.05	331
938.25	326
938.45	341
938.65	328
938.85	338
939.05	332
939.25	329
939.45	331
939.65	332
939.85	323
940.05	331
940.25	329
940.45	336
940.65	332
940.85	329
941.05	330
941.25	343
941.45	337
941.65	321
941.85	329
942.05	316
942.25	337
942.45	327
942.65	334
942.85	332
943.05	330
943.25	324
943.45	328
943.65	331
943.85	332
944.05	323
944.25	343
944.45	323
944.65	332
944.85	321
945.05	328
945.25	321
945.45	324
945.65	315
945.85	333
946.05	318
946.25	340
946.45	317
946.65	323
946.85	315
947.05	329
947.25	317
947.45	328
947.65	323
947.85	314
948.05	323
948.25	312
948.45	317
948.65	325
948.85	327
949.05	337
949.25	331
949.45	327
949.65	327
949.85	318
950.05	328
950.25	311
950.45	337
950.65	328
950.85	330
951.05	329
951.25	340
951.45	332
951.65	325
951.85	330
952.05	324
952.25	323
952.45	339
952.65	333
952.85	339
953.05	329
953.25	333
953.45	341
953.65	322
953.85	338
954.05	332
954.25	346
954.45	332
954.65	341
954.85	331
955.05	340
955.25	348
955.45	338
955.65	347
955.85	344
956.05	340
956.25	351
956.45	345
956.65	355
956.85	355
957.05	337
957.25	349
957.45	353
957.65	339
957.85	350
958.05	347
958.25	348
958.45	365
958.65	364
958.85	345
959.05	353
959.25	362
959.45	357
959.65	363
959.85	370
960.05	356
960.25	350
960.45	350
960.65	352
960.85	356
961.05	363
961.25	361
961.45	356
961.65	371
961.85	350
962.05	357
962.25	372
962.45	363
962.65	369
962.85	356
963.05	355
963.25	366
963.45	378
963.65	374
963.85	364
964.05	375
964.25	372
964.45	378
964.65	375
964.85	366
965.05	367
965.25	378
965.45	372
965.65	375
965.85	367
966.05	389
966.25	380
966.45	372
966.65	377
966.85	370
967.05	386
967.25	376
967.45	364
967.65	385
967.85	393
968.05	382
968.25	383
968.45	372
968.65	380
968.85	385
969.05	376
969.25	380
969.45	374
969.65	386
969.85	397
970.05	392
970.25	381
970.45	392
970.65	386
970.85	385
971.05	384
971.25	387
971.45	391
971.65	395
971.85	393
972.05	394
972.25	391
972.45	395
972.65	398
972.85	396
973.05	384
973.25	396
973.45	397
973.65	409
973.85	397
974.05	398
974.25	396
974.45	394
974.65	404
974.85	408
975.05	409
975.25	410
975.45	413
975.65	402
975.85	407
976.05	400
976.25	418
976.45	395
976.65	412
976.85	414
977.05	410
977.25	415
977.45	415
977.65	404
977.85	419
978.05	414
978.25	413
978.45	406
978.65	411
978.85	406
979.05	424
979.25	419
979.45	427
979.65	417
979.85	415
980.05	417
980.25	421
980.45	433
980.65	426
980.85	410
981.05	423
981.25	431
981.45	432
981.65	421
981.85	427
982.05	430
982.25	422
982.45	430
982.65	434
982.85	426
983.05	436
983.25	430
983.45	430
983.65	431
983.85	436
984.05	432
984.25	423
984.45	438
984.65	424
984.85	423
985.05	431
985.25	432
985.45	442
985.65	437
985.85	433
986.05	428
986.25	436
986.45	429
986.65	440
986.85	435
987.05	431
987.25	448
987.45	432
987.65	447
987.85	453
988.05	439
988.25	452
988.45	459
988.65	445
988.85	443
989.05	439
989.25	460
989.45	442
989.65	451
989.85	465
990.05	455
990.25	442
990.45	448
990.65	460
990.85	450
991.05	465
991.25	467
991.45	453
991.65	443
991.85	461
992.05	469
992.25	453
992.45	466
992.65	453
992.85	456
993.05	448
993.25	449
993.45	458
993.65	460
993.85	458
994.05	469
994.25	465
994.45	466
994.65	470
994.85	455
995.05	458
995.25	466
995.45	450
995.65	479
995.85	463
996.05	474
996.25	471
996.45	482
996.65	484
996.85	483
997.05	468
997.25	483
997.45	473
997.65	471
997.85	478
998.05	465
998.25	477
998.45	466
998.65	475
998.85	471
999.05	477
999.25	472
999.45	483
999.65	479
999.85	488
1000.05	489
1000.25	506
1000.45	491
1000.65	505
1000.85	504
1001.05	492
1001.25	489
1001.45	484
1001.65	498
1001.85	501
1002.05	500
1002.25	488
1002.45	494
1002.65	486
1002.85	496
1003.05	493
1003.25	475
1003.45	494
1003.65	502
1003.85	483
1004.05	509
1004.25	482
1004.45	492
1004.65	495
1004.85	504
1005.05	484
1005.25	490
1005.45	488
1005.65	502
1005.85	492
1006.05	492
1006.25	498
1006.45	495
1006.65	499
1006.85	497
1007.05	493
1007.25	496
1007.45	501
1007.65	499
1007.85	491
1008.05	481
1008.25	491
1008.45	491
1008.65	479
1008.85	487
1009.05	477
1009.25	502
1009.45	499
1009.65	501
1009.85	501
1010.05	487
1010.25	506
1010.45	493
1010.65	489
1010.85	484
1011.05	497
1011.25	503
1011.45	500
1011.65	495
1011.85	502
1012.05	487
1012.25	503
1012.45	498
1012.65	489
1012.85	482
1013.05	496
1013.25	507
1013.45	491
1013.65	498
1013.85	493
1014.05	492
1014.25	495
1014.45	494
1014.65	503
1014.85	492
1015.05	501
1015.25	503
1015.45	497
1015.65	495
1015.85	494
1016.05	489
1016.25	491
1016.45	499
1016.65	498
1016.85	486
1017.05	500
1017.25	493
1017.45	498
1017.65	496
1017.85	490
1018.05	496
1018.25	500
1018.45	490
1018.65	494
1018.85	504
1019.05	487
1019.25	505
1019.45	504
1019.65	495
1019.85	501
1020.05	495
1020.25	498
1020.45	494
1020.65	495
1020.85	503
1021.05	489
1021.25	494
1021.45	491
1021.65	499
1021.85	498
1022.05	498
1022.25	505
1022.45	502
1022.65	495
1022.85	491
1023.05	497
1023.25	493
1023.45	491
1023.65	496
1023.85	488
1024.05	499
1024.25	501
1024.45	506
1024.65	501
1024.85	503
1025.05	503
1025.25	502
1025.45	497
1025.65	495
1025.85	493
1026.05	502
1026.25	497
1026.45	499
1026.65	508
1026.85	498
1027.05	492
1027.25	487
1027.45	483
1027.65	495
1027.85	494
1028.05	492
1028.25	495
1028.45	503
1028.65	490
1028.85	491
1029.05	499
1029.25	503
1029.45	489
1029.65	490
1029.85	491
1030.05	493
1030.25	487
1030.45	506
1030.65	491
1030.85	501
1031.05	488
1031.25	486
1031.45	489
1031.65	502
1031.85	488
1032.05	503
1032.25	492
1032.45	491
1032.65	491
1032.85	502
1033.05	495
1033.25	499
1033.45	491
1033.65	500
1033.85	500
1034.05	488
1034.25	502
1034.45	503
1034.65	493
1034.85	498
1035.05	492
1035.25	488
1035.45	511
1035.65	499
1035.85	509
1036.05	492
1036.25	497
1036.45	493
1036.65	492
1036.85	488
1037.05	498
1037.25	507
1037.45	503
1037.65	495
1037.85	497
1038.05	499
1038.25	503
1038.45	495
1038.65	499
1038.85	488
1039.05	504
1039.25	493
1039.45	500
1039.65	495
1039.85	493
1040.05	489
1040.25	490
1040.45	495
1040.65	502
1040.85	509
1041.05	494
1041.25	501
1041.45	493
1041.65	493
1041.85	504
1042.05	491
1042.25	498
1042.45	497
1042.65	495
1042.85	494
1043.05	498
1043.25	494
1043.45	500
1043.65	497
1043.85	505
1044.05	497
1044.25	501
1044.45	502
1044.65	494
1044.85	495
1045.05	493
1045.25	494
1045.45	486
1045.65	494
1045.85	500
1046.05	500
1046.25	488
1046.45	499
1046.65	495
1046.85	484
1047.05	493
1047.25	494
1047.45	502
1047.65	497
1047.85	494
1048.05	491
1048.25	504
1048.45	494
1048.65	504
1048.85	501
1049.05	492
1049.25	497
1049.45	488
1049.65	495
1049.85	504
1050.05	510
1050.25	488
1050.45	499
1050.65	498
1050.85	509
1051.05	498
1051.25	506
1051.45	506
1051.65	508
1051.85	505
1052.05	494
1052.25	502
1052.45	487
1052.65	500
1052.85	501
1053.05	505
1053.25	504
1053.45	506
1053.65	502
1053.85	498
1054.05	498
1054.25	504
1054.45	504
1054.65	493
1054.85	507
1055.05	498
1055.25	497
1055.45	503
1055.65	498
1055.85	491
1056.05	493
1056.25	499
1056.45	506
1056.65	498
1056.85	503
1057.05	503
1057.25	499
1057.45	498
1057.65	509
1057.85	510
1058.05	502
1058.25	502
1058.45	508
1058.65	487
1058.85	496
1059.05	509
1059.25	498
1059.45	495
1059.65	499
1059.85	493
1060.05	497
1060.25	499
1060.45	498
1060.65	510
1060.85	500
1061.05	489
1061.25	496
1061.45	499
1061.65	504
1061.85	507
1062.05	489
1062.25	510
1062.45	500
1062.65	501
1062.85	499
1063.05	502
1063.25	495
1063.45	508
1063.65	505
1063.85	510
1064.05	499
1064.25	505
1064.45	499
1064.65	497
1064.85	490
1065.05	503
1065.25	501
1065.45	507
1065.65	493
1065.85	505
1066.05	490
1066.25	490
1066.45	499
1066.65	502
1066.85	495
1067.05	500
1067.25	494
1067.45	498
1067.65	498
1067.85	500
1068.05	508
1068.25	496
1068.45	514
1068.65	506
1068.85	501
1069.05	499
1069.25	496
1069.45	498
1069.65	498
1069.85	502
1070.05	494
1070.25	497
1070.45	503
1070.65	489
1070.85	502
1071.05	502
1071.25	518
1071.45	487
1071.65	494
1071.85	513
1072.05	505
1072.25	506
1072.45	488
1072.65	506
1072.85	503
1073.05	510
1073.25	497
1073.45	500
1073.65	501
1073.85	502
1074.05	502
1074.25	506
1074.45	507
1074.65	511
1074.85	498
1075.05	510
1075.25	500
1075.45	518
1075.65	503
1075.85	507
1076.05	503
1076.25	506
1076.45	504
1076.65	494
1076.85	500
1077.05	498
1077.25	500
1077.45	511
1077.65	500
1077.85	510
1078.05	509
1078.25	508
1078.45	494
1078.65	495
1078.85	509
1079.05	495
1079.25	498
1079.45	510
1079.65	504
1079.85	503
1080.05	497
1080.25	506
1080.45	498
1080.65	491
1080.85	507
1081.05	510
1081.25	506
1081.45	514
1081.65	496
1081.85	505
1082.05	507
1082.25	499
1082.45	505
1082.65	498
1082.85	495
1083.05	501
1083.25	508
1083.45	504
1083.65	492
1083.85	505
1084.05	508
1084.25	493
1084.45	494
1084.65	510
1084.85	496
1085.05	500
1085.25	506
1085.45	502
1085.65	495
1085.85	508
1086.05	491
1086.25	500
1086.45	510
1086.65	509
1086.85	512
1087.05	503
1087.25	499
1087.45	505
1087.65	503
1087.85	497
1088.05	505
1088.25	508
1088.45	508
1088.65	493
1088.85	507
1089.05	512
1089.25	502
1089.45	500
1089.65	494
1089.85	518
1090.05	506
1090.25	504
1090.45	509
1090.65	505
1090.85	508
1091.05	497
1091.25	511
1091.45	505
1091.65	512
1091.85	502
1092.05	501
1092.25	508
1092.45	500
1092.65	517
1092.85	503
1093.05	498
1093.25	502
1093.45	496
1093.65	495
1093.85	515
1094.05	510
1094.25	510
1094.45	509
1094.65	510
1094.85	520
1095.05	510
1095.25	506
1095.45	503
1095.65	492
1095.85	496
1096.05	511
1096.25	499
1096.45	506
1096.65	503
1096.85	504
1097.05	506
1097.25	514
1097.45	500
1097.65	511
1097.85	509
1098.05	505
1098.25	514
1098.45	508
1098.65	502
1098.85	501
1099.05	502
1099.25	495
1099.45	516
1099.65	503
1099.85	494
1100.05	491
1100.25	507
1100.45	501
1100.65	512
1100.85	498
1101.05	516
1101.25	499
1101.45	506
1101.65	519
1101.85	499
1102.05	501
1102.25	517
1102.45	501
1102.65	505
1102.85	513
1103.05	503
1103.25	499
1103.45	503
1103.65	506
1103.85	515
1104.05	503
1104.25	503
1104.45	495
1104.65	505
1104.85	501
1105.05	493
1105.25	507
1105.45	508
1105.65	518
1105.85	503
1106.05	518
1106.25	487
1106.45	508
1106.65	509
1106.85	510
1107.05	497
1107.25	511
1107.45	507
1107.65	513
1107.85	499
1108.05	498
1108.25	515
1108.45	508
1108.65	505
1108.85	512
1109.05	510
1109.25	498
1109.45	498
1109.65	506
1109.85	509
1110.05	515
1110.25	515
1110.45	518
1110.65	500
1110.85	504
1111.05	502
1111.25	505
1111.45	505
1111.65	519
1111.85	500
1112.05	515
1112.25	516
1112.45	511
1112.65	515
1112.85	500
1113.05	508
1113.25	497
1113.45	504
1113.65	517
1113.85	501
1114.05	501
1114.25	498
1114.45	497
1114.65	513
1114.85	514
1115.05	507
1115.25	505
1115.45	508
1115.65	496
1115.85	514
1116.05	500
1116.25	505
1116.45	497
1116.65	501
1116.85	512
1117.05	504
1117.25	519
1117.45	520
1117.65	513
1117.85	507
1118.05	509
1118.25	510
1118.45	499
1118.65	507
1118.85	511
1119.05	516
1119.25	504
1119.45	508
1119.65	507
1119.85	512
1120.05	512
1120.25	504
1120.45	516
1120.65	516
1120.85	504
1121.05	509
1121.25	508
1121.45	505
1121.65	511
1121.85	502
1122.05	505
1122.25	498
1122.45	507
1122.65	509
1122.85	506
1123.05	504
1123.25	507
1123.45	514
1123.65	519
1123.85	507
1124.05	517
1124.25	514
1124.45	505
1124.65	500
1124.85	515
1125.05	497
1125.25	511
1125.45	511
1125.65	509
1125.85	511
1126.05	519
1126.25	509
1126.45	505
1126.65	522
1126.85	507
1127.05	513
1127.25	503
1127.45	522
1127.65	521
1127.85	508
1128.05	502
1128.25	499
1128.45	501
1128.65	509
1128.85	510
1129.05	500
1129.25	509
1129.45	501
1129.65	510
1129.85	505
1130.05	518
1130.25	505
1130.45	511
1130.65	506
1130.85	510
1131.05	513
1131.25	506
1131.45	507
1131.65	511
1131.85	496
1132.05	508
1132.25	518
1132.45	528
1132.65	499
1132.85	511
1133.05	512
1133.25	512
1133.45	511
1133.65	511
1133.85	510
1134.05	505
1134.25	511
1134.45	511
1134.65	503
1134.85	507
1135.05	516
1135.25	514
1135.45	511
1135.65	524
1135.85	499
1136.05	510
1136.25	514
1136.45	500
1136.65	494
1136.85	506
1137.05	515
1137.25	519
1137.45	498
1137.65	519
1137.85	505
1138.05	505
1138.25	504
1138.45	508
1138.65	517
1138.85	520
1139.05	512
1139.25	514
1139.45	512
1139.65	504
1139.85	516
1140.05	508
1140.25	506
1140.45	520
1140.65	504
1140.85	509
1141.05	511
1141.25	500
1141.45	514
1141.65	516
1141.85	502
1142.05	507
1142.25	502
1142.45	501
1142.65	499
1142.85	519
1143.05	506
1143.25	501
1143.45	511
1143.65	517
1143.85	510
1144.05	517
1144.25	515
1144.45	516
1144.65	509
1144.85	520
1145.05	504
1145.25	524
1145.45	511
1145.65	515
1145.85	506
1146.05	512
1146.25	501
1146.45	520
1146.65	510
1146.85	520
1147.05	515
1147.25	507
1147.45	511
1147.65	508
1147.85	513
1148.05	519
1148.25	500
1148.45	514
1148.65	512
1148.85	503
1149.05	511
1149.25	514
1149.45	505
1149.65	516
1149.85	500
1150.05	512
1150.25	513
1150.45	512
1150.65	514
1150.85	516
1151.05	505
1151.25	521
1151.45	517
1151.65	503
1151.85	511
1152.05	522
1152.25	523
1152.45	504
1152.65	522
1152.85	520
1153.05	506
1153.25	521
1153.45	502
1153.65	512
1153.85	515
1154.05	510
1154.25	499
1154.45	516
1154.65	495
1154.85	503
1155.05	506
1155.25	500
1155.45	499
1155.65	505
1155.85	514
1156.05	497
1156.25	512
1156.45	521
1156.65	510
1156.85	503
1157.05	508
1157.25	516
1157.45	510
1157.65	505
1157.85	515
1158.05	512
1158.25	501
1158.45	509
1158.65	502
1158.85	508
1159.05	507
1159.25	514
1159.45	509
1159.65	508
1159.85	507
1160.05	508
1160.25	510
1160.45	503
1160.65	516
1160.85	507
1161.05	513
1161.25	509
1161.45	501
1161.65	515
1161.85	510
1162.05	512
1162.25	516
1162.45	504
1162.65	513
1162.85	521
1163.05	517
1163.25	516
1163.45	517
1163.65	518
1163.85	531
1164.05	509
1164.25	514
1164.45	524
1164.65	520
1164.85	520
1165.05	524
1165.25	506
1165.45	506
1165.65	503
1165.85	505
1166.05	510
1166.25	512
1166.45	516
1166.65	507
1166.85	506
1167.05	503
1167.25	500
1167.45	525
1167.65	513
1167.85	504
1168.05	521
1168.25	520
1168.45	520
1168.65	497
1168.85	505
1169.05	514
1169.25	510
1169.45	511
1169.65	507
1169.85	514
1170.05	503
1170.25	509
1170.45	515
1170.65	515
1170.85	512
1171.05	507
1171.25	502
1171.45	514
1171.65	517
1171.85	523
1172.05	512
1172.25	516
1172.45	508
1172.65	509
1172.85	519
1173.05	507
1173.25	518
1173.45	516
1173.65	512
1173.85	513
1174.05	510
1174.25	513
1174.45	524
1174.65	518
1174.85	523
1175.05	516
1175.25	515
1175.45	510
1175.65	504
1175.85	522
1176.05	503
1176.25	507
1176.45	513
1176.65	517
1176.85	520
1177.05	510
1177.25	517
1177.45	505
1177.65	508
1177.85	525
1178.05	516
1178.25	513
1178.45	524
1178.65	514
1178.85	518
1179.05	501
1179.25	521
1179.45	523
1179.65	528
1179.85	517
1180.05	516
1180.25	514
1180.45	518
1180.65	508
1180.85	514
1181.05	518
1181.25	512
1181.45	509
1181.65	522
1181.85	520
1182.05	502
1182.25	516
1182.45	508
1182.65	500
1182.85	527
1183.05	512
1183.25	517
1183.45	515
1183.65	503
1183.85	516
1184.05	521
1184.25	518
1184.45	513
1184.65	520
1184.85	500
1185.05	513
1185.25	520
1185.45	512
1185.65	510
1185.85	518
1186.05	509
1186.25	509
1186.45	510
1186.65	509
1186.85	522
1187.05	515
1187.25	520
1187.45	513
1187.65	525
1187.85	524
1188.05	515
1188.25	523
1188.45	516
1188.65	517
1188.85	531
1189.05	515
1189.25	514
1189.45	518
1189.65	530
1189.85	508
1190.05	518
1190.25	525
1190.45	518
1190.65	503
1190.85	503
1191.05	499
1191.25	527
1191.45	503
1191.65	514
1191.85	517
1192.05	516
1192.25	509
1192.45	522
1192.65	518
1192.85	519
1193.05	517
1193.25	512
1193.45	512
1193.65	517
1193.85	513
1194.05	517
1194.25	519
1194.45	524
1194.65	504
1194.85	512
1195.05	522
1195.25	514
1195.45	514
1195.65	513
1195.85	522
1196.05	532
1196.25	525
1196.45	516
1196.65	514
1196.85	512
1197.05	512
1197.25	524
1197.45	523
1197.65	510
1197.85	507
1198.05	518
1198.25	519
1198.45	512
1198.65	513
1198.85	522
1199.05	516
1199.25	517
1199.45	513
1199.65	507
1199.85	511
1200.05	513
1200.25	508
1200.45	502
1200.65	512
1200.85	511
1201.05	514
1201.25	520
1201.45	502
1201.65	521
1201.85	522
1202.05	513
1202.25	504
1202.45	510
1202.65	523
1202.85	509
1203.05	515
1203.25	526
1203.45	527
1203.65	517
1203.85	516
1204.05	520
1204.25	521
1204.45	508
1204.65	515
1204.85	516
1205.05	515
1205.25	519
1205.45	522
1205.65	517
1205.85	514
1206.05	517
1206.25	515
1206.45	504
1206.65	510
1206.85	520
1207.05	525
1207.25	521
1207.45	501
1207.65	504
1207.85	523
1208.05	516
1208.25	513
1208.45	513
1208.65	516
1208.85	501
1209.05	519
1209.25	525
1209.45	523
1209.65	519
1209.85	516
1210.05	528
1210.25	532
1210.45	523
1210.65	524
1210.85	531
1211.05	517
1211.25	513
1211.45	517
1211.65	504
1211.85	518
1212.05	519
1212.25	521
1212.45	523
1212.65	510
1212.85	518
1213.05	522
1213.25	531
1213.45	520
1213.65	513
1213.85	517
1214.05	526
1214.25	508
1214.45	532
1214.65	522
1214.85	520
1215.05	514
1215.25	515
1215.45	529
1215.65	528
1215.85	518
1216.05	525
1216.25	523
1216.45	513
1216.65	511
1216.85	512
1217.05	520
1217.25	517
1217.45	512
1217.65	527
1217.85	514
1218.05	526
1218.25	517
1218.45	519
1218.65	521
1218.85	511
1219.05	524
1219.25	524
1219.45	519
1219.65	512
1219.85	512
1220.05	514
1220.25	523
1220.45	522
1220.65	516
1220.85	521
1221.05	523
1221.25	531
1221.45	516
1221.65	523
1221.85	522
1222.05	515
1222.25	521
1222.45	509
1222.65	525
1222.85	519
1223.05	523
1223.25	525
1223.45	518
1223.65	521
1223.85	516
1224.05	516
1224.25	515
1224.45	515
1224.65	518
1224.85	522
1225.05	526
1225.25	519
1225.45	530
1225.65	523
1225.85	507
1226.05	526
1226.25	520
1226.45	510
1226.65	515
1226.85	515
1227.05	529
1227.25	516
1227.45	508
1227.65	522
1227.85	519
1228.05	517
1228.25	527
1228.45	513
1228.65	519
1228.85	510
1229.05	520
1229.25	524
1229.45	516
1229.65	536
1229.85	522
1230.05	522
1230.25	525
1230.45	510
1230.65	518
1230.85	517
1231.05	515
1231.25	514
1231.45	521
1231.65	510
1231.85	530
1232.05	526
1232.25	520
1232.45	506
1232.65	505
1232.85	514
1233.05	519
1233.25	527
1233.45	514
1233.65	518
1233.85	518
1234.05	515
1234.25	521
1234.45	517
1234.65	527
1234.85	518
1235.05	528
1235.25	515
1235.45	512
1235.65	520
1235.85	526
1236.05	518
1236.25	510
1236.45	511
1236.65	526
1236.85	528
1237.05	526
1237.25	523
1237.45	526
1237.65	523
1237.85	526
1238.05	519
1238.25	516
1238.45	514
1238.65	515
1238.85	515
1239.05	533
1239.25	515
1239.45	522
1239.65	532
1239.85	519
1240.05	526
1240.25	518
1240.45	507
1240.65	514
1240.85	515
1241.05	518
1241.25	530
1241.45	535
1241.65	524
1241.85	536
1242.05	525
1242.25	526
1242.45	509
1242.65	530
1242.85	517
1243.05	509
1243.25	519
1243.45	524
1243.65	512
1243.85	526
1244.05	518
1244.25	534
1244.45	517
1244.65	527
1244.85	520
1245.05	533
1245.25	505
1245.45	527
1245.65	536
1245.85	528
1246.05	522
1246.25	527
1246.45	518
1246.65	532
1246.85	528
1247.05	515
1247.25	529
1247.45	507
1247.65	516
1247.85	517
1248.05	530
1248.25	517
1248.45	526
1248.65	533
1248.85	525
1249.05	511
1249.25	536
1249.45	525
1249.65	521
1249.85	514
1250.05	521
1250.25	518
1250.45	535
1250.65	522
1250.85	527
1251.05	523
1251.25	515
1251.45	520
1251.65	506
1251.85	529
1252.05	523
1252.25	511
1252.45	528
1252.65	541
1252.85	521
1253.05	520
1253.25	534
1253.45	518
1253.65	538
1253.85	520
1254.05	508
1254.25	513
1254.45	513
1254.65	517
1254.85	522
1255.05	527
1255.25	524
1255.45	519
1255.65	522
1255.85	524
1256.05	525
1256.25	509
1256.45	536
1256.65	531
1256.85	529
1257.05	531
1257.25	520
1257.45	519
1257.65	518
1257.85	530
1258.05	518
1258.25	522
1258.45	521
1258.65	533
1258.85	541
1259.05	512
1259.25	518
1259.45	525
1259.65	533
1259.85	532
1260.05	529
1260.25	516
1260.45	533
1260.65	523
1260.85	515
1261.05	530
1261.25	530
1261.45	518
1261.65	512
1261.85	528
1262.05	523
1262.25	533
1262.45	519
1262.65	525
1262.85	527
1263.05	522
1263.25	535
1263.45	527
1263.65	513
1263.85	529
1264.05	524
1264.25	517
1264.45	521
1264.65	538
1264.85	518
1265.05	531
1265.25	532
1265.45	516
1265.65	512
1265.85	518
1266.05	504
1266.25	527
1266.45	530
1266.65	525
1266.85	531
1267.05	536
1267.25	514
1267.45	521
1267.65	523
1267.85	532
1268.05	524
1268.25	524
1268.45	536
1268.65	522
1268.85	525
1269.05	517
1269.25	514
1269.45	516
1269.65	526
1269.85	520
1270.05	535
1270.25	532
1270.45	523
1270.65	535
1270.85	527
1271.05	522
1271.25	528
1271.45	528
1271.65	528
1271.85	527
1272.05	532
1272.25	518
1272.45	524
1272.65	523
1272.85	527
1273.05	527
1273.25	526
1273.45	528
1273.65	522
1273.85	510
1274.05	519
1274.25	535
1274.45	531
1274.65	532
1274.85	518
1275.05	534
1275.25	523
1275.45	520
1275.65	526
1275.85	532
1276.05	523
1276.25	518
1276.45	519
1276.65	538
1276.85	537
1277.05	529
1277.25	512
1277.45	537
1277.65	527
1277.85	534
1278.05	521
1278.25	528
1278.45	526
1278.65	525
1278.85	527
1279.05	522
1279.25	520
1279.45	533
1279.65	517
1279.85	519
1280.05	524
1280.25	524
1280.45	522
1280.65	533
1280.85	535
1281.05	526
1281.25	532
1281.45	515
1281.65	530
1281.85	523
1282.05	534
1282.25	521
1282.45	520
1282.65	532
1282.85	527
1283.05	525
1283.25	515
1283.45	526
1283.65	537
1283.85	516
1284.05	512
1284.25	533
1284.45	520
1284.65	511
1284.85	530
1285.05	529
1285.25	526
1285.45	529
1285.65	522
1285.85	536
1286.05	527
1286.25	530
1286.45	523
1286.65	537
1286.85	518
1287.05	523
1287.25	514
1287.45	530
1287.65	529
1287.85	537
1288.05	528
1288.25	527
1288.45	540
1288.65	526
1288.85	528
1289.05	539
1289.25	535
1289.45	525
1289.65	526
1289.85	528
1290.05	527
1290.25	525
1290.45	532
1290.65	526
1290.85	522
1291.05	529
1291.25	538
1291.45	526
1291.65	528
1291.85	529
1292.05	534
1292.25	528
1292.45	529
1292.65	533
1292.85	527
1293.05	531
1293.25	527
1293.45	522
1293.65	523
1293.85	537
1294.05	510
1294.25	531
1294.45	528
1294.65	532
1294.85	521
1295.05	533
1295.25	524
1295.45	527
1295.65	533
1295.85	524
1296.05	521
1296.25	527
1296.45	518
1296.65	526
1296.85	529
1297.05	532
1297.25	515
1297.45	521
1297.65	523
1297.85	537
1298.05	536
1298.25	520
1298.45	542
1298.65	525
1298.85	523
1299.05	523
1299.25	525
1299.45	531
1299.65	528
1299.85	517
1300.05	528
1300.25	523
1300.45	523
1300.65	530
1300.85	521
1301.05	521
1301.25	522
1301.45	535
1301.65	538
1301.85	524
1302.05	525
1302.25	532
1302.45	531
1302.65	535
1302.85	516
1303.05	528
1303.25	520
1303.45	521
1303.65	519
1303.85	530
1304.05	530
1304.25	532
1304.45	530
1304.65	513
1304.85	520
1305.05	525
1305.25	524
1305.45	522
1305.65	521
1305.85	533
1306.05	528
1306.25	513
1306.45	531
1306.65	532
1306.85	528
1307.05	532
1307.25	541
1307.45	519
1307.65	535
1307.85	525
1308.05	522
1308.25	521
1308.45	532
1308.65	542
1308.85	525
1309.05	512
1309.25	534
1309.45	529
1309.65	535
1309.85	535
1310.05	526
1310.25	520
1310.45	527
1310.65	519
1310.85	533
1311.05	523
1311.25	517
1311.45	522
1311.65	533
1311.85	519
1312.05	519
1312.25	530
1312.45	538
1312.65	533
1312.85	517
1313.05	523
1313.25	528
1313.45	535
1313.65	530
1313.85	525
1314.05	532
1314.25	533
1314.45	526
1314.65	520
1314.85	520
1315.05	512
1315.25	518
1315.45	514
1315.65	520
1315.85	528
1316.05	515
1316.25	533
1316.45	516
1316.65	532
1316.85	542
1317.05	526
1317.25	520
1317.45	518
1317.65	518
1317.85	523
1318.05	536
1318.25	533
1318.45	527
1318.65	521
1318.85	533
1319.05	524
1319.25	530
1319.45	543
1319.65	526
1319.85	533
1320.05	528
1320.25	526
1320.45	538
1320.65	522
1320.85	529
1321.05	527
1321.25	531
1321.45	544
1321.65	537
1321.85	533
1322.05	534
1322.25	542
1322.45	526
1322.65	532
1322.85	525
1323.05	533
1323.25	523
1323.45	535
1323.65	520
1323.85	534
1324.05	539
1324.25	524
1324.45	540
1324.65	526
1324.85	522
1325.05	534
1325.25	524
1325.45	530
1325.65	528
1325.85	530
1326.05	527
1326.25	518
1326.45	518
1326.65	519
1326.85	524
1327.05	527
1327.25	532
1327.45	529
1327.65	536
1327.85	537
1328.05	526
1328.25	516
1328.45	520
1328.65	532
1328.85	533
1329.05	524
1329.25	526
1329.45	528
1329.65	527
1329.85	532
1330.05	523
1330.25	528
1330.45	523
1330.65	516
1330.85	529
1331.05	539
1331.25	528
1331.45	524
1331.65	527
1331.85	528
1332.05	528
1332.25	534
1332.45	519
1332.65	518
1332.85	527
1333.05	530
1333.25	543
1333.45	531
1333.65	537
1333.85	532
1334.05	518
1334.25	536
1334.45	537
1334.65	525
1334.85	519
1335.05	533
1335.25	535
1335.45	518
1335.65	537
1335.85	538
1336.05	540
1336.25	531
1336.45	532
1336.65	533
1336.85	532
1337.05	524
1337.25	540
1337.45	539
1337.65	533
1337.85	541
1338.05	528
1338.25	525
1338.45	539
1338.65	529
1338.85	534
1339.05	527
1339.25	529
1339.45	521
1339.65	523
1339.85	526
1340.05	526
1340.25	534
1340.45	516
1340.65	515
1340.85	525
1341.05	529
1341.25	528
1341.45	535
1341.65	515
1341.85	524
1342.05	528
1342.25	526
1342.45	536
1342.65	528
1342.85	526
1343.05	523
1343.25	531
1343.45	526
1343.65	534
1343.85	539
1344.05	529
1344.25	523
1344.45	530
1344.65	527
1344.85	525
1345.05	536
1345.25	531
1345.45	531
1345.65	528
1345.85	530
1346.05	525
1346.25	540
1346.45	528
1346.65	525
1346.85	521
1347.05	523
1347.25	527
1347.45	517
1347.65	529
1347.85	531
1348.05	539
1348.25	531
1348.45	529
1348.65	538
1348.85	535
1349.05	533
1349.25	531
1349.45	532
1349.65	522
1349.85	529
1350.05	520
1350.25	534
1350.45	527
1350.65	524
1350.85	529
1351.05	531
1351.25	538
1351.45	534
1351.65	528
1351.85	524
1352.05	534
1352.25	523
1352.45	530
1352.65	529
1352.85	530
1353.05	530
1353.25	530
1353.45	526
1353.65	529
1353.85	532
1354.05	518
1354.25	526
1354.45	540
1354.65	540
1354.85	542
1355.05	532
1355.25	536
1355.45	526
1355.65	527
1355.85	534
1356.05	533
1356.25	534
1356.45	527
1356.65	531
1356.85	521
1357.05	530
1357.25	525
1357.45	539
1357.65	536
1357.85	531
1358.05	540
1358.25	526
1358.45	530
1358.65	527
1358.85	532
1359.05	520
1359.25	527
1359.45	520
1359.65	526
1359.85	538
1360.05	523
1360.25	518
1360.45	544
1360.65	532
1360.85	526
1361.05	529
1361.25	533
1361.45	539
1361.65	540
1361.85	541
1362.05	530
1362.25	542
1362.45	526
1362.65	520
1362.85	543
1363.05	528
1363.25	524
1363.45	528
1363.65	536
1363.85	538
1364.05	533
1364.25	527
1364.45	528
1364.65	543
1364.85	523
1365.05	541
1365.25	518
1365.45	531
1365.65	538
1365.85	528
1366.05	536
1366.25	532
1366.45	537
1366.65	532
1366.85	534
1367.05	528
1367.25	533
1367.45	537
1367.65	536
1367.85	544
1368.05	533
1368.25	525
1368.45	524
1368.65	532
1368.85	543
1369.05	534
1369.25	536
1369.45	527
1369.65	532
1369.85	528
1370.05	523
1370.25	530
1370.45	529
1370.65	538
1370.85	535
1371.05	534
1371.25	543
1371.45	534
1371.65	524
1371.85	540
1372.05	528
1372.25	527
1372.45	528
1372.65	540
1372.85	529
1373.05	535
1373.25	536
1373.45	532
1373.65	529
1373.85	529
1374.05	542
1374.25	544
1374.45	535
1374.65	535
1374.85	534
1375.05	522
1375.25	521
1375.45	528
1375.65	536
1375.85	528
1376.05	527
1376.25	533
1376.45	538
1376.65	535
1376.85	536
1377.05	519
1377.25	536
1377.45	545
1377.65	530
1377.85	536
1378.05	536
1378.25	537
1378.45	546
1378.65	520
1378.85	536
1379.05	519
1379.25	532
1379.45	535
1379.65	539
1379.85	527
1380.05	525
1380.25	540
1380.45	522
1380.65	535
1380.85	537
1381.05	535
1381.25	527
1381.45	531
1381.65	534
1381.85	529
1382.05	531
1382.25	532
1382.45	546
1382.65	534
1382.85	529
1383.05	536
1383.25	536
1383.45	525
1383.65	531
1383.85	531
1384.05	524
1384.25	539
1384.45	532
1384.65	523
1384.85	537
1385.05	529
1385.25	536
1385.45	541
1385.65	531
1385.85	531
1386.05	520
1386.25	525
1386.45	534
1386.65	526
1386.85	525
1387.05	524
1387.25	535
1387.45	522
1387.65	530
1387.85	531
1388.05	533
1388.25	521
1388.45	528
1388.65	516
1388.85	545
1389.05	530
1389.25	525
1389.45	534
1389.65	529
1389.85	527
1390.05	529
1390.25	531
1390.45	530
1390.65	528
1390.85	544
1391.05	539
1391.25	534
1391.45	530
1391.65	528
1391.85	525
1392.05	530
1392.25	536
1392.45	528
1392.65	535
1392.85	543
1393.05	536
1393.25	521
1393.45	528
1393.65	537
1393.85	536
1394.05	527
1394.25	529
1394.45	535
1394.65	531
1394.85	541
1395.05	540
1395.25	517
1395.45	538
1395.65	526
1395.85	534
1396.05	521
1396.25	534
1396.45	531
1396.65	530
1396.85	535
1397.05	533
1397.25	542
1397.45	541
1397.65	532
1397.85	531
1398.05	530
1398.25	522
1398.45	539
1398.65	536
1398.85	536
1399.05	536
1399.25	541
1399.45	529
1399.65	523
1399.85	535
