10.097683	6
10.117956	2
10.138229	3
10.158502	2
10.178775	5
10.199048	13
10.219321	8
10.239594	8
10.259867	4
10.28014	1
10.300413	2
10.320686	8
10.340959	-1
10.361232	5
10.381505	-5
10.401778	6
10.422051	-1
10.442324	2
10.462597	1
10.48287	1
10.503143	-3
10.523416	-2
10.543689	0
10.563962	-2
10.584235	0
10.604508	1
10.624781	3
10.645054	6
10.665327	-9
10.6856	2
10.705873	-2
10.726146	7
10.746419	-2
10.766692	-2
10.786965	4
10.807238	7
10.827511	7
10.847784	-4
10.868057	0
10.88833	8
10.908603	3
10.928876	10
10.949149	0
10.969422	3
10.989695	1
11.009968	0
11.030241	10
11.050514	-3
11.070787	-8
11.09106	-10
11.111333	0
11.131606	1
11.151879	-8
11.172152	1
11.192425	0
11.212698	11
11.232971	1
11.253244	8
11.273517	10
11.29379	14
11.314063	10
11.334336	8
11.354609	12
11.374882	14
11.395155	7
11.415428	10
11.435701	10
11.455974	10
11.476247	11
11.49652	11
11.516793	10
11.537066	19
11.557339	8
11.577612	17
11.597885	13
11.618158	-4
11.638431	0
11.658704	2
11.678977	2
11.69925	-6
11.719523	0
11.739796	-12
11.760069	1
11.780342	-8
11.800615	2
11.820888	-8
11.841161	4
11.861434	3
11.881707	-7
11.90198	-7
11.922253	-7
11.942526	4
11.962799	-3
11.983072	-1
12.003345	-2
12.023618	5
12.043891	3
12.064164	2
12.084437	-5
12.10471	0
12.124983	-1
12.145256	6
12.165529	6
12.185802	14
12.206075	10
12.226348	19
12.246621	6
12.266894	3
12.287167	11
12.30744	3
12.327713	3
12.347986	9
12.368259	-7
12.388532	8
12.408805	14
12.429078	4
12.449351	-1
12.469624	-10
12.489897	-2
12.51017	6
12.530443	7
12.550716	-2
12.570989	7
12.591262	0
12.611535	-3
12.631808	0
12.652081	0
12.672354	9
12.692627	1
12.7129	4
12.733173	-2
12.753446	5
12.773719	3
12.793992	2
12.814265	-8
12.834538	1
12.854811	3
12.875084	15
12.895357	3
12.91563	2
12.935903	5
12.956176	3
12.976449	2
12.996722	6
13.016995	9
13.037268	17
13.057541	5
13.077814	4
13.098087	11
13.11836	1
13.138633	0
13.158906	5
13.179179	8
13.199452	14
13.219725	3
13.239998	-3
13.260271	8
13.280544	1
13.300817	6
13.32109	5
13.341363	8
13.361636	4
13.381909	2
13.402182	-1
13.422455	5
13.442728	11
13.463001	5
13.483274	1
13.503547	-3
13.52382	4
13.544093	-1
13.564366	-6
13.584639	8
13.604912	8
13.625185	16
13.645458	9
13.665731	8
13.686004	3
13.706277	-3
13.72655	6
13.746823	2
13.767096	14
13.787369	6
13.807642	8
13.827915	11
13.848188	13
13.868461	11
13.888734	3
13.909007	2
13.92928	7
13.949553	16
13.969826	7
13.990099	4
14.010372	15
14.030645	3
14.050918	6
14.071191	14
14.091464	8
14.111737	12
14.13201	14
14.152283	3
14.172556	12
14.192829	11
14.213102	5
14.233375	8
14.253648	14
14.273921	9
14.294194	7
14.314467	10
14.33474	2
14.355013	3
14.375286	6
14.395559	13
14.415832	7
14.436105	6
14.456378	13
14.476651	4
14.496924	8
14.517197	4
14.53747	18
14.557743	12
14.578016	0
14.598289	7
14.618562	2
14.638835	4
14.659108	15
14.679381	6
14.699654	10
14.719927	9
14.7402	5
14.760473	6
14.780746	10
14.801019	4
14.821292	2
14.841565	4
14.861838	9
14.882111	0
14.902384	4
14.922657	1
14.94293	8
14.963203	9
14.983476	8
15.003749	6
15.024022	5
15.044295	12
15.064568	4
15.084841	5
15.105114	17
15.125387	6
15.14566	6
15.165933	2
15.186206	6
15.206479	0
15.226752	4
15.247025	2
15.267298	9
15.287571	10
15.307844	8
15.328117	-2
15.34839	4
15.368663	1
15.388936	0
15.409209	7
15.429482	13
15.449755	8
15.470028	7
15.490301	-2
15.510574	14
15.530847	3
15.55112	-1
15.571393	6
15.591666	8
15.611939	-3
15.632212	1
15.652485	3
15.672758	16
15.693031	1
15.713304	3
15.733577	0
15.75385	-2
15.774123	7
15.794396	-5
15.814669	3
15.834942	-1
15.855215	12
15.875488	4
15.895761	9
15.916034	16
15.936307	5
15.95658	8
15.976853	12
15.997126	10
16.017399	1
16.037672	-2
16.057945	-1
16.078218	3
16.098491	8
16.118764	0
16.139037	6
16.15931	5
16.179583	9
16.199856	2
16.220129	0
16.240402	3
16.260675	-2
16.280948	6
16.301221	13
16.321494	19
16.341767	3
16.36204	-3
16.382313	1
16.402586	1
16.422859	-4
16.443132	9
16.463405	-1
16.483678	2
16.503951	6
16.524224	0
16.544497	8
16.56477	-5
16.585043	8
16.605316	6
16.625589	4
16.645862	4
16.666135	-2
16.686408	7
16.706681	7
16.726954	12
16.747227	7
16.7675	9
16.787773	8
16.808046	12
16.828319	2
16.848592	9
16.868865	1
16.889138	2
16.909411	8
16.929684	3
16.949957	13
16.97023	2
16.990503	10
17.010776	-4
17.031049	-3
17.051322	-4
17.071595	2
17.091868	4
17.112141	-2
17.132414	-6
17.152687	6
17.17296	-1
17.193233	-1
17.213506	8
17.233779	10
17.254052	-4
17.274325	2
17.294598	4
17.314871	7
17.335144	2
17.355417	1
17.37569	1
17.395963	1
17.416236	0
17.436509	5
17.456782	6
17.477055	4
17.497328	10
17.517601	-1
17.537874	2
17.558147	2
17.57842	4
17.598693	18
17.618966	-7
17.639239	18
17.659512	6
17.679785	4
17.700058	5
17.720331	5
17.740604	-1
17.760877	-4
17.78115	-1
17.801423	-8
17.821696	3
17.841969	3
17.862242	-6
17.882515	9
17.902788	7
17.923061	4
17.943334	2
17.963607	2
17.98388	-2
18.004153	3
18.024426	5
18.044699	-4
18.064972	2
18.085245	4
18.105518	-3
18.125791	1
18.146064	-5
18.166337	-1
18.18661	-7
18.206883	2
18.227156	-11
18.247429	-2
18.267702	-4
18.287975	12
18.308248	4
18.328521	-2
18.348794	7
18.369067	10
18.38934	2
18.409613	10
18.429886	2
18.450159	0
18.470432	16
18.490705	7
18.510978	9
18.531251	7
18.551524	5
18.571797	16
18.59207	4
18.612343	6
18.632616	2
18.652889	-1
18.673162	6
18.693435	7
18.713708	1
18.733981	1
18.754254	-4
18.774527	1
18.7948	8
18.815073	-2
18.835346	8
18.855619	1
18.875892	-8
18.896165	-7
18.916438	-5
18.936711	-3
18.956984	6
18.977257	4
18.99753	-1
19.017803	-5
19.038076	9
19.058349	4
19.078622	7
19.098895	-4
19.119168	11
19.139441	5
19.159714	11
19.179987	8
19.20026	10
19.220533	6
19.240806	1
19.261079	-4
19.281352	4
19.301625	7
19.321898	10
19.342171	4
19.362444	7
19.382717	-3
19.40299	-5
19.423263	-3
19.443536	-5
19.463809	7
19.484082	7
19.504355	18
19.524628	9
19.544901	10
19.565174	-5
19.585447	5
19.60572	9
19.625993	0
19.646266	6
19.666539	0
19.686812	0
19.707085	7
19.727358	10
19.747631	6
19.767904	4
19.788177	0
19.80845	-3
19.828723	1
19.848996	15
19.869269	-4
19.889542	11
19.909815	2
19.930088	-1
19.950361	-5
19.970634	-3
19.990907	1
20.01118	6
20.031453	0
20.051726	3
20.071999	10
20.092272	7
20.112545	-8
20.132818	9
20.153091	2
20.173364	-6
20.193637	1
20.21391	-1
20.234183	-2
20.254456	5
20.274729	16
20.295002	-11
20.315275	-3
20.335548	6
20.355821	3
20.376094	8
20.396367	5
20.41664	1
20.436913	1
20.457186	1
20.477459	5
20.497732	6
20.518005	4
20.538278	1
20.558551	1
20.578824	3
20.599097	8
20.61937	4
20.639643	-4
20.659916	-4
20.680189	-1
20.700462	4
20.720735	2
20.741008	5
20.761281	-1
20.781554	8
20.801827	0
20.8221	-3
20.842373	7
20.862646	10
20.882919	5
20.903192	0
20.923465	-2
20.943738	2
20.964011	8
20.984284	-7
21.004557	9
21.02483	8
21.045103	8
21.065376	8
21.085649	12
21.105922	11
21.126195	11
21.146468	1
21.166741	13
21.187014	5
21.207287	2
21.22756	12
21.247833	1
21.268106	6
21.288379	9
21.308652	3
21.328925	4
21.349198	15
21.369471	2
21.389744	10
21.410017	1
21.43029	0
21.450563	3
21.470836	9
21.491109	-5
21.511382	2
21.531655	6
21.551928	10
21.572201	0
21.592474	5
21.612747	1
21.63302	-1
21.653293	-7
21.673566	-3
21.693839	5
21.714112	-1
21.734385	9
21.754658	0
21.774931	5
21.795204	1
21.815477	7
21.83575	-8
21.856023	5
21.876296	5
21.896569	4
21.916842	6
21.937115	19
21.957388	7
21.977661	9
21.997934	2
22.018207	2
22.03848	-8
22.058753	-1
22.079026	-4
22.099299	-1
22.119572	0
22.139845	5
22.160118	17
22.180391	7
22.200664	-2
22.220937	9
22.24121	10
22.261483	1
22.281756	3
22.302029	-4
22.322302	9
22.342575	-7
22.362848	-3
22.383121	6
22.403394	0
22.423667	-6
22.44394	-2
22.464213	-2
22.484486	-1
22.504759	1
22.525032	7
22.545305	6
22.565578	2
22.585851	4
22.606124	-1
22.626397	4
22.64667	1
22.666943	-1
22.687216	9
22.707489	2
22.727762	7
22.748035	10
22.768308	13
22.788581	8
22.808854	14
22.829127	-2
22.8494	2
22.869673	9
22.889946	10
22.910219	8
22.930492	0
22.950765	-3
22.971038	7
22.991311	3
23.011584	3
23.031857	3
23.05213	13
23.072403	7
23.092676	-7
23.112949	5
23.133222	11
23.153495	8
23.173768	-1
23.194041	10
23.214314	12
23.234587	1
23.25486	17
23.275133	10
23.295406	-1
23.315679	1
23.335952	11
23.356225	7
23.376498	11
23.396771	2
23.417044	1
23.437317	5
23.45759	5
23.477863	6
23.498136	1
23.518409	-4
23.538682	-2
23.558955	8
23.579228	11
23.599501	4
23.619774	10
23.640047	6
23.66032	5
23.680593	2
23.700866	0
23.721139	5
23.741412	8
23.761685	7
23.781958	7
23.802231	3
23.822504	19
23.842777	8
23.86305	14
23.883323	9
23.903596	-1
23.923869	12
23.944142	11
23.964415	9
23.984688	2
24.004961	6
24.025234	15
24.045507	4
24.06578	6
24.086053	-1
24.106326	16
24.126599	6
24.146872	13
24.167145	10
24.187418	0
24.207691	9
24.227964	4
24.248237	9
24.26851	10
24.288783	12
24.309056	11
24.329329	1
24.349602	3
24.369875	4
24.390148	3
24.410421	-3
24.430694	10
24.450967	6
24.47124	6
24.491513	18
24.511786	10
24.532059	9
24.552332	5
24.572605	1
24.592878	5
24.613151	15
24.633424	15
24.653697	7
24.67397	15
24.694243	6
24.714516	16
24.734789	4
24.755062	15
24.775335	10
24.795608	4
24.815881	0
24.836154	10
24.856427	5
24.8767	11
24.896973	3
24.917246	9
24.937519	8
24.957792	10
24.978065	8
24.998338	1
25.018611	9
25.038884	11
25.059157	12
25.07943	-2
25.099703	-3
25.119976	4
25.140249	14
25.160522	16
25.180795	7
25.201068	-3
25.221341	9
25.241614	11
25.261887	5
25.28216	18
25.302433	11
25.322706	17
25.342979	15
25.363252	5
25.383525	7
25.403798	12
25.424071	10
25.444344	17
25.464617	-3
25.48489	-3
25.505163	3
25.525436	6
25.545709	12
25.565982	5
25.586255	9
25.606528	-2
25.626801	8
25.647074	21
25.667347	20
25.68762	14
25.707893	6
25.728166	6
25.748439	10
25.768712	17
25.788985	4
25.809258	21
25.829531	-8
25.849804	10
25.870077	8
25.89035	11
25.910623	16
25.930896	7
25.951169	10
25.971442	3
25.991715	10
26.011988	12
26.032261	20
26.052534	0
26.072807	10
26.09308	18
26.113353	9
26.133626	12
26.153899	0
26.174172	9
26.194445	8
26.214718	11
26.234991	19
26.255264	8
26.275537	12
26.29581	19
26.316083	11
26.336356	10
26.356629	5
26.376902	5
26.397175	11
26.417448	2
26.437721	8
26.457994	3
26.478267	5
26.49854	11
26.518813	14
26.539086	12
26.559359	21
26.579632	-5
26.599905	12
26.620178	5
26.640451	5
26.660724	7
26.680997	9
26.70127	-3
26.721543	14
26.741816	5
26.762089	5
26.782362	-3
26.802635	1
26.822908	5
26.843181	4
26.863454	6
26.883727	2
26.904	6
26.924273	15
26.944546	8
26.964819	11
26.985092	4
27.005365	13
27.025638	9
27.045911	5
27.066184	5
27.086457	3
27.10673	2
27.127003	17
27.147276	-3
27.167549	6
27.187822	0
27.208095	6
27.228368	17
27.248641	12
27.268914	12
27.289187	4
27.30946	10
27.329733	11
27.350006	10
27.370279	1
27.390552	12
27.410825	17
27.431098	4
27.451371	6
27.471644	17
27.491917	-2
27.51219	12
27.532463	17
27.552736	19
27.573009	10
27.593282	2
27.613555	5
27.633828	12
27.654101	16
27.674374	15
27.694647	17
27.71492	13
27.735193	12
27.755466	16
27.775739	10
27.796012	16
27.816285	17
27.836558	11
27.856831	7
27.877104	7
27.897377	4
27.91765	2
27.937923	-2
27.958196	2
27.978469	5
27.998742	9
28.019015	8
28.039288	6
28.059561	0
28.079834	-2
28.100107	2
28.12038	1
28.140653	10
28.160926	10
28.181199	-2
28.201472	7
28.221745	0
28.242018	1
28.262291	-1
28.282564	-6
28.302837	8
28.32311	3
28.343383	3
28.363656	4
28.383929	-5
28.404202	4
28.424475	-4
28.444748	1
28.465021	2
28.485294	5
28.505567	5
28.52584	3
28.546113	2
28.566386	5
28.586659	5
28.606932	7
28.627205	13
28.647478	5
28.667751	12
28.688024	16
28.708297	13
28.72857	11
28.748843	16
28.769116	22
28.789389	16
28.809662	13
28.829935	13
28.850208	5
28.870481	14
28.890754	0
28.911027	12
28.9313	6
28.951573	13
28.971846	13
28.992119	3
29.012392	4
29.032665	11
29.052938	9
29.073211	10
29.093484	9
29.113757	4
29.13403	10
29.154303	17
29.174576	15
29.194849	6
29.215122	7
29.235395	1
29.255668	3
29.275941	7
29.296214	3
29.316487	2
29.33676	15
29.357033	10
29.377306	5
29.397579	9
29.417852	16
29.438125	17
29.458398	5
29.478671	18
29.498944	12
29.519217	18
29.53949	13
29.559763	10
29.580036	22
29.600309	9
29.620582	16
29.640855	11
29.661128	11
29.681401	0
29.701674	0
29.721947	-3
29.74222	6
29.762493	8
29.782766	0
29.803039	19
29.823312	4
29.843585	2
29.863858	14
29.884131	11
29.904404	-1
29.924677	16
29.94495	4
29.965223	3
29.985496	0
30.005769	0
30.026042	14
30.046315	6
30.066588	6
30.086861	7
30.107134	17
30.127407	11
30.14768	-3
30.167953	7
30.188226	-6
30.208499	16
30.228772	-5
30.249045	-5
30.269318	11
30.289591	-1
30.309864	3
30.330137	0
30.35041	-3
30.370683	12
30.390956	14
30.411229	9
30.431502	-1
30.451775	7
30.472048	8
30.492321	1
30.512594	-6
30.532867	6
30.55314	11
30.573413	7
30.593686	4
30.613959	-6
30.634232	3
30.654505	3
30.674778	10
30.695051	0
30.715324	8
30.735597	0
30.75587	11
30.776143	8
30.796416	6
30.816689	7
30.836962	2
30.857235	7
30.877508	10
30.897781	8
30.918054	7
30.938327	1
30.9586	12
30.978873	10
30.999146	-3
31.019419	4
31.039692	12
31.059965	10
31.080238	11
31.100511	11
31.120784	14
31.141057	18
31.16133	20
31.181603	26
31.201876	34
31.222149	34
31.242422	29
31.262695	26
31.282968	25
31.303241	25
31.323514	21
31.343787	15
31.36406	9
31.384333	12
31.404606	10
31.424879	16
31.445152	6
31.465425	11
31.485698	9
31.505971	1
31.526244	-6
31.546517	12
31.56679	-2
31.587063	-1
31.607336	-9
31.627609	-2
31.647882	3
31.668155	-8
31.688428	5
31.708701	3
31.728974	-3
31.749247	-4
31.76952	-6
31.789793	-5
31.810066	-4
31.830339	7
31.850612	-8
31.870885	-1
31.891158	-1
31.911431	8
31.931704	2
31.951977	5
31.97225	0
31.992523	10
32.012796	9
32.033069	6
32.053342	11
32.073615	8
32.093888	11
32.114161	15
32.134434	2
32.154707	8
32.17498	7
32.195253	1
32.215526	3
32.235799	5
32.256072	11
32.276345	9
32.296618	-7
32.316891	16
32.337164	14
32.357437	10
32.37771	7
32.397983	14
32.418256	12
32.438529	7
32.458802	6
32.479075	11
32.499348	13
32.519621	14
32.539894	7
32.560167	5
32.58044	5
32.600713	9
32.620986	2
32.641259	4
32.661532	10
32.681805	5
32.702078	3
32.722351	9
32.742624	0
32.762897	6
32.78317	8
32.803443	8
32.823716	8
32.843989	10
32.864262	3
32.884535	7
32.904808	11
32.925081	5
32.945354	8
32.965627	2
32.9859	10
33.006173	2
33.026446	10
33.046719	14
33.066992	3
33.087265	13
33.107538	7
33.127811	10
33.148084	14
33.168357	10
33.18863	9
33.208903	5
33.229176	11
33.249449	13
33.269722	12
33.289995	-1
33.310268	8
33.330541	-1
33.350814	5
33.371087	11
33.39136	-2
33.411633	11
33.431906	12
33.452179	2
33.472452	10
33.492725	0
33.512998	-4
33.533271	12
33.553544	7
33.573817	0
33.59409	11
33.614363	9
33.634636	8
33.654909	2
33.675182	8
33.695455	4
33.715728	10
33.736001	4
33.756274	3
33.776547	18
33.79682	8
33.817093	1
33.837366	8
33.857639	0
33.877912	10
33.898185	9
33.918458	3
33.938731	12
33.959004	2
33.979277	8
33.99955	1
34.019823	3
34.040096	7
34.060369	4
34.080642	-5
34.100915	5
34.121188	15
34.141461	2
34.161734	4
34.182007	6
34.20228	1
34.222553	8
34.242826	3
34.263099	-1
34.283372	15
34.303645	11
34.323918	10
34.344191	7
34.364464	-5
34.384737	5
34.40501	13
34.425283	12
34.445556	10
34.465829	1
34.486102	2
34.506375	-3
34.526648	5
34.546921	1
34.567194	2
34.587467	4
34.60774	2
34.628013	-2
34.648286	-3
34.668559	4
34.688832	10
34.709105	-2
34.729378	2
34.749651	9
34.769924	7
34.790197	3
34.81047	2
34.830743	10
34.851016	-1
34.871289	13
34.891562	3
34.911835	13
34.932108	13
34.952381	3
34.972654	7
34.992927	6
35.0132	8
35.033473	-2
35.053746	8
35.074019	-6
35.094292	13
35.114565	2
35.134838	6
35.155111	2
35.175384	3
35.195657	1
35.21593	3
35.236203	-2
35.256476	5
35.276749	18
35.297022	2
35.317295	1
35.337568	5
35.357841	-1
35.378114	5
35.398387	5
35.41866	-2
35.438933	7
35.459206	3
35.479479	-1
35.499752	3
35.520025	3
35.540298	6
35.560571	8
35.580844	3
35.601117	10
35.62139	-3
35.641663	0
35.661936	11
35.682209	9
35.702482	3
35.722755	2
35.743028	4
35.763301	2
35.783574	4
35.803847	8
35.82412	3
35.844393	3
35.864666	3
35.884939	5
35.905212	3
35.925485	15
35.945758	10
35.966031	7
35.986304	4
36.006577	12
36.02685	8
36.047123	10
36.067396	3
36.087669	4
36.107942	7
36.128215	1
36.148488	7
36.168761	4
36.189034	0
36.209307	13
36.22958	6
36.249853	13
36.270126	9
36.290399	14
36.310672	12
36.330945	6
36.351218	2
36.371491	4
36.391764	10
36.412037	-4
36.43231	-7
36.452583	8
36.472856	6
36.493129	6
36.513402	11
36.533675	8
36.553948	1
36.574221	4
36.594494	3
36.614767	4
36.63504	0
36.655313	7
36.675586	2
36.695859	3
36.716132	5
36.736405	2
36.756678	-6
36.776951	12
36.797224	4
36.817497	2
36.83777	-1
36.858043	4
36.878316	4
36.898589	4
36.918862	7
36.939135	10
36.959408	10
36.979681	3
36.999954	8
37.020227	-8
37.0405	10
37.060773	12
37.081046	-1
37.101319	2
37.121592	4
37.141865	1
37.162138	-4
37.182411	2
37.202684	11
37.222957	5
37.24323	-1
37.263503	7
37.283776	2
37.304049	5
37.324322	1
37.344595	11
37.364868	3
37.385141	8
37.405414	2
37.425687	-4
37.44596	11
37.466233	7
37.486506	2
37.506779	6
37.527052	7
37.547325	-3
37.567598	4
37.587871	7
37.608144	5
37.628417	5
37.64869	5
37.668963	7
37.689236	10
37.709509	-3
37.729782	5
37.750055	2
37.770328	3
37.790601	13
37.810874	1
37.831147	8
37.85142	1
37.871693	1
37.891966	1
37.912239	4
37.932512	5
37.952785	5
37.973058	8
37.993331	-4
38.013604	7
38.033877	-2
38.05415	2
38.074423	4
38.094696	4
38.114969	7
38.135242	4
38.155515	9
38.175788	-2
38.196061	6
38.216334	4
38.236607	3
38.25688	2
38.277153	3
38.297426	8
38.317699	3
38.337972	2
38.358245	0
38.378518	-3
38.398791	-9
38.419064	8
38.439337	2
38.45961	1
38.479883	-6
38.500156	-3
38.520429	4
38.540702	3
38.560975	7
38.581248	10
38.601521	7
38.621794	7
38.642067	1
38.66234	2
38.682613	14
38.702886	11
38.723159	2
38.743432	10
38.763705	4
38.783978	6
38.804251	10
38.824524	3
38.844797	0
38.86507	8
38.885343	1
38.905616	-2
38.925889	2
38.946162	-5
38.966435	5
38.986708	2
39.006981	0
39.027254	5
39.047527	6
39.0678	2
39.088073	-2
39.108346	-3
39.128619	3
39.148892	3
39.169165	2
39.189438	1
39.209711	2
39.229984	1
39.250257	4
39.27053	7
39.290803	5
39.311076	5
39.331349	0
39.351622	2
39.371895	10
39.392168	2
39.412441	-3
39.432714	2
39.452987	2
39.47326	-6
39.493533	1
39.513806	-1
39.534079	-4
39.554352	0
39.574625	2
39.594898	-1
39.615171	5
39.635444	2
39.655717	-3
39.67599	-1
39.696263	4
39.716536	3
39.736809	0
39.757082	6
39.777355	-5
39.797628	3
39.817901	7
39.838174	1
39.858447	-3
39.87872	2
39.898993	4
39.919266	-1
39.939539	10
39.959812	2
39.980085	1
40.000358	7
40.020631	7
40.040904	2
40.061177	3
40.08145	-2
40.101723	4
40.121996	6
40.142269	4
40.162542	3
40.182815	-8
40.203088	3
40.223361	3
40.243634	6
40.263907	2
40.28418	3
40.304453	2
40.324726	-6
40.344999	8
40.365272	1
40.385545	3
40.405818	1
40.426091	7
40.446364	2
40.466637	-1
40.48691	3
40.507183	5
40.527456	3
40.547729	-1
40.568002	7
40.588275	7
40.608548	1
40.628821	2
40.649094	5
40.669367	6
40.68964	4
40.709913	-5
40.730186	2
40.750459	4
40.770732	5
40.791005	-5
40.811278	-5
40.831551	10
40.851824	-2
40.872097	2
40.89237	2
40.912643	4
40.932916	8
40.953189	10
40.973462	0
40.993735	0
41.014008	10
41.034281	3
41.054554	9
41.074827	4
41.0951	0
41.115373	8
41.135646	0
41.155919	2
41.176192	4
41.196465	6
41.216738	-6
41.237011	2
41.257284	3
41.277557	-1
41.29783	2
41.318103	4
41.338376	0
41.358649	5
41.378922	-1
41.399195	9
41.419468	2
41.439741	1
41.460014	2
41.480287	2
41.50056	8
41.520833	5
41.541106	5
41.561379	7
41.581652	10
41.601925	5
41.622198	0
41.642471	2
41.662744	3
41.683017	0
41.70329	1
41.723563	7
41.743836	2
41.764109	4
41.784382	-4
41.804655	-2
41.824928	4
41.845201	0
41.865474	8
41.885747	5
41.90602	9
41.926293	3
41.946566	8
41.966839	1
41.987112	1
42.007385	12
42.027658	7
42.047931	6
42.068204	2
42.088477	-5
42.10875	0
42.129023	4
42.149296	9
42.169569	1
42.189842	5
42.210115	0
42.230388	0
42.250661	4
42.270934	3
42.291207	5
42.31148	4
42.331753	7
42.352026	7
42.372299	9
42.392572	-1
42.412845	1
42.433118	14
42.453391	6
42.473664	3
42.493937	9
42.51421	3
42.534483	-4
42.554756	13
42.575029	11
42.595302	-5
42.615575	5
42.635848	5
42.656121	-3
42.676394	4
42.696667	8
42.71694	-1
42.737213	-1
42.757486	2
42.777759	-1
42.798032	5
42.818305	-2
42.838578	8
42.858851	6
42.879124	3
42.899397	-1
42.91967	4
42.939943	-6
42.960216	6
42.980489	8
43.000762	2
43.021035	0
43.041308	7
43.061581	3
43.081854	-6
43.102127	2
43.1224	2
43.142673	12
43.162946	3
43.183219	-3
43.203492	0
43.223765	1
43.244038	-2
43.264311	3
43.284584	-1
43.304857	6
43.32513	-2
43.345403	-2
43.365676	7
43.385949	1
43.406222	3
43.426495	3
43.446768	2
43.467041	3
43.487314	6
43.507587	-5
43.52786	-2
43.548133	8
43.568406	5
43.588679	1
43.608952	6
43.629225	2
43.649498	2
43.669771	-2
43.690044	1
43.710317	7
43.73059	5
43.750863	3
43.771136	-1
43.791409	3
43.811682	4
43.831955	4
43.852228	0
43.872501	-2
43.892774	-1
43.913047	3
43.93332	3
43.953593	0
43.973866	-2
43.994139	1
44.014412	-2
44.034685	0
44.054958	2
44.075231	6
44.095504	5
44.115777	9
44.13605	6
44.156323	5
44.176596	8
44.196869	4
44.217142	4
44.237415	1
44.257688	0
44.277961	0
44.298234	6
44.318507	2
44.33878	2
44.359053	3
44.379326	4
44.399599	3
44.419872	9
44.440145	4
44.460418	8
44.480691	2
44.500964	2
44.521237	9
44.54151	1
44.561783	9
44.582056	-4
44.602329	4
44.622602	2
44.642875	2
44.663148	6
44.683421	5
44.703694	0
44.723967	3
44.74424	0
44.764513	12
44.784786	-2
44.805059	2
44.825332	4
44.845605	3
44.865878	1
44.886151	4
44.906424	4
44.926697	5
44.94697	5
44.967243	4
44.987516	5
45.007789	3
45.028062	0
45.048335	-1
45.068608	11
45.088881	5
45.109154	0
45.129427	1
45.1497	1
45.169973	7
45.190246	0
45.210519	1
45.230792	0
45.251065	2
45.271338	1
45.291611	4
45.311884	10
45.332157	-4
45.35243	3
45.372703	5
45.392976	1
45.413249	7
45.433522	2
45.453795	3
45.474068	1
45.494341	4
45.514614	2
45.534887	4
45.55516	-1
45.575433	6
45.595706	6
45.615979	3
45.636252	3
45.656525	4
45.676798	10
45.697071	-2
45.717344	2
45.737617	-7
45.75789	1
45.778163	2
45.798436	5
45.818709	3
45.838982	6
45.859255	2
45.879528	13
45.899801	-1
45.920074	-3
45.940347	2
45.96062	10
45.980893	7
46.001166	5
46.021439	0
46.041712	-1
46.061985	6
46.082258	3
46.102531	13
46.122804	2
46.143077	5
46.16335	3
46.183623	0
46.203896	6
46.224169	0
46.244442	6
46.264715	5
46.284988	7
46.305261	0
46.325534	7
46.345807	-1
46.36608	-2
46.386353	11
46.406626	2
46.426899	4
46.447172	-7
46.467445	5
46.487718	7
46.507991	2
46.528264	3
46.548537	2
46.56881	5
46.589083	8
46.609356	4
46.629629	7
46.649902	7
46.670175	0
46.690448	-1
46.710721	4
46.730994	1
46.751267	-3
46.77154	0
46.791813	-5
46.812086	0
46.832359	5
46.852632	6
46.872905	6
46.893178	2
46.913451	4
46.933724	1
46.953997	5
46.97427	4
46.994543	2
47.014816	2
47.035089	2
47.055362	5
47.075635	2
47.095908	1
47.116181	1
47.136454	0
47.156727	11
47.177	6
47.197273	-3
47.217546	1
47.237819	3
47.258092	-6
47.278365	1
47.298638	-2
47.318911	2
47.339184	0
47.359457	2
47.37973	9
47.400003	0
47.420276	-2
47.440549	7
47.460822	-2
47.481095	2
47.501368	-6
47.521641	6
47.541914	1
47.562187	7
47.58246	5
47.602733	1
47.623006	4
47.643279	-2
47.663552	-4
47.683825	5
47.704098	1
47.724371	3
47.744644	9
47.764917	7
47.78519	11
47.805463	-3
47.825736	1
47.846009	4
47.866282	0
47.886555	-1
47.906828	4
47.927101	7
47.947374	8
47.967647	6
47.98792	5
48.008193	4
48.028466	3
48.048739	2
48.069012	0
48.089285	7
48.109558	11
48.129831	9
48.150104	8
48.170377	-1
48.19065	3
48.210923	-1
48.231196	5
48.251469	6
48.271742	-4
48.292015	5
48.312288	-2
48.332561	9
48.352834	7
48.373107	1
48.39338	5
48.413653	3
48.433926	4
48.454199	5
48.474472	3
48.494745	3
48.515018	3
48.535291	-4
48.555564	5
48.575837	0
48.59611	-1
48.616383	7
48.636656	5
48.656929	1
48.677202	4
48.697475	-2
48.717748	2
48.738021	2
48.758294	3
48.778567	6
48.79884	3
48.819113	6
48.839386	-5
48.859659	4
48.879932	7
48.900205	6
48.920478	2
48.940751	3
48.961024	2
48.981297	4
49.00157	7
49.021843	9
49.042116	-3
49.062389	2
49.082662	13
49.102935	0
49.123208	12
49.143481	-1
49.163754	0
49.184027	-5
49.2043	4
49.224573	5
49.244846	7
49.265119	8
49.285392	0
49.305665	10
49.325938	-1
49.346211	3
49.366484	0
49.386757	7
49.40703	8
49.427303	5
49.447576	7
49.467849	0
49.488122	13
49.508395	-1
49.528668	2
49.548941	3
49.569214	5
49.589487	1
49.60976	3
49.630033	5
49.650306	-3
49.670579	-1
49.690852	2
49.711125	4
49.731398	3
49.751671	8
49.771944	5
49.792217	7
49.81249	1
49.832763	5
49.853036	8
49.873309	-2
49.893582	5
49.913855	2
49.934128	5
49.954401	-3
49.974674	2
49.994947	5
50.01522	6
50.035493	-2
50.055766	-1
50.076039	1
50.096312	0
50.116585	7
50.136858	3
50.157131	-1
50.177404	1
50.197677	10
50.21795	7
50.238223	4
50.258496	-1
50.278769	3
50.299042	9
50.319315	-2
50.339588	6
50.359861	7
50.380134	9
50.400407	3
50.42068	-1
50.440953	-1
50.461226	10
50.481499	3
50.501772	1
50.522045	4
50.542318	2
50.562591	6
50.582864	0
50.603137	-1
50.62341	2
50.643683	-1
50.663956	4
50.684229	2
50.704502	12
50.724775	2
50.745048	-2
50.765321	6
50.785594	-2
50.805867	7
50.82614	3
50.846413	8
50.866686	5
50.886959	6
50.907232	3
50.927505	2
50.947778	6
50.968051	1
50.988324	-1
51.008597	-1
51.02887	2
51.049143	1
51.069416	5
51.089689	3
51.109962	5
51.130235	1
51.150508	5
51.170781	2
51.191054	0
51.211327	1
51.2316	0
51.251873	3
51.272146	2
51.292419	6
51.312692	3
51.332965	4
51.353238	1
51.373511	-3
51.393784	3
51.414057	6
51.43433	-1
51.454603	3
51.474876	2
51.495149	-4
51.515422	0
51.535695	2
51.555968	6
51.576241	-2
51.596514	3
51.616787	0
51.63706	6
51.657333	3
51.677606	4
51.697879	-2
51.718152	7
51.738425	4
51.758698	-4
51.778971	-1
51.799244	3
51.819517	11
51.83979	15
51.860063	12
51.880336	5
51.900609	4
51.920882	3
51.941155	6
51.961428	3
51.981701	8
52.001974	11
52.022247	4
52.04252	1
52.062793	5
52.083066	1
52.103339	3
52.123612	-2
52.143885	-1
52.164158	3
52.184431	2
52.204704	4
52.224977	2
52.24525	-2
52.265523	4
52.285796	7
52.306069	10
52.326342	0
52.346615	4
52.366888	11
52.387161	2
52.407434	-2
52.427707	2
52.44798	-3
52.468253	-2
52.488526	-1
52.508799	2
52.529072	1
52.549345	0
52.569618	6
52.589891	-3
52.610164	7
52.630437	5
52.65071	6
52.670983	7
52.691256	0
52.711529	1
52.731802	2
52.752075	-2
52.772348	0
52.792621	7
52.812894	3
52.833167	4
52.85344	3
52.873713	6
52.893986	5
52.914259	11
52.934532	-1
52.954805	2
52.975078	10
52.995351	3
53.015624	6
53.035897	5
53.05617	2
53.076443	5
53.096716	-5
53.116989	10
53.137262	3
53.157535	6
53.177808	7
53.198081	3
53.218354	1
53.238627	3
53.2589	5
53.279173	8
53.299446	3
53.319719	8
53.339992	5
53.360265	2
53.380538	0
53.400811	4
53.421084	-3
53.441357	13
53.46163	2
53.481903	-1
53.502176	9
53.522449	-2
53.542722	4
53.562995	2
53.583268	5
53.603541	6
53.623814	1
53.644087	7
53.66436	4
53.684633	9
53.704906	0
53.725179	1
53.745452	12
53.765725	8
53.785998	5
53.806271	7
53.826544	16
53.846817	4
53.86709	-1
53.887363	6
53.907636	4
53.927909	8
53.948182	2
53.968455	7
53.988728	9
54.009001	9
54.029274	9
54.049547	17
54.06982	12
54.090093	5
54.110366	3
54.130639	2
54.150912	2
54.171185	4
54.191458	4
54.211731	8
54.232004	0
54.252277	10
54.27255	9
54.292823	8
54.313096	10
54.333369	1
54.353642	4
54.373915	5
54.394188	4
54.414461	10
54.434734	5
54.455007	12
54.47528	7
54.495553	5
54.515826	9
54.536099	10
54.556372	1
54.576645	7
54.596918	6
54.617191	8
54.637464	4
54.657737	5
54.67801	0
54.698283	3
54.718556	5
54.738829	4
54.759102	4
54.779375	4
54.799648	4
54.819921	7
54.840194	1
54.860467	11
54.88074	5
54.901013	-2
54.921286	1
54.941559	5
54.961832	4
54.982105	6
55.002378	9
55.022651	-1
55.042924	-4
55.063197	4
55.08347	6
55.103743	8
55.124016	6
55.144289	-2
55.164562	0
55.184835	7
55.205108	-1
55.225381	5
55.245654	10
55.265927	3
55.2862	0
55.306473	8
55.326746	8
55.347019	9
55.367292	5
55.387565	9
55.407838	1
55.428111	1
55.448384	4
55.468657	2
55.48893	7
55.509203	0
55.529476	2
55.549749	4
55.570022	4
55.590295	11
55.610568	2
55.630841	6
55.651114	10
55.671387	1
55.69166	6
55.711933	8
55.732206	-1
55.752479	3
55.772752	8
55.793025	5
55.813298	7
55.833571	4
55.853844	4
55.874117	-1
55.89439	1
55.914663	8
55.934936	-5
55.955209	6
55.975482	7
55.995755	4
56.016028	4
56.036301	2
56.056574	1
56.076847	3
56.09712	2
56.117393	11
56.137666	-2
56.157939	8
56.178212	8
56.198485	10
56.218758	5
56.239031	3
56.259304	3
56.279577	8
56.29985	9
56.320123	5
56.340396	2
56.360669	6
56.380942	1
56.401215	5
56.421488	3
56.441761	6
56.462034	10
56.482307	7
56.50258	7
56.522853	11
56.543126	1
56.563399	3
56.583672	6
56.603945	9
56.624218	3
56.644491	4
56.664764	8
56.685037	7
56.70531	7
56.725583	7
56.745856	1
56.766129	7
56.786402	5
56.806675	10
56.826948	11
56.847221	6
56.867494	7
56.887767	3
56.90804	7
56.928313	5
56.948586	6
56.968859	8
56.989132	4
57.009405	3
57.029678	2
57.049951	2
57.070224	1
57.090497	7
57.11077	7
57.131043	-2
57.151316	4
57.171589	6
57.191862	6
57.212135	0
57.232408	12
57.252681	8
57.272954	10
57.293227	13
57.3135	5
57.333773	6
57.354046	7
57.374319	7
57.394592	2
57.414865	13
57.435138	8
57.455411	10
57.475684	2
57.495957	6
57.51623	7
57.536503	6
57.556776	-2
57.577049	4
57.597322	10
57.617595	6
57.637868	1
57.658141	5
57.678414	9
57.698687	14
57.71896	4
57.739233	3
57.759506	4
57.779779	8
57.800052	6
57.820325	5
57.840598	2
57.860871	2
57.881144	4
57.901417	8
57.92169	8
57.941963	7
57.962236	6
57.982509	11
58.002782	3
58.023055	9
58.043328	8
58.063601	5
58.083874	5
58.104147	15
58.12442	7
58.144693	15
58.164966	-2
58.185239	13
58.205512	7
58.225785	5
58.246058	5
58.266331	6
58.286604	3
58.306877	5
58.32715	2
58.347423	2
58.367696	5
58.387969	8
58.408242	5
58.428515	7
58.448788	8
58.469061	8
58.489334	4
58.509607	7
58.52988	13
58.550153	0
58.570426	4
58.590699	3
58.610972	0
58.631245	4
58.651518	6
58.671791	10
58.692064	0
58.712337	6
58.73261	7
58.752883	7
58.773156	2
58.793429	10
58.813702	8
58.833975	6
58.854248	9
58.874521	3
58.894794	4
58.915067	7
58.93534	5
58.955613	10
58.975886	5
58.996159	9
59.016432	9
59.036705	9
59.056978	9
59.077251	8
59.097524	11
59.117797	5
59.13807	-2
59.158343	0
59.178616	9
59.198889	7
59.219162	7
59.239435	4
59.259708	13
59.279981	9
59.300254	12
59.320527	8
59.3408	5
59.361073	14
59.381346	12
59.401619	3
59.421892	6
59.442165	3
59.462438	8
59.482711	6
59.502984	2
59.523257	5
59.54353	3
59.563803	7
59.584076	-1
59.604349	11
59.624622	5
59.644895	10
59.665168	7
59.685441	5
59.705714	1
59.725987	5
59.74626	7
59.766533	8
59.786806	-1
59.807079	4
59.827352	11
59.847625	2
59.867898	12
59.888171	2
59.908444	13
59.928717	6
59.94899	0
59.969263	6
59.989536	8
60.009809	12
60.030082	10
60.050355	6
60.070628	8
60.090901	3
60.111174	11
60.131447	11
60.15172	0
60.171993	1
60.192266	4
60.212539	8
60.232812	4
60.253085	3
60.273358	3
60.293631	9
60.313904	5
60.334177	8
60.35445	11
60.374723	6
60.394996	5
60.415269	10
60.435542	7
60.455815	6
60.476088	9
60.496361	8
60.516634	1
60.536907	9
60.55718	12
60.577453	9
60.597726	4
60.617999	9
60.638272	12
60.658545	2
60.678818	6
60.699091	0
60.719364	9
60.739637	1
60.75991	12
60.780183	10
60.800456	3
60.820729	7
60.841002	1
60.861275	9
60.881548	9
60.901821	9
60.922094	8
60.942367	0
60.96264	8
60.982913	-1
61.003186	5
61.023459	9
61.043732	-3
61.064005	3
61.084278	7
61.104551	8
61.124824	6
61.145097	4
61.16537	8
61.185643	6
61.205916	3
61.226189	2
61.246462	1
61.266735	6
61.287008	10
61.307281	8
61.327554	14
61.347827	8
61.3681	8
61.388373	7
61.408646	2
61.428919	6
61.449192	6
61.469465	10
61.489738	7
61.510011	7
61.530284	9
61.550557	6
61.57083	4
61.591103	5
61.611376	11
61.631649	12
61.651922	13
61.672195	10
61.692468	12
61.712741	6
61.733014	10
61.753287	11
61.77356	8
61.793833	14
61.814106	14
61.834379	12
61.854652	9
61.874925	8
61.895198	6
61.915471	9
61.935744	10
61.956017	6
61.97629	5
61.996563	5
62.016836	10
62.037109	6
62.057382	6
62.077655	6
62.097928	3
62.118201	7
62.138474	9
62.158747	11
62.17902	6
62.199293	8
62.219566	16
62.239839	10
62.260112	7
62.280385	15
62.300658	9
62.320931	8
62.341204	9
62.361477	11
62.38175	8
62.402023	8
62.422296	9
62.442569	11
62.462842	12
62.483115	4
62.503388	9
62.523661	5
62.543934	6
62.564207	11
62.58448	3
62.604753	2
62.625026	9
62.645299	6
62.665572	9
62.685845	9
62.706118	4
62.726391	10
62.746664	7
62.766937	3
62.78721	10
62.807483	4
62.827756	10
62.848029	17
62.868302	5
62.888575	11
62.908848	12
62.929121	11
62.949394	10
62.969667	8
62.98994	7
63.010213	13
63.030486	10
63.050759	5
63.071032	5
63.091305	10
63.111578	6
63.131851	10
63.152124	5
63.172397	11
63.19267	3
63.212943	8
63.233216	11
63.253489	9
63.273762	8
63.294035	3
63.314308	5
63.334581	0
63.354854	6
63.375127	6
63.3954	10
63.415673	7
63.435946	9
63.456219	9
63.476492	7
63.496765	12
63.517038	8
63.537311	4
63.557584	-2
63.577857	9
63.59813	13
63.618403	3
63.638676	5
63.658949	5
63.679222	8
63.699495	12
63.719768	6
63.740041	6
63.760314	9
63.780587	11
63.80086	5
63.821133	10
63.841406	13
63.861679	3
63.881952	8
63.902225	0
63.922498	8
63.942771	5
63.963044	8
63.983317	7
64.00359	4
64.023863	6
64.044136	9
64.064409	4
64.084682	2
64.104955	12
64.125228	11
64.145501	0
64.165774	3
64.186047	5
64.20632	12
64.226593	5
64.246866	7
64.267139	6
64.287412	6
64.307685	6
64.327958	2
64.348231	5
64.368504	7
64.388777	2
64.40905	11
64.429323	8
64.449596	4
64.469869	5
64.490142	14
64.510415	6
64.530688	6
64.550961	7
64.571234	5
64.591507	3
64.61178	-1
64.632053	8
64.652326	9
64.672599	0
64.692872	7
64.713145	3
64.733418	2
64.753691	7
64.773964	-3
64.794237	3
64.81451	9
64.834783	5
64.855056	11
64.875329	6
64.895602	19
64.915875	7
64.936148	6
64.956421	6
64.976694	6
64.996967	8
65.01724	10
65.037513	8
65.057786	14
65.078059	7
65.098332	10
65.118605	13
65.138878	9
65.159151	11
65.179424	11
65.199697	10
65.21997	13
65.240243	8
65.260516	9
65.280789	13
65.301062	5
65.321335	10
65.341608	12
65.361881	17
65.382154	8
65.402427	12
65.4227	13
65.442973	10
65.463246	11
65.483519	8
65.503792	5
65.524065	5
65.544338	9
65.564611	5
65.584884	2
65.605157	-1
65.62543	5
65.645703	2
65.665976	10
65.686249	4
65.706522	7
65.726795	11
65.747068	3
65.767341	9
65.787614	7
65.807887	-1
65.82816	9
65.848433	10
65.868706	7
65.888979	1
65.909252	7
65.929525	12
65.949798	5
65.970071	4
65.990344	13
66.010617	9
66.03089	11
66.051163	1
66.071436	4
66.091709	7
66.111982	-1
66.132255	4
66.152528	8
66.172801	5
66.193074	6
66.213347	7
66.23362	6
66.253893	4
66.274166	3
66.294439	4
66.314712	2
66.334985	1
66.355258	9
66.375531	0
66.395804	4
66.416077	7
66.43635	3
66.456623	6
66.476896	6
66.497169	9
66.517442	3
66.537715	9
66.557988	4
66.578261	4
66.598534	7
66.618807	6
66.63908	7
66.659353	6
66.679626	3
66.699899	4
66.720172	4
66.740445	4
66.760718	2
66.780991	7
66.801264	4
66.821537	0
66.84181	-1
66.862083	7
66.882356	8
66.902629	8
66.922902	3
66.943175	4
66.963448	4
66.983721	1
67.003994	1
67.024267	8
67.04454	-3
67.064813	6
67.085086	-5
67.105359	1
67.125632	9
67.145905	7
67.166178	2
67.186451	3
67.206724	2
67.226997	5
67.24727	3
67.267543	3
67.287816	3
67.308089	6
67.328362	4
67.348635	2
67.368908	1
67.389181	8
67.409454	5
67.429727	7
67.45	3
67.470273	3
67.490546	7
67.510819	4
67.531092	7
67.551365	7
67.571638	6
67.591911	5
67.612184	3
67.632457	1
67.65273	6
67.673003	8
67.693276	4
67.713549	5
67.733822	1
67.754095	1
67.774368	3
67.794641	2
67.814914	3
67.835187	6
67.85546	3
67.875733	10
67.896006	5
67.916279	8
67.936552	1
67.956825	3
67.977098	3
67.997371	-1
68.017644	5
68.037917	3
68.05819	7
68.078463	6
68.098736	2
68.119009	6
68.139282	5
68.159555	5
68.179828	10
68.200101	7
68.220374	9
68.240647	3
68.26092	7
68.281193	6
68.301466	6
68.321739	5
68.342012	-1
68.362285	13
68.382558	6
68.402831	4
68.423104	5
68.443377	0
68.46365	1
68.483923	1
68.504196	3
68.524469	4
68.544742	7
68.565015	5
68.585288	5
68.605561	7
68.625834	6
68.646107	-2
68.66638	2
68.686653	0
68.706926	7
68.727199	4
68.747472	4
68.767745	2
68.788018	3
68.808291	-4
68.828564	9
68.848837	3
68.86911	5
68.889383	12
68.909656	6
68.929929	0
68.950202	7
68.970475	11
68.990748	2
69.011021	6
69.031294	11
69.051567	2
69.07184	4
69.092113	8
69.112386	1
69.132659	0
69.152932	3
69.173205	4
69.193478	7
69.213751	6
69.234024	4
69.254297	8
69.27457	5
69.294843	5
69.315116	3
69.335389	5
69.355662	6
69.375935	3
69.396208	5
69.416481	4
69.436754	10
69.457027	8
69.4773	5
69.497573	2
69.517846	4
69.538119	6
69.558392	-1
69.578665	3
69.598938	3
69.619211	4
69.639484	10
69.659757	1
69.68003	1
69.700303	3
69.720576	5
69.740849	2
69.761122	1
69.781395	5
69.801668	1
69.821941	4
69.842214	1
69.862487	7
69.88276	6
69.903033	-2
69.923306	0
69.943579	5
69.963852	5
69.984125	1
70.004398	3
70.024671	-1
70.044944	6
70.065217	7
70.08549	4
70.105763	3
70.126036	10
70.146309	4
70.166582	4
70.186855	6
70.207128	2
70.227401	3
70.247674	5
70.267947	10
70.28822	6
70.308493	1
70.328766	5
70.349039	6
70.369312	4
70.389585	-4
70.409858	0
70.430131	5
70.450404	5
70.470677	2
70.49095	6
70.511223	3
70.531496	0
70.551769	4
70.572042	6
70.592315	4
70.612588	0
70.632861	3
70.653134	2
70.673407	6
70.69368	0
70.713953	1
70.734226	5
70.754499	4
70.774772	2
70.795045	1
70.815318	4
70.835591	0
70.855864	2
70.876137	-2
70.89641	3
70.916683	4
70.936956	6
70.957229	4
70.977502	3
70.997775	10
71.018048	5
71.038321	0
71.058594	2
71.078867	5
71.09914	1
71.119413	1
71.139686	3
71.159959	4
71.180232	5
71.200505	5
71.220778	2
71.241051	0
71.261324	2
71.281597	3
71.30187	1
71.322143	5
71.342416	-1
71.362689	-4
71.382962	6
71.403235	4
71.423508	-2
71.443781	5
71.464054	7
71.484327	5
71.5046	7
71.524873	3
71.545146	7
71.565419	8
71.585692	-3
71.605965	4
71.626238	8
71.646511	4
71.666784	-1
71.687057	6
71.70733	8
71.727603	4
71.747876	4
71.768149	5
71.788422	2
71.808695	4
71.828968	0
71.849241	1
71.869514	4
71.889787	2
71.91006	-2
71.930333	2
71.950606	7
71.970879	5
71.991152	7
72.011425	7
72.031698	3
72.051971	6
72.072244	5
72.092517	5
72.11279	-2
72.133063	9
72.153336	3
72.173609	7
72.193882	10
72.214155	0
72.234428	6
72.254701	3
72.274974	2
72.295247	0
72.31552	-1
72.335793	1
72.356066	6
72.376339	1
72.396612	5
72.416885	0
72.437158	-2
72.457431	9
72.477704	3
72.497977	9
72.51825	6
72.538523	4
72.558796	2
72.579069	2
72.599342	3
72.619615	3
72.639888	7
72.660161	7
72.680434	6
72.700707	5
72.72098	4
72.741253	1
72.761526	8
72.781799	0
72.802072	5
72.822345	-1
72.842618	12
72.862891	6
72.883164	4
72.903437	-2
72.92371	6
72.943983	-1
72.964256	3
72.984529	2
73.004802	8
73.025075	5
73.045348	4
73.065621	4
73.085894	0
73.106167	0
73.12644	3
73.146713	3
73.166986	4
73.187259	3
73.207532	-2
73.227805	9
73.248078	5
73.268351	2
73.288624	3
73.308897	2
73.32917	7
73.349443	4
73.369716	10
73.389989	5
73.410262	0
73.430535	2
73.450808	5
73.471081	3
73.491354	4
73.511627	6
73.5319	11
73.552173	5
73.572446	3
73.592719	4
73.612992	4
73.633265	4
73.653538	6
73.673811	-1
73.694084	2
73.714357	4
73.73463	3
73.754903	1
73.775176	-2
73.795449	6
73.815722	4
73.835995	5
73.856268	11
73.876541	4
73.896814	7
73.917087	5
73.93736	4
73.957633	3
73.977906	11
73.998179	5
74.018452	3
74.038725	6
74.058998	2
74.079271	11
74.099544	-1
74.119817	6
74.14009	6
74.160363	12
74.180636	1
74.200909	7
74.221182	6
74.241455	7
74.261728	9
74.282001	5
74.302274	2
74.322547	2
74.34282	7
74.363093	13
74.383366	11
74.403639	7
74.423912	3
74.444185	8
74.464458	5
74.484731	-1
74.505004	6
74.525277	5
74.54555	4
74.565823	8
74.586096	13
74.606369	5
74.626642	8
74.646915	7
74.667188	7
74.687461	1
74.707734	5
74.728007	2
74.74828	2
74.768553	9
74.788826	6
74.809099	11
74.829372	10
74.849645	9
74.869918	7
74.890191	2
74.910464	5
74.930737	5
74.95101	2
74.971283	4
74.991556	3
75.011829	3
75.032102	7
75.052375	7
75.072648	5
75.092921	9
75.113194	8
75.133467	9
75.15374	5
75.174013	10
75.194286	9
75.214559	2
75.234832	6
75.255105	8
75.275378	8
75.295651	4
75.315924	9
75.336197	10
75.35647	12
75.376743	6
75.397016	6
75.417289	3
75.437562	6
75.457835	2
75.478108	10
75.498381	7
75.518654	5
75.538927	12
75.5592	6
75.579473	10
75.599746	14
75.620019	6
75.640292	11
75.660565	7
75.680838	10
75.701111	6
75.721384	2
75.741657	10
75.76193	4
75.782203	12
75.802476	10
75.822749	5
75.843022	6
75.863295	7
75.883568	7
75.903841	5
75.924114	4
75.944387	1
75.96466	7
75.984933	8
76.005206	6
76.025479	5
76.045752	0
76.066025	14
76.086298	6
76.106571	5
76.126844	3
76.147117	2
76.16739	6
76.187663	5
76.207936	6
76.228209	6
76.248482	3
76.268755	8
76.289028	7
76.309301	5
76.329574	8
76.349847	6
76.37012	3
76.390393	5
76.410666	1
76.430939	1
76.451212	4
76.471485	4
76.491758	4
76.512031	5
76.532304	9
76.552577	6
76.57285	3
76.593123	5
76.613396	2
76.633669	4
76.653942	1
76.674215	2
76.694488	11
76.714761	4
76.735034	4
76.755307	6
76.77558	6
76.795853	11
76.816126	9
76.836399	9
76.856672	6
76.876945	4
76.897218	8
76.917491	8
76.937764	5
76.958037	0
76.97831	6
76.998583	8
77.018856	7
77.039129	5
77.059402	4
77.079675	7
77.099948	8
77.120221	7
77.140494	8
77.160767	4
77.18104	9
77.201313	4
77.221586	4
77.241859	5
77.262132	4
77.282405	9
77.302678	-1
77.322951	5
77.343224	7
77.363497	2
77.38377	7
77.404043	7
77.424316	4
77.444589	9
77.464862	4
77.485135	8
77.505408	8
77.525681	5
77.545954	5
77.566227	4
77.5865	6
77.606773	8
77.627046	5
77.647319	2
77.667592	8
77.687865	3
77.708138	7
77.728411	10
77.748684	8
77.768957	4
77.78923	7
77.809503	14
77.829776	5
77.850049	9
77.870322	9
77.890595	6
77.910868	4
77.931141	8
77.951414	10
77.971687	9
77.99196	11
78.012233	11
78.032506	3
78.052779	8
78.073052	3
78.093325	6
78.113598	6
78.133871	8
78.154144	11
78.174417	5
78.19469	3
78.214963	5
78.235236	9
78.255509	9
78.275782	8
78.296055	8
78.316328	-1
78.336601	0
78.356874	6
78.377147	8
78.39742	6
78.417693	8
78.437966	11
78.458239	11
78.478512	5
78.498785	4
78.519058	7
78.539331	4
78.559604	12
78.579877	3
78.60015	9
78.620423	5
78.640696	6
78.660969	10
78.681242	6
78.701515	9
78.721788	7
78.742061	10
78.762334	4
78.782607	5
78.80288	10
78.823153	8
78.843426	3
78.863699	8
78.883972	11
78.904245	6
78.924518	5
78.944791	7
78.965064	4
78.985337	2
79.00561	12
79.025883	9
79.046156	-1
79.066429	5
79.086702	5
79.106975	7
79.127248	11
79.147521	8
79.167794	11
79.188067	11
79.20834	11
79.228613	9
79.248886	9
79.269159	5
79.289432	7
79.309705	9
79.329978	8
79.350251	7
79.370524	7
79.390797	6
79.41107	10
79.431343	7
79.451616	6
79.471889	4
79.492162	8
79.512435	12
79.532708	2
79.552981	4
79.573254	6
79.593527	13
79.6138	8
79.634073	6
79.654346	11
79.674619	10
79.694892	6
79.715165	3
79.735438	11
79.755711	7
79.775984	3
79.796257	10
79.81653	3
79.836803	6
79.857076	4
79.877349	9
79.897622	5
79.917895	7
79.938168	9
79.958441	9
79.978714	4
79.998987	4
80.01926	9
