10.097683	3
10.117956	2
10.138229	6
10.158502	-2
10.178775	9
10.199048	18
10.219321	3
10.239594	10
10.259867	7
10.28014	7
10.300413	10
10.320686	4
10.340959	9
10.361232	8
10.381505	6
10.401778	2
10.422051	9
10.442324	2
10.462597	5
10.48287	5
10.503143	19
10.523416	6
10.543689	9
10.563962	12
10.584235	1
10.604508	7
10.624781	5
10.645054	10
10.665327	7
10.6856	7
10.705873	-2
10.726146	10
10.746419	7
10.766692	3
10.786965	4
10.807238	8
10.827511	13
10.847784	3
10.868057	7
10.88833	8
10.908603	2
10.928876	2
10.949149	8
10.969422	6
10.989695	6
11.009968	10
11.030241	3
11.050514	-1
11.070787	5
11.09106	-2
11.111333	3
11.131606	-3
11.151879	4
11.172152	1
11.192425	4
11.212698	6
11.232971	3
11.253244	18
11.273517	8
11.29379	5
11.314063	3
11.334336	6
11.354609	3
11.374882	7
11.395155	1
11.415428	3
11.435701	7
11.455974	11
11.476247	11
11.49652	6
11.516793	19
11.537066	8
11.557339	8
11.577612	1
11.597885	5
11.618158	5
11.638431	-2
11.658704	5
11.678977	4
11.69925	17
11.719523	10
11.739796	-4
11.760069	-3
11.780342	-1
11.800615	4
11.820888	5
11.841161	0
11.861434	8
11.881707	8
11.90198	9
11.922253	2
11.942526	0
11.962799	6
11.983072	0
12.003345	1
12.023618	3
12.043891	5
12.064164	1
12.084437	2
12.10471	-1
12.124983	7
12.145256	7
12.165529	5
12.185802	6
12.206075	4
12.226348	3
12.246621	2
12.266894	14
12.287167	0
12.30744	9
12.327713	2
12.347986	8
12.368259	10
12.388532	19
12.408805	6
12.429078	4
12.449351	-2
12.469624	6
12.489897	10
12.51017	-1
12.530443	12
12.550716	13
12.570989	4
12.591262	4
12.611535	9
12.631808	5
12.652081	5
12.672354	10
12.692627	4
12.7129	3
12.733173	4
12.753446	-4
12.773719	3
12.793992	10
12.814265	14
12.834538	1
12.854811	2
12.875084	5
12.895357	5
12.91563	1
12.935903	12
12.956176	13
12.976449	0
12.996722	10
13.016995	4
13.037268	3
13.057541	4
13.077814	8
13.098087	13
13.11836	4
13.138633	4
13.158906	2
13.179179	3
13.199452	10
13.219725	10
13.239998	8
13.260271	2
13.280544	13
13.300817	8
13.32109	9
13.341363	2
13.361636	8
13.381909	1
13.402182	6
13.422455	9
13.442728	7
13.463001	10
13.483274	7
13.503547	1
13.52382	12
13.544093	2
13.564366	-7
13.584639	15
13.604912	15
13.625185	8
13.645458	6
13.665731	8
13.686004	8
13.706277	8
13.72655	4
13.746823	1
13.767096	2
13.787369	4
13.807642	8
13.827915	5
13.848188	5
13.868461	7
13.888734	13
13.909007	3
13.92928	7
13.949553	8
13.969826	3
13.990099	13
14.010372	4
14.030645	8
14.050918	8
14.071191	13
14.091464	-3
14.111737	10
14.13201	11
14.152283	6
14.172556	2
14.192829	7
14.213102	8
14.233375	10
14.253648	15
14.273921	11
14.294194	11
14.314467	1
14.33474	12
14.355013	5
14.375286	7
14.395559	14
14.415832	8
14.436105	1
14.456378	3
14.476651	-3
14.496924	8
14.517197	5
14.53747	8
14.557743	2
14.578016	10
14.598289	10
14.618562	8
14.638835	8
14.659108	6
14.679381	4
14.699654	7
14.719927	3
14.7402	7
14.760473	0
14.780746	15
14.801019	9
14.821292	11
14.841565	3
14.861838	10
14.882111	13
14.902384	13
14.922657	9
14.94293	-1
14.963203	4
14.983476	12
15.003749	12
15.024022	9
15.044295	7
15.064568	14
15.084841	2
15.105114	5
15.125387	2
15.14566	8
15.165933	8
15.186206	3
15.206479	1
15.226752	5
15.247025	5
15.267298	8
15.287571	8
15.307844	0
15.328117	7
15.34839	-1
15.368663	1
15.388936	-10
15.409209	6
15.429482	7
15.449755	0
15.470028	-5
15.490301	10
15.510574	10
15.530847	9
15.55112	9
15.571393	1
15.591666	10
15.611939	0
15.632212	8
15.652485	0
15.672758	12
15.693031	10
15.713304	17
15.733577	-1
15.75385	4
15.774123	7
15.794396	6
15.814669	0
15.834942	7
15.855215	2
15.875488	3
15.895761	4
15.916034	6
15.936307	8
15.95658	4
15.976853	6
15.997126	3
16.017399	-2
16.037672	-4
16.057945	0
16.078218	7
16.098491	3
16.118764	1
16.139037	-2
16.15931	-6
16.179583	3
16.199856	12
16.220129	3
16.240402	2
16.260675	3
16.280948	11
16.301221	1
16.321494	6
16.341767	-6
16.36204	1
16.382313	-1
16.402586	0
16.422859	-4
16.443132	3
16.463405	-3
16.483678	9
16.503951	3
16.524224	1
16.544497	8
16.56477	7
16.585043	0
16.605316	11
16.625589	-2
16.645862	2
16.666135	-6
16.686408	6
16.706681	5
16.726954	1
16.747227	8
16.7675	-5
16.787773	6
16.808046	8
16.828319	-6
16.848592	3
16.868865	4
16.889138	-5
16.909411	0
16.929684	-4
16.949957	6
16.97023	4
16.990503	-1
17.010776	4
17.031049	-1
17.051322	5
17.071595	2
17.091868	-9
17.112141	1
17.132414	14
17.152687	-2
17.17296	14
17.193233	-4
17.213506	2
17.233779	0
17.254052	6
17.274325	-2
17.294598	4
17.314871	9
17.335144	4
17.355417	4
17.37569	10
17.395963	-4
17.416236	-9
17.436509	-1
17.456782	0
17.477055	3
17.497328	1
17.517601	-6
17.537874	-1
17.558147	-11
17.57842	-6
17.598693	8
17.618966	-8
17.639239	3
17.659512	2
17.679785	1
17.700058	-3
17.720331	-4
17.740604	-4
17.760877	0
17.78115	-3
17.801423	-4
17.821696	7
17.841969	7
17.862242	-1
17.882515	1
17.902788	6
17.923061	2
17.943334	8
17.963607	4
17.98388	-4
18.004153	3
18.024426	1
18.044699	1
18.064972	5
18.085245	0
18.105518	-6
18.125791	-1
18.146064	2
18.166337	-2
18.18661	-6
18.206883	-2
18.227156	5
18.247429	-9
18.267702	-4
18.287975	-3
18.308248	13
18.328521	8
18.348794	12
18.369067	6
18.38934	-2
18.409613	6
18.429886	2
18.450159	5
18.470432	8
18.490705	1
18.510978	-9
18.531251	-1
18.551524	12
18.571797	-2
18.59207	3
18.612343	-2
18.632616	-7
18.652889	8
18.673162	-1
18.693435	14
18.713708	6
18.733981	7
18.754254	-5
18.774527	3
18.7948	-10
18.815073	-3
18.835346	3
18.855619	-4
18.875892	2
18.896165	-1
18.916438	3
18.936711	2
18.956984	4
18.977257	-6
18.99753	-3
19.017803	-2
19.038076	-2
19.058349	-5
19.078622	2
19.098895	5
19.119168	5
19.139441	10
19.159714	-4
19.179987	4
19.20026	13
19.220533	-2
19.240806	6
19.261079	6
19.281352	-3
19.301625	1
19.321898	-1
19.342171	17
19.362444	5
19.382717	0
19.40299	-1
19.423263	2
19.443536	4
19.463809	-3
19.484082	-3
19.504355	2
19.524628	7
19.544901	0
19.565174	14
19.585447	1
19.60572	-5
19.625993	-1
19.646266	3
19.666539	-2
19.686812	-2
19.707085	0
19.727358	9
19.747631	1
19.767904	-2
19.788177	-3
19.80845	2
19.828723	-3
19.848996	-4
19.869269	4
19.889542	2
19.909815	7
19.930088	-2
19.950361	-4
19.970634	4
19.990907	6
20.01118	1
20.031453	2
20.051726	9
20.071999	1
20.092272	-4
20.112545	7
20.132818	-6
20.153091	3
20.173364	-1
20.193637	9
20.21391	-1
20.234183	-1
20.254456	-5
20.274729	-7
20.295002	-7
20.315275	3
20.335548	1
20.355821	0
20.376094	11
20.396367	0
20.41664	14
20.436913	2
20.457186	-6
20.477459	3
20.497732	2
20.518005	0
20.538278	3
20.558551	0
20.578824	6
20.599097	4
20.61937	7
20.639643	14
20.659916	2
20.680189	10
20.700462	17
20.720735	2
20.741008	2
20.761281	16
20.781554	-4
20.801827	6
20.8221	1
20.842373	-1
20.862646	9
20.882919	1
20.903192	-1
20.923465	17
20.943738	-1
20.964011	11
20.984284	1
21.004557	4
21.02483	6
21.045103	3
21.065376	4
21.085649	13
21.105922	4
21.126195	-1
21.146468	-4
21.166741	3
21.187014	11
21.207287	-4
21.22756	1
21.247833	3
21.268106	0
21.288379	13
21.308652	-4
21.328925	4
21.349198	1
21.369471	9
21.389744	5
21.410017	11
21.43029	3
21.450563	5
21.470836	5
21.491109	15
21.511382	-5
21.531655	6
21.551928	7
21.572201	1
21.592474	-8
21.612747	10
21.63302	-3
21.653293	5
21.673566	2
21.693839	-4
21.714112	4
21.734385	7
21.754658	7
21.774931	2
21.795204	-4
21.815477	9
21.83575	3
21.856023	-3
21.876296	8
21.896569	9
21.916842	8
21.937115	2
21.957388	7
21.977661	15
21.997934	10
22.018207	11
22.03848	5
22.058753	1
22.079026	13
22.099299	4
22.119572	3
22.139845	-7
22.160118	5
22.180391	6
22.200664	0
22.220937	10
22.24121	-1
22.261483	6
22.281756	0
22.302029	-6
22.322302	9
22.342575	8
22.362848	-7
22.383121	7
22.403394	2
22.423667	7
22.44394	15
22.464213	3
22.484486	4
22.504759	-3
22.525032	-1
22.545305	0
22.565578	5
22.585851	6
22.606124	9
22.626397	-1
22.64667	-2
22.666943	7
22.687216	0
22.707489	-5
22.727762	-1
22.748035	3
22.768308	2
22.788581	-8
22.808854	3
22.829127	8
22.8494	-2
22.869673	2
22.889946	3
22.910219	8
22.930492	0
22.950765	7
22.971038	-3
22.991311	7
23.011584	9
23.031857	8
23.05213	2
23.072403	-6
23.092676	-4
23.112949	11
23.133222	-5
23.153495	-7
23.173768	13
23.194041	2
23.214314	0
23.234587	6
23.25486	-2
23.275133	11
23.295406	-3
23.315679	-4
23.335952	1
23.356225	14
23.376498	11
23.396771	14
23.417044	9
23.437317	5
23.45759	3
23.477863	13
23.498136	1
23.518409	3
23.538682	1
23.558955	-1
23.579228	2
23.599501	-1
23.619774	17
23.640047	8
23.66032	9
23.680593	7
23.700866	6
23.721139	3
23.741412	0
23.761685	0
23.781958	16
23.802231	8
23.822504	5
23.842777	2
23.86305	13
23.883323	3
23.903596	14
23.923869	8
23.944142	10
23.964415	3
23.984688	6
24.004961	5
24.025234	8
24.045507	2
24.06578	5
24.086053	6
24.106326	9
24.126599	2
24.146872	17
24.167145	5
24.187418	9
24.207691	12
24.227964	11
24.248237	1
24.26851	-4
24.288783	11
24.309056	1
24.329329	-1
24.349602	5
24.369875	-1
24.390148	6
24.410421	2
24.430694	13
24.450967	11
24.47124	2
24.491513	3
24.511786	11
24.532059	5
24.552332	5
24.572605	12
24.592878	12
24.613151	6
24.633424	-2
24.653697	8
24.67397	18
24.694243	11
24.714516	20
24.734789	2
24.755062	11
24.775335	-2
24.795608	6
24.815881	9
24.836154	-1
24.856427	7
24.8767	5
24.896973	2
24.917246	12
24.937519	0
24.957792	-6
24.978065	6
24.998338	5
25.018611	4
25.038884	14
25.059157	2
25.07943	9
25.099703	9
25.119976	7
25.140249	11
25.160522	12
25.180795	7
25.201068	0
25.221341	12
25.241614	12
25.261887	13
25.28216	12
25.302433	21
25.322706	13
25.342979	15
25.363252	13
25.383525	7
25.403798	8
25.424071	8
25.444344	15
25.464617	14
25.48489	13
25.505163	6
25.525436	3
25.545709	9
25.565982	-5
25.586255	3
25.606528	-7
25.626801	15
25.647074	4
25.667347	11
25.68762	9
25.707893	20
25.728166	16
25.748439	13
25.768712	6
25.788985	4
25.809258	7
25.829531	7
25.849804	1
25.870077	4
25.89035	2
25.910623	6
25.930896	7
25.951169	3
25.971442	8
25.991715	0
26.011988	1
26.032261	7
26.052534	0
26.072807	5
26.09308	5
26.113353	-1
26.133626	3
26.153899	-10
26.174172	7
26.194445	10
26.214718	6
26.234991	5
26.255264	3
26.275537	4
26.29581	9
26.316083	1
26.336356	3
26.356629	11
26.376902	11
26.397175	7
26.417448	4
26.437721	11
26.457994	9
26.478267	15
26.49854	8
26.518813	-4
26.539086	18
26.559359	-5
26.579632	13
26.599905	-2
26.620178	-1
26.640451	10
26.660724	0
26.680997	-2
26.70127	4
26.721543	11
26.741816	7
26.762089	8
26.782362	7
26.802635	11
26.822908	2
26.843181	-1
26.863454	-2
26.883727	12
26.904	15
26.924273	4
26.944546	-9
26.964819	2
26.985092	9
27.005365	9
27.025638	10
27.045911	13
27.066184	-2
27.086457	7
27.10673	0
27.127003	8
27.147276	1
27.167549	10
27.187822	13
27.208095	13
27.228368	3
27.248641	5
27.268914	4
27.289187	10
27.30946	9
27.329733	11
27.350006	3
27.370279	4
27.390552	17
27.410825	5
27.431098	5
27.451371	-6
27.471644	15
27.491917	13
27.51219	5
27.532463	6
27.552736	3
27.573009	17
27.593282	-3
27.613555	9
27.633828	5
27.654101	-2
27.674374	1
27.694647	3
27.71492	9
27.735193	18
27.755466	13
27.775739	6
27.796012	14
27.816285	8
27.836558	2
27.856831	11
27.877104	15
27.897377	11
27.91765	-1
27.937923	7
27.958196	10
27.978469	6
27.998742	6
28.019015	-4
28.039288	4
28.059561	9
28.079834	10
28.100107	9
28.12038	2
28.140653	9
28.160926	14
28.181199	2
28.201472	8
28.221745	2
28.242018	5
28.262291	4
28.282564	13
28.302837	13
28.32311	6
28.343383	9
28.363656	8
28.383929	-4
28.404202	11
28.424475	11
28.444748	7
28.465021	21
28.485294	14
28.505567	18
28.52584	19
28.546113	13
28.566386	10
28.586659	5
28.606932	11
28.627205	5
28.647478	6
28.667751	15
28.688024	1
28.708297	10
28.72857	8
28.748843	11
28.769116	9
28.789389	8
28.809662	18
28.829935	15
28.850208	15
28.870481	18
28.890754	3
28.911027	16
28.9313	6
28.951573	19
28.971846	13
28.992119	-3
29.012392	12
29.032665	10
29.052938	14
29.073211	12
29.093484	14
29.113757	-3
29.13403	14
29.154303	8
29.174576	0
29.194849	3
29.215122	0
29.235395	7
29.255668	4
29.275941	3
29.296214	9
29.316487	13
29.33676	5
29.357033	14
29.377306	5
29.397579	1
29.417852	14
29.438125	9
29.458398	7
29.478671	5
29.498944	11
29.519217	4
29.53949	3
29.559763	-4
29.580036	14
29.600309	6
29.620582	12
29.640855	13
29.661128	19
29.681401	7
29.701674	5
29.721947	-4
29.74222	6
29.762493	7
29.782766	2
29.803039	-6
29.823312	11
29.843585	1
29.863858	6
29.884131	12
29.904404	6
29.924677	0
29.94495	10
29.965223	6
29.985496	8
30.005769	17
30.026042	12
30.046315	6
30.066588	12
30.086861	-2
30.107134	2
30.127407	2
30.14768	1
30.167953	7
30.188226	-5
30.208499	9
30.228772	6
30.249045	7
30.269318	4
30.289591	4
30.309864	14
30.330137	1
30.35041	5
30.370683	16
30.390956	3
30.411229	5
30.431502	-5
30.451775	10
30.472048	3
30.492321	6
30.512594	8
30.532867	-5
30.55314	-4
30.573413	-4
30.593686	-6
30.613959	3
30.634232	14
30.654505	6
30.674778	6
30.695051	7
30.715324	6
30.735597	4
30.75587	17
30.776143	12
30.796416	18
30.816689	12
30.836962	6
30.857235	20
30.877508	14
30.897781	12
30.918054	16
30.938327	11
30.9586	3
30.978873	12
30.999146	4
31.019419	4
31.039692	9
31.059965	0
31.080238	-2
31.100511	3
31.120784	-6
31.141057	3
31.16133	0
31.181603	13
31.201876	3
31.222149	6
31.242422	0
31.262695	10
31.282968	1
31.303241	2
31.323514	-2
31.343787	-6
31.36406	-6
31.384333	15
31.404606	10
31.424879	10
31.445152	2
31.465425	-3
31.485698	8
31.505971	19
31.526244	-1
31.546517	4
31.56679	3
31.587063	8
31.607336	5
31.627609	5
31.647882	12
31.668155	2
31.688428	7
31.708701	4
31.728974	-5
31.749247	3
31.76952	11
31.789793	8
31.810066	5
31.830339	5
31.850612	2
31.870885	5
31.891158	4
31.911431	8
31.931704	2
31.951977	3
31.97225	8
31.992523	9
32.012796	3
32.033069	3
32.053342	-3
32.073615	3
32.093888	2
32.114161	5
32.134434	15
32.154707	8
32.17498	7
32.195253	8
32.215526	11
32.235799	2
32.256072	7
32.276345	5
32.296618	1
32.316891	3
32.337164	-1
32.357437	10
32.37771	0
32.397983	4
32.418256	5
32.438529	2
32.458802	-7
32.479075	11
32.499348	2
32.519621	9
32.539894	1
32.560167	8
32.58044	11
32.600713	-1
32.620986	8
32.641259	4
32.661532	11
32.681805	1
32.702078	2
32.722351	2
32.742624	6
32.762897	6
32.78317	4
32.803443	9
32.823716	10
32.843989	-1
32.864262	-2
32.884535	10
32.904808	8
32.925081	11
32.945354	4
32.965627	13
32.9859	4
33.006173	10
33.026446	9
33.046719	5
33.066992	5
33.087265	3
33.107538	3
33.127811	7
33.148084	-2
33.168357	-2
33.18863	9
33.208903	2
33.229176	11
33.249449	3
33.269722	2
33.289995	7
33.310268	11
33.330541	3
33.350814	9
33.371087	11
33.39136	6
33.411633	17
33.431906	13
33.452179	6
33.472452	-2
33.492725	5
33.512998	11
33.533271	8
33.553544	1
33.573817	0
33.59409	1
33.614363	11
33.634636	7
33.654909	-2
33.675182	8
33.695455	4
33.715728	10
33.736001	13
33.756274	19
33.776547	6
33.79682	3
33.817093	5
33.837366	6
33.857639	6
33.877912	1
33.898185	11
33.918458	0
33.938731	10
33.959004	6
33.979277	8
33.99955	-4
34.019823	11
34.040096	2
34.060369	10
34.080642	12
34.100915	7
34.121188	9
34.141461	12
34.161734	5
34.182007	10
34.20228	3
34.222553	9
34.242826	0
34.263099	7
34.283372	11
34.303645	7
34.323918	10
34.344191	1
34.364464	0
34.384737	7
34.40501	6
34.425283	9
34.445556	-1
34.465829	11
34.486102	10
34.506375	10
34.526648	10
34.546921	2
34.567194	14
34.587467	10
34.60774	12
34.628013	8
34.648286	9
34.668559	0
34.688832	7
34.709105	-2
34.729378	2
34.749651	18
34.769924	9
34.790197	3
34.81047	17
34.830743	6
34.851016	10
34.871289	10
34.891562	-1
34.911835	11
34.932108	8
34.952381	9
34.972654	6
34.992927	6
35.0132	6
35.033473	2
35.053746	2
35.074019	2
35.094292	5
35.114565	-3
35.134838	7
35.155111	3
35.175384	-5
35.195657	1
35.21593	1
35.236203	4
35.256476	3
35.276749	6
35.297022	4
35.317295	11
35.337568	1
35.357841	2
35.378114	-5
35.398387	1
35.41866	6
35.438933	-2
35.459206	0
35.479479	12
35.499752	6
35.520025	-3
35.540298	6
35.560571	9
35.580844	2
35.601117	0
35.62139	6
35.641663	4
35.661936	3
35.682209	13
35.702482	1
35.722755	16
35.743028	-1
35.763301	-3
35.783574	5
35.803847	8
35.82412	10
35.844393	7
35.864666	2
35.884939	-1
35.905212	4
35.925485	7
35.945758	2
35.966031	-1
35.986304	0
36.006577	1
36.02685	14
36.047123	6
36.067396	0
36.087669	2
36.107942	4
36.128215	-3
36.148488	-2
36.168761	14
36.189034	9
36.209307	0
36.22958	11
36.249853	14
36.270126	13
36.290399	17
36.310672	12
36.330945	10
36.351218	6
36.371491	5
36.391764	7
36.412037	1
36.43231	2
36.452583	-1
36.472856	6
36.493129	7
36.513402	-1
36.533675	10
36.553948	1
36.574221	3
36.594494	6
36.614767	13
36.63504	5
36.655313	6
36.675586	8
36.695859	2
36.716132	0
36.736405	-1
36.756678	13
36.776951	2
36.797224	-3
36.817497	-3
36.83777	1
36.858043	8
36.878316	1
36.898589	8
36.918862	0
36.939135	-1
36.959408	4
36.979681	9
36.999954	4
37.020227	3
37.0405	5
37.060773	10
37.081046	-2
37.101319	0
37.121592	8
37.141865	7
37.162138	1
37.182411	5
37.202684	-2
37.222957	9
37.24323	7
37.263503	7
37.283776	2
37.304049	6
37.324322	3
37.344595	0
37.364868	-1
37.385141	1
37.405414	8
37.425687	-1
37.44596	3
37.466233	3
37.486506	8
37.506779	6
37.527052	-1
37.547325	6
37.567598	10
37.587871	6
37.608144	9
37.628417	5
37.64869	3
37.668963	0
37.689236	4
37.709509	2
37.729782	3
37.750055	7
37.770328	2
37.790601	-1
37.810874	3
37.831147	6
37.85142	12
37.871693	0
37.891966	-1
37.912239	8
37.932512	5
37.952785	0
37.973058	6
37.993331	5
38.013604	9
38.033877	6
38.05415	16
38.074423	6
38.094696	10
38.114969	11
38.135242	-2
38.155515	9
38.175788	7
38.196061	3
38.216334	6
38.236607	12
38.25688	-3
38.277153	0
38.297426	17
38.317699	4
38.337972	0
38.358245	1
38.378518	2
38.398791	8
38.419064	10
38.439337	1
38.45961	0
38.479883	1
38.500156	0
38.520429	4
38.540702	1
38.560975	8
38.581248	10
38.601521	6
38.621794	-1
38.642067	2
38.66234	-4
38.682613	5
38.702886	3
38.723159	7
38.743432	4
38.763705	1
38.783978	-3
38.804251	3
38.824524	2
38.844797	-1
38.86507	13
38.885343	5
38.905616	2
38.925889	1
38.946162	-2
38.966435	0
38.986708	4
39.006981	0
39.027254	6
39.047527	2
39.0678	5
39.088073	9
39.108346	13
39.128619	3
39.148892	-5
39.169165	0
39.189438	5
39.209711	3
39.229984	1
39.250257	5
39.27053	9
39.290803	5
39.311076	-3
39.331349	3
39.351622	3
39.371895	-3
39.392168	2
39.412441	8
39.432714	8
39.452987	2
39.47326	-5
39.493533	-1
39.513806	-2
39.534079	1
39.554352	4
39.574625	-1
39.594898	3
39.615171	3
39.635444	-1
39.655717	-3
39.67599	-3
39.696263	-3
39.716536	0
39.736809	3
39.757082	-1
39.777355	6
39.797628	-1
39.817901	1
39.838174	4
39.858447	-6
39.87872	2
39.898993	-5
39.919266	4
39.939539	7
39.959812	5
39.980085	2
40.000358	0
40.020631	6
40.040904	9
40.061177	10
40.08145	9
40.101723	3
40.121996	9
40.142269	5
40.162542	4
40.182815	5
40.203088	3
40.223361	2
40.243634	10
40.263907	-1
40.28418	10
40.304453	0
40.324726	1
40.344999	5
40.365272	9
40.385545	0
40.405818	6
40.426091	9
40.446364	1
40.466637	4
40.48691	-1
40.507183	6
40.527456	2
40.547729	3
40.568002	7
40.588275	6
40.608548	-1
40.628821	-2
40.649094	0
40.669367	-2
40.68964	9
40.709913	4
40.730186	9
40.750459	2
40.770732	3
40.791005	11
40.811278	0
40.831551	10
40.851824	8
40.872097	7
40.89237	7
40.912643	9
40.932916	8
40.953189	-2
40.973462	2
40.993735	8
41.014008	8
41.034281	8
41.054554	5
41.074827	5
41.0951	9
41.115373	6
41.135646	2
41.155919	3
41.176192	1
41.196465	2
41.216738	4
41.237011	4
41.257284	2
41.277557	4
41.29783	-1
41.318103	8
41.338376	1
41.358649	2
41.378922	8
41.399195	-4
41.419468	7
41.439741	-7
41.460014	0
41.480287	8
41.50056	1
41.520833	0
41.541106	3
41.561379	-5
41.581652	4
41.601925	3
41.622198	1
41.642471	-4
41.662744	3
41.683017	-1
41.70329	6
41.723563	4
41.743836	-2
41.764109	3
41.784382	0
41.804655	-3
41.824928	-2
41.845201	1
41.865474	-1
41.885747	-6
41.90602	-1
41.926293	0
41.946566	-3
41.966839	5
41.987112	1
42.007385	1
42.027658	5
42.047931	-2
42.068204	4
42.088477	3
42.10875	5
42.129023	3
42.149296	1
42.169569	4
42.189842	7
42.210115	2
42.230388	-1
42.250661	5
42.270934	6
42.291207	10
42.31148	1
42.331753	-3
42.352026	6
42.372299	16
42.392572	4
42.412845	3
42.433118	7
42.453391	3
42.473664	-3
42.493937	4
42.51421	-1
42.534483	3
42.554756	5
42.575029	9
42.595302	3
42.615575	11
42.635848	10
42.656121	8
42.676394	1
42.696667	7
42.71694	4
42.737213	2
42.757486	9
42.777759	1
42.798032	-4
42.818305	3
42.838578	2
42.858851	2
42.879124	-1
42.899397	3
42.91967	-2
42.939943	3
42.960216	5
42.980489	4
43.000762	6
43.021035	6
43.041308	8
43.061581	3
43.081854	9
43.102127	6
43.1224	3
43.142673	4
43.162946	11
43.183219	1
43.203492	-6
43.223765	4
43.244038	-6
43.264311	3
43.284584	-2
43.304857	4
43.32513	3
43.345403	4
43.365676	4
43.385949	6
43.406222	2
43.426495	4
43.446768	9
43.467041	4
43.487314	-1
43.507587	3
43.52786	5
43.548133	3
43.568406	-3
43.588679	3
43.608952	3
43.629225	6
43.649498	11
43.669771	-3
43.690044	3
43.710317	4
43.73059	2
43.750863	2
43.771136	3
43.791409	5
43.811682	4
43.831955	4
43.852228	-2
43.872501	-1
43.892774	-1
43.913047	0
43.93332	-2
43.953593	-3
43.973866	2
43.994139	6
44.014412	4
44.034685	3
44.054958	1
44.075231	2
44.095504	1
44.115777	4
44.13605	3
44.156323	1
44.176596	2
44.196869	3
44.217142	-1
44.237415	3
44.257688	4
44.277961	5
44.298234	8
44.318507	4
44.33878	7
44.359053	4
44.379326	2
44.399599	0
44.419872	6
44.440145	5
44.460418	6
44.480691	0
44.500964	3
44.521237	7
44.54151	9
44.561783	10
44.582056	2
44.602329	2
44.622602	2
44.642875	1
44.663148	5
44.683421	7
44.703694	-2
44.723967	8
44.74424	1
44.764513	1
44.784786	3
44.805059	-2
44.825332	2
44.845605	1
44.865878	-3
44.886151	-3
44.906424	5
44.926697	3
44.94697	5
44.967243	1
44.987516	10
45.007789	11
45.028062	3
45.048335	5
45.068608	9
45.088881	8
45.109154	13
45.129427	8
45.1497	11
45.169973	11
45.190246	0
45.210519	6
45.230792	3
45.251065	7
45.271338	10
45.291611	3
45.311884	6
45.332157	5
45.35243	8
45.372703	1
45.392976	3
45.413249	10
45.433522	11
45.453795	8
45.474068	10
45.494341	3
45.514614	3
45.534887	-2
45.55516	2
45.575433	5
45.595706	2
45.615979	1
45.636252	4
45.656525	3
45.676798	-2
45.697071	4
45.717344	3
45.737617	1
45.75789	10
45.778163	6
45.798436	9
45.818709	3
45.838982	1
45.859255	1
45.879528	0
45.899801	5
45.920074	9
45.940347	10
45.96062	4
45.980893	7
46.001166	8
46.021439	5
46.041712	5
46.061985	7
46.082258	10
46.102531	15
46.122804	11
46.143077	11
46.16335	-2
46.183623	2
46.203896	7
46.224169	5
46.244442	10
46.264715	3
46.284988	5
46.305261	-1
46.325534	1
46.345807	7
46.36608	3
46.386353	6
46.406626	-3
46.426899	4
46.447172	-1
46.467445	2
46.487718	9
46.507991	3
46.528264	3
46.548537	5
46.56881	7
46.589083	7
46.609356	0
46.629629	7
46.649902	-2
46.670175	5
46.690448	5
46.710721	8
46.730994	2
46.751267	-4
46.77154	-2
46.791813	2
46.812086	11
46.832359	0
46.852632	0
46.872905	12
46.893178	0
46.913451	4
46.933724	5
46.953997	0
46.97427	1
46.994543	6
47.014816	0
47.035089	3
47.055362	3
47.075635	0
47.095908	6
47.116181	2
47.136454	3
47.156727	4
47.177	4
47.197273	2
47.217546	4
47.237819	-1
47.258092	1
47.278365	0
47.298638	3
47.318911	-4
47.339184	10
47.359457	0
47.37973	9
47.400003	-6
47.420276	0
47.440549	5
47.460822	1
47.481095	-3
47.501368	4
47.521641	0
47.541914	5
47.562187	7
47.58246	5
47.602733	3
47.623006	2
47.643279	0
47.663552	3
47.683825	3
47.704098	6
47.724371	6
47.744644	9
47.764917	-3
47.78519	5
47.805463	3
47.825736	2
47.846009	3
47.866282	-1
47.886555	1
47.906828	-1
47.927101	1
47.947374	5
47.967647	11
47.98792	5
48.008193	10
48.028466	8
48.048739	9
48.069012	4
48.089285	4
48.109558	4
48.129831	4
48.150104	5
48.170377	10
48.19065	5
48.210923	11
48.231196	9
48.251469	9
48.271742	8
48.292015	8
48.312288	7
48.332561	10
48.352834	8
48.373107	3
48.39338	1
48.413653	4
48.433926	12
48.454199	-1
48.474472	3
48.494745	-2
48.515018	7
48.535291	3
48.555564	-1
48.575837	1
48.59611	-3
48.616383	3
48.636656	-1
48.656929	6
48.677202	5
48.697475	1
48.717748	11
48.738021	-1
48.758294	6
48.778567	3
48.79884	1
48.819113	14
48.839386	1
48.859659	2
48.879932	8
48.900205	10
48.920478	3
48.940751	1
48.961024	4
48.981297	2
49.00157	4
49.021843	4
49.042116	2
49.062389	4
49.082662	13
49.102935	7
49.123208	3
49.143481	2
49.163754	-2
49.184027	4
49.2043	3
49.224573	7
49.244846	5
49.265119	8
49.285392	-2
49.305665	11
49.325938	-1
49.346211	5
49.366484	-1
49.386757	7
49.40703	5
49.427303	-1
49.447576	5
49.467849	3
49.488122	10
49.508395	4
49.528668	7
49.548941	-1
49.569214	7
49.589487	2
49.60976	1
49.630033	3
49.650306	3
49.670579	4
49.690852	2
49.711125	0
49.731398	1
49.751671	4
49.771944	6
49.792217	5
49.81249	2
49.832763	5
49.853036	1
49.873309	4
49.893582	3
49.913855	-1
49.934128	3
49.954401	5
49.974674	2
49.994947	6
50.01522	5
50.035493	3
50.055766	2
50.076039	8
50.096312	3
50.116585	3
50.136858	1
50.157131	-1
50.177404	4
50.197677	2
50.21795	1
50.238223	9
50.258496	5
50.278769	1
50.299042	4
50.319315	0
50.339588	4
50.359861	5
50.380134	4
50.400407	5
50.42068	1
50.440953	8
50.461226	1
50.481499	3
50.501772	7
50.522045	10
50.542318	-1
50.562591	3
50.582864	0
50.603137	13
50.62341	1
50.643683	2
50.663956	3
50.684229	5
50.704502	4
50.724775	-4
50.745048	5
50.765321	0
50.785594	3
50.805867	0
50.82614	2
50.846413	14
50.866686	-8
50.886959	3
50.907232	-1
50.927505	9
50.947778	0
50.968051	6
50.988324	2
51.008597	1
51.02887	2
51.049143	7
51.069416	7
51.089689	6
51.109962	3
51.130235	-3
51.150508	3
51.170781	3
51.191054	10
51.211327	8
51.2316	9
51.251873	7
51.272146	7
51.292419	4
51.312692	4
51.332965	-5
51.353238	5
51.373511	4
51.393784	4
51.414057	-4
51.43433	7
51.454603	4
51.474876	5
51.495149	4
51.515422	5
51.535695	3
51.555968	4
51.576241	2
51.596514	2
51.616787	7
51.63706	9
51.657333	7
51.677606	4
51.697879	2
51.718152	0
51.738425	4
51.758698	0
51.778971	2
51.799244	3
51.819517	3
51.83979	8
51.860063	6
51.880336	5
51.900609	5
51.920882	4
51.941155	0
51.961428	2
51.981701	4
52.001974	8
52.022247	-2
52.04252	6
52.062793	3
52.083066	6
52.103339	2
52.123612	0
52.143885	4
52.164158	-3
52.184431	6
52.204704	6
52.224977	8
52.24525	6
52.265523	-6
52.285796	9
52.306069	8
52.326342	0
52.346615	8
52.366888	3
52.387161	-2
52.407434	3
52.427707	1
52.44798	-1
52.468253	3
52.488526	5
52.508799	4
52.529072	2
52.549345	3
52.569618	2
52.589891	-6
52.610164	7
52.630437	7
52.65071	0
52.670983	3
52.691256	6
52.711529	0
52.731802	1
52.752075	3
52.772348	5
52.792621	0
52.812894	-2
52.833167	4
52.85344	-2
52.873713	10
52.893986	1
52.914259	3
52.934532	-2
52.954805	1
52.975078	4
52.995351	-3
53.015624	0
53.035897	4
53.05617	-2
53.076443	0
53.096716	3
53.116989	2
53.137262	0
53.157535	0
53.177808	1
53.198081	3
53.218354	6
53.238627	2
53.2589	1
53.279173	2
53.299446	2
53.319719	3
53.339992	1
53.360265	0
53.380538	2
53.400811	11
53.421084	7
53.441357	-3
53.46163	0
53.481903	5
53.502176	2
53.522449	6
53.542722	2
53.562995	6
53.583268	0
53.603541	2
53.623814	4
53.644087	2
53.66436	4
53.684633	4
53.704906	0
53.725179	1
53.745452	1
53.765725	-1
53.785998	6
53.806271	1
53.826544	-2
53.846817	5
53.86709	8
53.887363	-1
53.907636	4
53.927909	1
53.948182	0
53.968455	7
53.988728	2
54.009001	7
54.029274	9
54.049547	6
54.06982	1
54.090093	7
54.110366	-4
54.130639	4
54.150912	-3
54.171185	7
54.191458	3
54.211731	11
54.232004	8
54.252277	1
54.27255	7
54.292823	6
54.313096	8
54.333369	9
54.353642	9
54.373915	-1
54.394188	5
54.414461	4
54.434734	1
54.455007	13
54.47528	3
54.495553	6
54.515826	7
54.536099	6
54.556372	9
54.576645	1
54.596918	4
54.617191	5
54.637464	9
54.657737	5
54.67801	3
54.698283	1
54.718556	-1
54.738829	1
54.759102	0
54.779375	10
54.799648	4
54.819921	9
54.840194	-3
54.860467	9
54.88074	8
54.901013	5
54.921286	3
54.941559	1
54.961832	4
54.982105	4
55.002378	0
55.022651	3
55.042924	8
55.063197	0
55.08347	8
55.103743	8
55.124016	5
55.144289	1
55.164562	5
55.184835	9
55.205108	4
55.225381	2
55.245654	4
55.265927	7
55.2862	6
55.306473	1
55.326746	6
55.347019	3
55.367292	9
55.387565	5
55.407838	1
55.428111	2
55.448384	12
55.468657	6
55.48893	8
55.509203	8
55.529476	-2
55.549749	6
55.570022	6
55.590295	6
55.610568	9
55.630841	1
55.651114	2
55.671387	5
55.69166	8
55.711933	1
55.732206	5
55.752479	0
55.772752	6
55.793025	6
55.813298	9
55.833571	1
55.853844	5
55.874117	4
55.89439	3
55.914663	9
55.934936	4
55.955209	5
55.975482	15
55.995755	7
56.016028	4
56.036301	-3
56.056574	10
56.076847	1
56.09712	3
56.117393	13
56.137666	6
56.157939	8
56.178212	14
56.198485	2
56.218758	-1
56.239031	1
56.259304	2
56.279577	3
56.29985	4
56.320123	8
56.340396	3
56.360669	9
56.380942	8
56.401215	8
56.421488	2
56.441761	9
56.462034	5
56.482307	8
56.50258	7
56.522853	1
56.543126	3
56.563399	2
56.583672	19
56.603945	10
56.624218	2
56.644491	6
56.664764	9
56.685037	-1
56.70531	7
56.725583	0
56.745856	1
56.766129	4
56.786402	-5
56.806675	4
56.826948	4
56.847221	5
56.867494	5
56.887767	3
56.90804	3
56.928313	2
56.948586	2
56.968859	2
56.989132	9
57.009405	7
57.029678	3
57.049951	9
57.070224	3
57.090497	4
57.11077	13
57.131043	7
57.151316	3
57.171589	11
57.191862	3
57.212135	-3
57.232408	8
57.252681	9
57.272954	8
57.293227	3
57.3135	6
57.333773	11
57.354046	5
57.374319	3
57.394592	9
57.414865	3
57.435138	8
57.455411	4
57.475684	3
57.495957	5
57.51623	-2
57.536503	14
57.556776	8
57.577049	1
57.597322	6
57.617595	7
57.637868	10
57.658141	7
57.678414	6
57.698687	0
57.71896	10
57.739233	1
57.759506	3
57.779779	7
57.800052	8
57.820325	6
57.840598	7
57.860871	17
57.881144	7
57.901417	5
57.92169	3
57.941963	8
57.962236	10
57.982509	5
58.002782	7
58.023055	10
58.043328	6
58.063601	2
58.083874	6
58.104147	8
58.12442	5
58.144693	8
58.164966	-5
58.185239	6
58.205512	8
58.225785	1
58.246058	13
58.266331	1
58.286604	8
58.306877	9
58.32715	7
58.347423	5
58.367696	4
58.387969	0
58.408242	11
58.428515	6
58.448788	4
58.469061	6
58.489334	9
58.509607	7
58.52988	6
58.550153	6
58.570426	4
58.590699	6
58.610972	12
58.631245	8
58.651518	10
58.671791	3
58.692064	11
58.712337	8
58.73261	7
58.752883	10
58.773156	5
58.793429	0
58.813702	17
58.833975	6
58.854248	10
58.874521	10
58.894794	9
58.915067	6
58.93534	5
58.955613	8
58.975886	7
58.996159	5
59.016432	9
59.036705	1
59.056978	6
59.077251	5
59.097524	4
59.117797	9
59.13807	8
59.158343	3
59.178616	8
59.198889	5
59.219162	7
59.239435	1
59.259708	2
59.279981	7
59.300254	9
59.320527	2
59.3408	1
59.361073	9
59.381346	8
59.401619	6
59.421892	12
59.442165	7
59.462438	6
59.482711	8
59.502984	5
59.523257	6
59.54353	5
59.563803	7
59.584076	6
59.604349	1
59.624622	6
59.644895	4
59.665168	6
59.685441	-5
59.705714	11
59.725987	5
59.74626	9
59.766533	11
59.786806	5
59.807079	3
59.827352	7
59.847625	7
59.867898	8
59.888171	5
59.908444	6
59.928717	3
59.94899	6
59.969263	2
59.989536	2
60.009809	5
60.030082	2
60.050355	1
60.070628	9
60.090901	3
60.111174	3
60.131447	1
60.15172	4
60.171993	8
60.192266	-1
60.212539	4
60.232812	5
60.253085	6
60.273358	-3
60.293631	2
60.313904	1
60.334177	8
60.35445	5
60.374723	2
60.394996	5
60.415269	6
60.435542	5
60.455815	4
60.476088	12
60.496361	5
60.516634	7
60.536907	8
60.55718	11
60.577453	8
60.597726	3
60.617999	9
60.638272	10
60.658545	0
60.678818	7
60.699091	5
60.719364	3
60.739637	7
60.75991	10
60.780183	11
60.800456	8
60.820729	4
60.841002	8
60.861275	13
60.881548	11
60.901821	10
60.922094	8
60.942367	8
60.96264	10
60.982913	7
61.003186	-1
61.023459	7
61.043732	3
61.064005	1
61.084278	10
61.104551	7
61.124824	1
61.145097	6
61.16537	8
61.185643	6
61.205916	4
61.226189	4
61.246462	4
61.266735	14
61.287008	6
61.307281	8
61.327554	9
61.347827	2
61.3681	3
61.388373	6
61.408646	5
61.428919	10
61.449192	8
61.469465	6
61.489738	10
61.510011	7
61.530284	8
61.550557	6
61.57083	0
61.591103	10
61.611376	9
61.631649	13
61.651922	7
61.672195	14
61.692468	12
61.712741	1
61.733014	5
61.753287	-3
61.77356	9
61.793833	8
61.814106	9
61.834379	10
61.854652	4
61.874925	4
61.895198	8
61.915471	7
61.935744	13
61.956017	10
61.97629	10
61.996563	8
62.016836	4
62.037109	4
62.057382	1
62.077655	12
62.097928	13
62.118201	2
62.138474	14
62.158747	11
62.17902	7
62.199293	11
62.219566	4
62.239839	6
62.260112	10
62.280385	7
62.300658	12
62.320931	7
62.341204	8
62.361477	4
62.38175	9
62.402023	7
62.422296	11
62.442569	2
62.462842	11
62.483115	5
62.503388	7
62.523661	0
62.543934	2
62.564207	5
62.58448	14
62.604753	8
62.625026	5
62.645299	7
62.665572	9
62.685845	4
62.706118	9
62.726391	2
62.746664	2
62.766937	10
62.78721	16
62.807483	5
62.827756	4
62.848029	13
62.868302	-1
62.888575	4
62.908848	12
62.929121	1
62.949394	12
62.969667	10
62.98994	5
63.010213	9
63.030486	9
63.050759	2
63.071032	-1
63.091305	2
63.111578	2
63.131851	10
63.152124	6
63.172397	9
63.19267	-5
63.212943	3
63.233216	11
63.253489	9
63.273762	0
63.294035	2
63.314308	5
63.334581	7
63.354854	10
63.375127	2
63.3954	10
63.415673	7
63.435946	7
63.456219	10
63.476492	4
63.496765	5
63.517038	6
63.537311	8
63.557584	2
63.577857	6
63.59813	13
63.618403	3
63.638676	4
63.658949	5
63.679222	2
63.699495	15
63.719768	2
63.740041	8
63.760314	8
63.780587	4
63.80086	-1
63.821133	7
63.841406	11
63.861679	6
63.881952	10
63.902225	5
63.922498	3
63.942771	2
63.963044	5
63.983317	-2
64.00359	1
64.023863	2
64.044136	3
64.064409	9
64.084682	10
64.104955	10
64.125228	5
64.145501	4
64.165774	2
64.186047	8
64.20632	15
64.226593	9
64.246866	9
64.267139	4
64.287412	5
64.307685	7
64.327958	12
64.348231	8
64.368504	9
64.388777	5
64.40905	7
64.429323	6
64.449596	6
64.469869	8
64.490142	12
64.510415	6
64.530688	3
64.550961	16
64.571234	-1
64.591507	6
64.61178	-1
64.632053	0
64.652326	3
64.672599	10
64.692872	7
64.713145	8
64.733418	5
64.753691	2
64.773964	2
64.794237	5
64.81451	11
64.834783	12
64.855056	9
64.875329	7
64.895602	6
64.915875	3
64.936148	11
64.956421	2
64.976694	6
64.996967	10
65.01724	1
65.037513	2
65.057786	10
65.078059	7
65.098332	8
65.118605	11
65.138878	8
65.159151	7
65.179424	8
65.199697	8
65.21997	7
65.240243	6
65.260516	5
65.280789	5
65.301062	10
65.321335	6
65.341608	10
65.361881	7
65.382154	5
65.402427	6
65.4227	6
65.442973	8
65.463246	8
65.483519	1
65.503792	7
65.524065	10
65.544338	7
65.564611	6
65.584884	5
65.605157	2
65.62543	6
65.645703	11
65.665976	9
65.686249	0
65.706522	0
65.726795	7
65.747068	5
65.767341	2
65.787614	3
65.807887	1
65.82816	8
65.848433	16
65.868706	7
65.888979	12
65.909252	7
65.929525	15
65.949798	4
65.970071	9
65.990344	10
66.010617	5
66.03089	8
66.051163	6
66.071436	7
66.091709	8
66.111982	8
66.132255	0
66.152528	3
66.172801	0
66.193074	7
66.213347	10
66.23362	7
66.253893	5
66.274166	8
66.294439	6
66.314712	3
66.334985	6
66.355258	8
66.375531	2
66.395804	5
66.416077	10
66.43635	7
66.456623	6
66.476896	8
66.497169	7
66.517442	10
66.537715	6
66.557988	7
66.578261	1
66.598534	5
66.618807	7
66.63908	4
66.659353	3
66.679626	0
66.699899	2
66.720172	3
66.740445	3
66.760718	7
66.780991	11
66.801264	5
66.821537	14
66.84181	6
66.862083	9
66.882356	4
66.902629	1
66.922902	5
66.943175	3
66.963448	4
66.983721	2
67.003994	7
67.024267	6
67.04454	4
67.064813	5
67.085086	4
67.105359	5
67.125632	2
67.145905	4
67.166178	4
67.186451	5
67.206724	6
67.226997	9
67.24727	2
67.267543	7
67.287816	0
67.308089	7
67.328362	6
67.348635	3
67.368908	3
67.389181	5
67.409454	-2
67.429727	8
67.45	-1
67.470273	8
67.490546	7
67.510819	-2
67.531092	11
67.551365	5
67.571638	6
67.591911	8
67.612184	6
67.632457	6
67.65273	-1
67.673003	1
67.693276	8
67.713549	4
67.733822	0
67.754095	0
67.774368	-6
67.794641	-1
67.814914	9
67.835187	5
67.85546	2
67.875733	2
67.896006	7
67.916279	1
67.936552	1
67.956825	6
67.977098	7
67.997371	-2
68.017644	6
68.037917	2
68.05819	7
68.078463	0
68.098736	9
68.119009	1
68.139282	8
68.159555	2
68.179828	1
68.200101	9
68.220374	6
68.240647	5
68.26092	2
68.281193	5
68.301466	5
68.321739	4
68.342012	9
68.362285	4
68.382558	4
68.402831	6
68.423104	6
68.443377	1
68.46365	4
68.483923	6
68.504196	5
68.524469	5
68.544742	6
68.565015	3
68.585288	5
68.605561	6
68.625834	4
68.646107	1
68.66638	7
68.686653	5
68.706926	7
68.727199	6
68.747472	1
68.767745	6
68.788018	5
68.808291	2
68.828564	4
68.848837	1
68.86911	2
68.889383	3
68.909656	8
68.929929	2
68.950202	9
68.970475	8
68.990748	4
69.011021	8
69.031294	4
69.051567	8
69.07184	4
69.092113	4
69.112386	4
69.132659	3
69.152932	-2
69.173205	6
69.193478	3
69.213751	0
69.234024	1
69.254297	6
69.27457	-3
69.294843	5
69.315116	0
69.335389	1
69.355662	5
69.375935	13
69.396208	1
69.416481	4
69.436754	2
69.457027	6
69.4773	9
69.497573	11
69.517846	0
69.538119	3
69.558392	6
69.578665	1
69.598938	4
69.619211	2
69.639484	-1
69.659757	3
69.68003	4
69.700303	5
69.720576	1
69.740849	2
69.761122	-1
69.781395	0
69.801668	9
69.821941	7
69.842214	-1
69.862487	6
69.88276	1
69.903033	5
69.923306	2
69.943579	0
69.963852	0
69.984125	8
70.004398	4
70.024671	3
70.044944	-1
70.065217	5
70.08549	4
70.105763	1
70.126036	7
70.146309	-2
70.166582	1
70.186855	1
70.207128	2
70.227401	5
70.247674	-1
70.267947	5
70.28822	9
70.308493	6
70.328766	6
70.349039	-1
70.369312	2
70.389585	1
70.409858	6
70.430131	3
70.450404	6
70.470677	2
70.49095	2
70.511223	2
70.531496	4
70.551769	-2
70.572042	5
70.592315	1
70.612588	-4
70.632861	4
70.653134	3
70.673407	4
70.69368	3
70.713953	3
70.734226	3
70.754499	4
70.774772	-5
70.795045	4
70.815318	3
70.835591	3
70.855864	1
70.876137	0
70.89641	5
70.916683	-1
70.936956	2
70.957229	-1
70.977502	2
70.997775	-3
71.018048	6
71.038321	-1
71.058594	8
71.078867	2
71.09914	3
71.119413	-3
71.139686	5
71.159959	5
71.180232	11
71.200505	0
71.220778	3
71.241051	-1
71.261324	5
71.281597	5
71.30187	1
71.322143	1
71.342416	1
71.362689	2
71.382962	1
71.403235	1
71.423508	0
71.443781	5
71.464054	3
71.484327	2
71.5046	4
71.524873	4
71.545146	5
71.565419	6
71.585692	0
71.605965	4
71.626238	0
71.646511	0
71.666784	4
71.687057	4
71.70733	9
71.727603	5
71.747876	6
71.768149	4
71.788422	4
71.808695	3
71.828968	4
71.849241	5
71.869514	1
71.889787	-2
71.91006	-1
71.930333	3
71.950606	3
71.970879	5
71.991152	7
72.011425	7
72.031698	9
72.051971	3
72.072244	0
72.092517	2
72.11279	3
72.133063	5
72.153336	6
72.173609	7
72.193882	6
72.214155	3
72.234428	5
72.254701	2
72.274974	7
72.295247	6
72.31552	7
72.335793	-4
72.356066	3
72.376339	2
72.396612	6
72.416885	2
72.437158	11
72.457431	12
72.477704	5
72.497977	9
72.51825	4
72.538523	8
72.558796	4
72.579069	2
72.599342	-2
72.619615	8
72.639888	11
72.660161	2
72.680434	6
72.700707	-1
72.72098	7
72.741253	5
72.761526	7
72.781799	4
72.802072	11
72.822345	5
72.842618	5
72.862891	6
72.883164	3
72.903437	6
72.92371	0
72.943983	6
72.964256	11
72.984529	6
73.004802	4
73.025075	3
73.045348	1
73.065621	8
73.085894	4
73.106167	1
73.12644	3
73.146713	5
73.166986	7
73.187259	10
73.207532	3
73.227805	6
73.248078	1
73.268351	5
73.288624	10
73.308897	3
73.32917	2
73.349443	2
73.369716	5
73.389989	6
73.410262	3
73.430535	1
73.450808	5
73.471081	8
73.491354	2
73.511627	4
73.5319	4
73.552173	8
73.572446	-1
73.592719	6
73.612992	2
73.633265	5
73.653538	5
73.673811	7
73.694084	5
73.714357	5
73.73463	6
73.754903	3
73.775176	5
73.795449	2
73.815722	10
73.835995	3
73.856268	5
73.876541	8
73.896814	8
73.917087	6
73.93736	8
73.957633	6
73.977906	5
73.998179	6
74.018452	2
74.038725	4
74.058998	5
74.079271	3
74.099544	2
74.119817	11
74.14009	6
74.160363	9
74.180636	4
74.200909	5
74.221182	9
74.241455	7
74.261728	3
74.282001	1
74.302274	6
74.322547	5
74.34282	4
74.363093	12
74.383366	10
74.403639	5
74.423912	3
74.444185	7
74.464458	3
74.484731	3
74.505004	-5
74.525277	5
74.54555	2
74.565823	1
74.586096	10
74.606369	3
74.626642	4
74.646915	6
74.667188	5
74.687461	6
74.707734	6
74.728007	8
74.74828	1
74.768553	7
74.788826	6
74.809099	9
74.829372	6
74.849645	7
74.869918	3
74.890191	10
74.910464	1
74.930737	1
74.95101	4
74.971283	6
74.991556	2
75.011829	2
75.032102	7
75.052375	8
75.072648	5
75.092921	10
75.113194	5
75.133467	8
75.15374	5
75.174013	13
75.194286	9
75.214559	6
75.234832	8
75.255105	14
75.275378	5
75.295651	5
75.315924	4
75.336197	8
75.35647	17
75.376743	5
75.397016	8
75.417289	6
75.437562	10
75.457835	7
75.478108	5
75.498381	3
75.518654	4
75.538927	9
75.5592	5
75.579473	8
75.599746	1
75.620019	10
75.640292	9
75.660565	11
75.680838	7
75.701111	7
75.721384	4
75.741657	7
75.76193	5
75.782203	6
75.802476	10
75.822749	4
75.843022	10
75.863295	7
75.883568	0
75.903841	6
75.924114	8
75.944387	0
75.96466	6
75.984933	10
76.005206	8
76.025479	4
76.045752	9
76.066025	11
76.086298	7
76.106571	9
76.126844	8
76.147117	1
76.16739	5
76.187663	4
76.207936	1
76.228209	2
76.248482	7
76.268755	4
76.289028	7
76.309301	5
76.329574	10
76.349847	6
76.37012	9
76.390393	6
76.410666	-1
76.430939	6
76.451212	5
76.471485	6
76.491758	5
76.512031	4
76.532304	8
76.552577	10
76.57285	7
76.593123	3
76.613396	4
76.633669	7
76.653942	5
76.674215	8
76.694488	1
76.714761	6
76.735034	5
76.755307	6
76.77558	-1
76.795853	6
76.816126	8
76.836399	7
76.856672	5
76.876945	11
76.897218	2
76.917491	3
76.937764	9
76.958037	9
76.97831	3
76.998583	8
77.018856	11
77.039129	8
77.059402	8
77.079675	10
77.099948	6
77.120221	6
77.140494	7
77.160767	11
77.18104	10
77.201313	6
77.221586	5
77.241859	8
77.262132	8
77.282405	11
77.302678	5
77.322951	9
77.343224	12
77.363497	6
77.38377	6
77.404043	13
77.424316	5
77.444589	6
77.464862	6
77.485135	6
77.505408	8
77.525681	5
77.545954	10
77.566227	6
77.5865	1
77.606773	6
77.627046	5
77.647319	7
77.667592	1
77.687865	6
77.708138	5
77.728411	9
77.748684	12
77.768957	7
77.78923	8
77.809503	19
77.829776	9
77.850049	13
77.870322	8
77.890595	8
77.910868	7
77.931141	6
77.951414	7
77.971687	4
77.99196	7
78.012233	10
78.032506	11
78.052779	6
78.073052	8
78.093325	7
78.113598	8
78.133871	6
78.154144	4
78.174417	6
78.19469	5
78.214963	3
78.235236	8
78.255509	2
78.275782	3
78.296055	8
78.316328	5
78.336601	5
78.356874	6
78.377147	8
78.39742	-2
78.417693	4
78.437966	7
78.458239	7
78.478512	5
78.498785	4
78.519058	2
78.539331	5
78.559604	6
78.579877	6
78.60015	11
78.620423	6
78.640696	7
78.660969	5
78.681242	5
78.701515	6
78.721788	6
78.742061	7
78.762334	1
78.782607	5
78.80288	6
78.823153	6
78.843426	6
78.863699	9
78.883972	2
78.904245	2
78.924518	7
78.944791	6
78.965064	-1
78.985337	4
79.00561	9
79.025883	10
79.046156	4
79.066429	2
79.086702	8
79.106975	5
79.127248	5
79.147521	6
79.167794	5
79.188067	9
79.20834	6
79.228613	5
79.248886	4
79.269159	7
79.289432	8
79.309705	2
79.329978	11
79.350251	4
79.370524	3
79.390797	4
79.41107	8
79.431343	6
79.451616	10
79.471889	3
79.492162	3
79.512435	8
79.532708	1
79.552981	5
79.573254	0
79.593527	9
79.6138	6
79.634073	7
79.654346	8
79.674619	4
79.694892	3
79.715165	5
79.735438	7
79.755711	6
79.775984	3
79.796257	4
79.81653	5
79.836803	9
79.857076	8
79.877349	6
79.897622	6
79.917895	5
79.938168	14
79.958441	6
79.978714	5
79.998987	1
80.01926	4
