10.097683	3
10.117956	8
10.138229	3
10.158502	-2
10.178775	8
10.199048	9
10.219321	7
10.239594	13
10.259867	6
10.28014	13
10.300413	13
10.320686	5
10.340959	6
10.361232	6
10.381505	1
10.401778	5
10.422051	8
10.442324	9
10.462597	7
10.48287	8
10.503143	10
10.523416	8
10.543689	9
10.563962	18
10.584235	-1
10.604508	8
10.624781	7
10.645054	3
10.665327	-3
10.6856	11
10.705873	6
10.726146	16
10.746419	-1
10.766692	10
10.786965	8
10.807238	14
10.827511	6
10.847784	7
10.868057	8
10.88833	0
10.908603	-2
10.928876	12
10.949149	8
10.969422	5
10.989695	7
11.009968	5
11.030241	-3
11.050514	18
11.070787	1
11.09106	1
11.111333	6
11.131606	8
11.151879	9
11.172152	1
11.192425	8
11.212698	8
11.232971	11
11.253244	3
11.273517	0
11.29379	5
11.314063	8
11.334336	6
11.354609	2
11.374882	14
11.395155	9
11.415428	14
11.435701	3
11.455974	-1
11.476247	11
11.49652	6
11.516793	14
11.537066	1
11.557339	4
11.577612	4
11.597885	3
11.618158	8
11.638431	2
11.658704	12
11.678977	6
11.69925	6
11.719523	2
11.739796	4
11.760069	-3
11.780342	1
11.800615	11
11.820888	12
11.841161	7
11.861434	-1
11.881707	3
11.90198	11
11.922253	12
11.942526	7
11.962799	11
11.983072	-1
12.003345	1
12.023618	10
12.043891	16
12.064164	12
12.084437	10
12.10471	4
12.124983	11
12.145256	10
12.165529	1
12.185802	16
12.206075	8
12.226348	15
12.246621	6
12.266894	17
12.287167	4
12.30744	1
12.327713	2
12.347986	9
12.368259	1
12.388532	4
12.408805	18
12.429078	5
12.449351	11
12.469624	9
12.489897	15
12.51017	9
12.530443	8
12.550716	8
12.570989	3
12.591262	6
12.611535	13
12.631808	8
12.652081	2
12.672354	1
12.692627	4
12.7129	7
12.733173	2
12.753446	10
12.773719	2
12.793992	13
12.814265	0
12.834538	7
12.854811	11
12.875084	9
12.895357	2
12.91563	5
12.935903	7
12.956176	8
12.976449	16
12.996722	3
13.016995	10
13.037268	12
13.057541	5
13.077814	-1
13.098087	5
13.11836	0
13.138633	4
13.158906	2
13.179179	5
13.199452	3
13.219725	5
13.239998	6
13.260271	3
13.280544	5
13.300817	12
13.32109	4
13.341363	5
13.361636	10
13.381909	7
13.402182	15
13.422455	2
13.442728	16
13.463001	4
13.483274	2
13.503547	0
13.52382	5
13.544093	1
13.564366	0
13.584639	3
13.604912	5
13.625185	1
13.645458	-1
13.665731	5
13.686004	6
13.706277	11
13.72655	1
13.746823	2
13.767096	1
13.787369	11
13.807642	12
13.827915	7
13.848188	7
13.868461	6
13.888734	1
13.909007	3
13.92928	-5
13.949553	4
13.969826	9
13.990099	6
14.010372	3
14.030645	8
14.050918	1
14.071191	2
14.091464	2
14.111737	4
14.13201	-3
14.152283	10
14.172556	6
14.192829	8
14.213102	3
14.233375	13
14.253648	11
14.273921	5
14.294194	9
14.314467	10
14.33474	2
14.355013	4
14.375286	8
14.395559	-2
14.415832	8
14.436105	6
14.456378	4
14.476651	8
14.496924	6
14.517197	6
14.53747	-7
14.557743	10
14.578016	9
14.598289	4
14.618562	3
14.638835	2
14.659108	2
14.679381	0
14.699654	8
14.719927	11
14.7402	6
14.760473	0
14.780746	8
14.801019	6
14.821292	1
14.841565	2
14.861838	-5
14.882111	0
14.902384	5
14.922657	6
14.94293	-5
14.963203	15
14.983476	5
15.003749	10
15.024022	5
15.044295	15
15.064568	4
15.084841	7
15.105114	6
15.125387	10
15.14566	9
15.165933	11
15.186206	0
15.206479	-1
15.226752	1
15.247025	9
15.267298	-1
15.287571	0
15.307844	1
15.328117	11
15.34839	10
15.368663	6
15.388936	-3
15.409209	3
15.429482	6
15.449755	4
15.470028	7
15.490301	9
15.510574	9
15.530847	-3
15.55112	8
15.571393	10
15.591666	5
15.611939	4
15.632212	2
15.652485	3
15.672758	3
15.693031	-7
15.713304	8
15.733577	6
15.75385	6
15.774123	9
15.794396	-5
15.814669	11
15.834942	3
15.855215	7
15.875488	6
15.895761	8
15.916034	4
15.936307	3
15.95658	7
15.976853	19
15.997126	9
16.017399	7
16.037672	-4
16.057945	8
16.078218	8
16.098491	12
16.118764	7
16.139037	8
16.15931	6
16.179583	-4
16.199856	7
16.220129	-3
16.240402	8
16.260675	4
16.280948	2
16.301221	11
16.321494	7
16.341767	2
16.36204	-3
16.382313	-5
16.402586	17
16.422859	6
16.443132	3
16.463405	0
16.483678	10
16.503951	3
16.524224	10
16.544497	-1
16.56477	3
16.585043	6
16.605316	4
16.625589	-2
16.645862	7
16.666135	5
16.686408	4
16.706681	-4
16.726954	0
16.747227	-3
16.7675	4
16.787773	7
16.808046	10
16.828319	6
16.848592	10
16.868865	4
16.889138	-3
16.909411	5
16.929684	8
16.949957	11
16.97023	6
16.990503	7
17.010776	8
17.031049	9
17.051322	1
17.071595	5
17.091868	4
17.112141	4
17.132414	18
17.152687	-3
17.17296	6
17.193233	0
17.213506	2
17.233779	6
17.254052	7
17.274325	6
17.294598	-2
17.314871	2
17.335144	10
17.355417	-5
17.37569	-3
17.395963	-2
17.416236	4
17.436509	1
17.456782	9
17.477055	8
17.497328	6
17.517601	-3
17.537874	-8
17.558147	7
17.57842	0
17.598693	11
17.618966	-7
17.639239	11
17.659512	-4
17.679785	5
17.700058	-9
17.720331	2
17.740604	-1
17.760877	-1
17.78115	1
17.801423	-5
17.821696	4
17.841969	4
17.862242	15
17.882515	2
17.902788	0
17.923061	-2
17.943334	11
17.963607	7
17.98388	8
18.004153	4
18.024426	-10
18.044699	-1
18.064972	6
18.085245	-4
18.105518	0
18.125791	12
18.146064	-5
18.166337	3
18.18661	4
18.206883	1
18.227156	0
18.247429	-7
18.267702	5
18.287975	-5
18.308248	-8
18.328521	2
18.348794	-1
18.369067	2
18.38934	2
18.409613	2
18.429886	3
18.450159	1
18.470432	5
18.490705	-2
18.510978	4
18.531251	-5
18.551524	2
18.571797	5
18.59207	2
18.612343	15
18.632616	5
18.652889	4
18.673162	7
18.693435	-1
18.713708	-2
18.733981	-7
18.754254	8
18.774527	-2
18.7948	3
18.815073	-2
18.835346	12
18.855619	-1
18.875892	3
18.896165	10
18.916438	-5
18.936711	4
18.956984	-3
18.977257	10
18.99753	2
19.017803	-4
19.038076	6
19.058349	5
19.078622	6
19.098895	5
19.119168	-5
19.139441	-4
19.159714	7
19.179987	-7
19.20026	3
19.220533	7
19.240806	-1
19.261079	0
19.281352	6
19.301625	5
19.321898	-3
19.342171	-3
19.362444	-7
19.382717	4
19.40299	12
19.423263	3
19.443536	7
19.463809	0
19.484082	6
19.504355	14
19.524628	1
19.544901	1
19.565174	14
19.585447	4
19.60572	-3
19.625993	4
19.646266	11
19.666539	-3
19.686812	3
19.707085	5
19.727358	-1
19.747631	5
19.767904	2
19.788177	-2
19.80845	14
19.828723	2
19.848996	5
19.869269	9
19.889542	2
19.909815	13
19.930088	10
19.950361	4
19.970634	8
19.990907	4
20.01118	18
20.031453	8
20.051726	-6
20.071999	-2
20.092272	9
20.112545	-6
20.132818	3
20.153091	-1
20.173364	4
20.193637	5
20.21391	3
20.234183	0
20.254456	1
20.274729	-4
20.295002	1
20.315275	1
20.335548	9
20.355821	-2
20.376094	-1
20.396367	8
20.41664	3
20.436913	9
20.457186	-6
20.477459	16
20.497732	9
20.518005	1
20.538278	3
20.558551	3
20.578824	9
20.599097	1
20.61937	8
20.639643	3
20.659916	14
20.680189	3
20.700462	-2
20.720735	5
20.741008	0
20.761281	9
20.781554	10
20.801827	-2
20.8221	-2
20.842373	0
20.862646	9
20.882919	6
20.903192	-1
20.923465	14
20.943738	6
20.964011	-3
20.984284	9
21.004557	-1
21.02483	-2
21.045103	-6
21.065376	-2
21.085649	-2
21.105922	9
21.126195	-7
21.146468	-1
21.166741	-4
21.187014	-5
21.207287	-1
21.22756	14
21.247833	2
21.268106	5
21.288379	-4
21.308652	17
21.328925	0
21.349198	-4
21.369471	-2
21.389744	1
21.410017	-1
21.43029	16
21.450563	11
21.470836	9
21.491109	8
21.511382	-1
21.531655	-5
21.551928	8
21.572201	0
21.592474	5
21.612747	-2
21.63302	-6
21.653293	7
21.673566	13
21.693839	9
21.714112	1
21.734385	9
21.754658	-5
21.774931	10
21.795204	13
21.815477	-8
21.83575	1
21.856023	13
21.876296	8
21.896569	12
21.916842	-6
21.937115	5
21.957388	8
21.977661	-6
21.997934	-4
22.018207	4
22.03848	5
22.058753	0
22.079026	-7
22.099299	-4
22.119572	13
22.139845	-3
22.160118	9
22.180391	0
22.200664	-2
22.220937	-7
22.24121	5
22.261483	17
22.281756	8
22.302029	1
22.322302	1
22.342575	11
22.362848	-3
22.383121	6
22.403394	-2
22.423667	0
22.44394	7
22.464213	4
22.484486	3
22.504759	-3
22.525032	-2
22.545305	0
22.565578	9
22.585851	9
22.606124	17
22.626397	-7
22.64667	1
22.666943	10
22.687216	3
22.707489	9
22.727762	-8
22.748035	-6
22.768308	6
22.788581	6
22.808854	6
22.829127	1
22.8494	0
22.869673	16
22.889946	-4
22.910219	7
22.930492	3
22.950765	5
22.971038	-3
22.991311	0
23.011584	1
23.031857	17
23.05213	10
23.072403	3
23.092676	5
23.112949	11
23.133222	-2
23.153495	13
23.173768	18
23.194041	11
23.214314	10
23.234587	15
23.25486	8
23.275133	9
23.295406	-3
23.315679	11
23.335952	5
23.356225	12
23.376498	17
23.396771	12
23.417044	12
23.437317	12
23.45759	4
23.477863	6
23.498136	12
23.518409	17
23.538682	12
23.558955	3
23.579228	6
23.599501	13
23.619774	7
23.640047	4
23.66032	2
23.680593	1
23.700866	3
23.721139	4
23.741412	5
23.761685	6
23.781958	5
23.802231	17
23.822504	10
23.842777	12
23.86305	5
23.883323	14
23.903596	8
23.923869	14
23.944142	9
23.964415	14
23.984688	4
24.004961	7
24.025234	-2
24.045507	4
24.06578	16
24.086053	3
24.106326	11
24.126599	6
24.146872	11
24.167145	18
24.187418	10
24.207691	11
24.227964	12
24.248237	7
24.26851	9
24.288783	10
24.309056	7
24.329329	4
24.349602	3
24.369875	8
24.390148	-2
24.410421	9
24.430694	-2
24.450967	4
24.47124	11
24.491513	-3
24.511786	9
24.532059	-3
24.552332	13
24.572605	-1
24.592878	9
24.613151	3
24.633424	6
24.653697	5
24.67397	6
24.694243	-3
24.714516	2
24.734789	5
24.755062	-2
24.775335	6
24.795608	9
24.815881	-7
24.836154	1
24.856427	5
24.8767	6
24.896973	-7
24.917246	6
24.937519	2
24.957792	2
24.978065	1
24.998338	10
25.018611	2
25.038884	7
25.059157	2
25.07943	10
25.099703	8
25.119976	6
25.140249	8
25.160522	5
25.180795	3
25.201068	8
25.221341	15
25.241614	8
25.261887	-1
25.28216	9
25.302433	20
25.322706	9
25.342979	8
25.363252	13
25.383525	18
25.403798	11
25.424071	9
25.444344	8
25.464617	10
25.48489	7
25.505163	9
25.525436	16
25.545709	10
25.565982	14
25.586255	15
25.606528	12
25.626801	19
25.647074	17
25.667347	7
25.68762	10
25.707893	17
25.728166	16
25.748439	2
25.768712	14
25.788985	10
25.809258	6
25.829531	-1
25.849804	4
25.870077	8
25.89035	6
25.910623	0
25.930896	12
25.951169	-1
25.971442	10
25.991715	2
26.011988	0
26.032261	7
26.052534	6
26.072807	2
26.09308	-1
26.113353	0
26.133626	1
26.153899	-8
26.174172	6
26.194445	-7
26.214718	8
26.234991	-1
26.255264	-4
26.275537	15
26.29581	0
26.316083	12
26.336356	3
26.356629	11
26.376902	6
26.397175	4
26.417448	12
26.437721	2
26.457994	2
26.478267	15
26.49854	7
26.518813	11
26.539086	15
26.559359	15
26.579632	-3
26.599905	4
26.620178	9
26.640451	4
26.660724	7
26.680997	5
26.70127	2
26.721543	6
26.741816	4
26.762089	14
26.782362	0
26.802635	11
26.822908	7
26.843181	9
26.863454	1
26.883727	2
26.904	3
26.924273	-3
26.944546	11
26.964819	5
26.985092	3
27.005365	6
27.025638	5
27.045911	16
27.066184	4
27.086457	8
27.10673	1
27.127003	8
27.147276	11
27.167549	8
27.187822	3
27.208095	4
27.228368	9
27.248641	5
27.268914	5
27.289187	20
27.30946	3
27.329733	8
27.350006	8
27.370279	14
27.390552	9
27.410825	14
27.431098	5
27.451371	8
27.471644	8
27.491917	11
27.51219	0
27.532463	13
27.552736	13
27.573009	4
27.593282	6
27.613555	3
27.633828	21
27.654101	11
27.674374	19
27.694647	4
27.71492	11
27.735193	11
27.755466	9
27.775739	6
27.796012	11
27.816285	15
27.836558	6
27.856831	5
27.877104	6
27.897377	10
27.91765	0
27.937923	5
27.958196	8
27.978469	10
27.998742	6
28.019015	8
28.039288	6
28.059561	15
28.079834	-1
28.100107	14
28.12038	6
28.140653	12
28.160926	17
28.181199	0
28.201472	5
28.221745	13
28.242018	14
28.262291	6
28.282564	7
28.302837	10
28.32311	16
28.343383	8
28.363656	2
28.383929	0
28.404202	12
28.424475	12
28.444748	15
28.465021	3
28.485294	14
28.505567	7
28.52584	7
28.546113	13
28.566386	0
28.586659	8
28.606932	5
28.627205	14
28.647478	4
28.667751	13
28.688024	16
28.708297	5
28.72857	11
28.748843	-4
28.769116	12
28.789389	10
28.809662	4
28.829935	12
28.850208	11
28.870481	15
28.890754	14
28.911027	15
28.9313	1
28.951573	-2
28.971846	6
28.992119	2
29.012392	12
29.032665	13
29.052938	16
29.073211	6
29.093484	6
29.113757	0
29.13403	6
29.154303	8
29.174576	-2
29.194849	2
29.215122	5
29.235395	2
29.255668	14
29.275941	6
29.296214	12
29.316487	0
29.33676	12
29.357033	11
29.377306	13
29.397579	1
29.417852	3
29.438125	12
29.458398	10
29.478671	10
29.498944	21
29.519217	14
29.53949	3
29.559763	12
29.580036	21
29.600309	18
29.620582	8
29.640855	15
29.661128	12
29.681401	7
29.701674	2
29.721947	4
29.74222	1
29.762493	4
29.782766	1
29.803039	16
29.823312	12
29.843585	5
29.863858	9
29.884131	15
29.904404	16
29.924677	7
29.94495	1
29.965223	3
29.985496	11
30.005769	10
30.026042	9
30.046315	3
30.066588	10
30.086861	1
30.107134	13
30.127407	5
30.14768	3
30.167953	10
30.188226	4
30.208499	5
30.228772	16
30.249045	2
30.269318	6
30.289591	8
30.309864	23
30.330137	18
30.35041	-1
30.370683	12
30.390956	12
30.411229	8
30.431502	13
30.451775	4
30.472048	6
30.492321	-1
30.512594	4
30.532867	3
30.55314	8
30.573413	17
30.593686	11
30.613959	3
30.634232	11
30.654505	6
30.674778	11
30.695051	5
30.715324	5
30.735597	5
30.75587	13
30.776143	18
30.796416	1
30.816689	10
30.836962	3
30.857235	14
30.877508	8
30.897781	0
30.918054	16
30.938327	10
30.9586	13
30.978873	12
30.999146	10
31.019419	9
31.039692	18
31.059965	12
31.080238	10
31.100511	10
31.120784	9
31.141057	4
31.16133	9
31.181603	16
31.201876	5
31.222149	14
31.242422	9
31.262695	-1
31.282968	2
31.303241	10
31.323514	12
31.343787	5
31.36406	16
31.384333	14
31.404606	-1
31.424879	7
31.445152	8
31.465425	4
31.485698	7
31.505971	10
31.526244	11
31.546517	2
31.56679	11
31.587063	3
31.607336	13
31.627609	16
31.647882	15
31.668155	10
31.688428	13
31.708701	13
31.728974	2
31.749247	17
31.76952	8
31.789793	9
31.810066	14
31.830339	0
31.850612	17
31.870885	3
31.891158	8
31.911431	18
31.931704	9
31.951977	3
31.97225	1
31.992523	4
32.012796	3
32.033069	5
32.053342	11
32.073615	6
32.093888	10
32.114161	4
32.134434	6
32.154707	9
32.17498	10
32.195253	6
32.215526	7
32.235799	4
32.256072	7
32.276345	11
32.296618	7
32.316891	10
32.337164	14
32.357437	8
32.37771	6
32.397983	7
32.418256	8
32.438529	4
32.458802	15
32.479075	20
32.499348	11
32.519621	12
32.539894	0
32.560167	14
32.58044	15
32.600713	14
32.620986	9
32.641259	14
32.661532	5
32.681805	17
32.702078	12
32.722351	8
32.742624	2
32.762897	5
32.78317	1
32.803443	6
32.823716	5
32.843989	17
32.864262	7
32.884535	3
32.904808	4
32.925081	11
32.945354	-3
32.965627	8
32.9859	2
33.006173	1
33.026446	8
33.046719	4
33.066992	3
33.087265	9
33.107538	8
33.127811	8
33.148084	0
33.168357	5
33.18863	11
33.208903	3
33.229176	10
33.249449	3
33.269722	11
33.289995	1
33.310268	3
33.330541	2
33.350814	9
33.371087	10
33.39136	7
33.411633	7
33.431906	6
33.452179	6
33.472452	3
33.492725	7
33.512998	15
33.533271	6
33.553544	-5
33.573817	5
33.59409	4
33.614363	6
33.634636	12
33.654909	4
33.675182	10
33.695455	8
33.715728	2
33.736001	6
33.756274	10
33.776547	4
33.79682	0
33.817093	9
33.837366	9
33.857639	14
33.877912	0
33.898185	3
33.918458	-5
33.938731	16
33.959004	-4
33.979277	3
33.99955	10
34.019823	19
34.040096	-5
34.060369	8
34.080642	5
34.100915	-1
34.121188	11
34.141461	2
34.161734	4
34.182007	8
34.20228	4
34.222553	10
34.242826	2
34.263099	6
34.283372	8
34.303645	9
34.323918	3
34.344191	8
34.364464	3
34.384737	3
34.40501	4
34.425283	-1
34.445556	11
34.465829	6
34.486102	7
34.506375	3
34.526648	6
34.546921	2
34.567194	1
34.587467	7
34.60774	2
34.628013	1
34.648286	6
34.668559	-3
34.688832	1
34.709105	3
34.729378	-4
34.749651	12
34.769924	3
34.790197	3
34.81047	12
34.830743	1
34.851016	0
34.871289	4
34.891562	4
34.911835	4
34.932108	-1
34.952381	2
34.972654	4
34.992927	14
35.0132	5
35.033473	12
35.053746	1
35.074019	4
35.094292	7
35.114565	9
35.134838	2
35.155111	0
35.175384	7
35.195657	1
35.21593	9
35.236203	-2
35.256476	2
35.276749	11
35.297022	5
35.317295	10
35.337568	-3
35.357841	5
35.378114	5
35.398387	5
35.41866	0
35.438933	7
35.459206	4
35.479479	5
35.499752	-3
35.520025	14
35.540298	13
35.560571	-2
35.580844	0
35.601117	2
35.62139	5
35.641663	3
35.661936	5
35.682209	6
35.702482	-1
35.722755	8
35.743028	8
35.763301	6
35.783574	3
35.803847	8
35.82412	4
35.844393	1
35.864666	5
35.884939	11
35.905212	-1
35.925485	5
35.945758	7
35.966031	6
35.986304	12
36.006577	3
36.02685	3
36.047123	7
36.067396	12
36.087669	10
36.107942	8
36.128215	-2
36.148488	4
36.168761	6
36.189034	5
36.209307	-4
36.22958	10
36.249853	7
36.270126	9
36.290399	10
36.310672	9
36.330945	7
36.351218	9
36.371491	6
36.391764	10
36.412037	-3
36.43231	6
36.452583	0
36.472856	8
36.493129	-2
36.513402	1
36.533675	5
36.553948	14
36.574221	8
36.594494	15
36.614767	2
36.63504	-1
36.655313	4
36.675586	3
36.695859	12
36.716132	4
36.736405	9
36.756678	7
36.776951	6
36.797224	7
36.817497	-5
36.83777	3
36.858043	15
36.878316	10
36.898589	2
36.918862	3
36.939135	5
36.959408	7
36.979681	2
36.999954	15
37.020227	4
37.0405	3
37.060773	4
37.081046	0
37.101319	11
37.121592	4
37.141865	4
37.162138	-2
37.182411	5
37.202684	4
37.222957	2
37.24323	16
37.263503	8
37.283776	8
37.304049	2
37.324322	5
37.344595	1
37.364868	7
37.385141	8
37.405414	2
37.425687	0
37.44596	7
37.466233	8
37.486506	6
37.506779	4
37.527052	4
37.547325	6
37.567598	3
37.587871	9
37.608144	-3
37.628417	4
37.64869	8
37.668963	4
37.689236	6
37.709509	2
37.729782	3
37.750055	4
37.770328	3
37.790601	0
37.810874	7
37.831147	2
37.85142	8
37.871693	4
37.891966	1
37.912239	8
37.932512	4
37.952785	7
37.973058	6
37.993331	5
38.013604	2
38.033877	-2
38.05415	2
38.074423	-4
38.094696	2
38.114969	8
38.135242	8
38.155515	-1
38.175788	7
38.196061	4
38.216334	7
38.236607	-2
38.25688	1
38.277153	12
38.297426	8
38.317699	1
38.337972	6
38.358245	-4
38.378518	-1
38.398791	4
38.419064	-2
38.439337	0
38.45961	4
38.479883	3
38.500156	9
38.520429	3
38.540702	1
38.560975	-1
38.581248	3
38.601521	5
38.621794	6
38.642067	2
38.66234	3
38.682613	6
38.702886	2
38.723159	0
38.743432	8
38.763705	9
38.783978	8
38.804251	-3
38.824524	1
38.844797	6
38.86507	12
38.885343	6
38.905616	-1
38.925889	4
38.946162	6
38.966435	6
38.986708	0
39.006981	6
39.027254	8
39.047527	-1
39.0678	2
39.088073	7
39.108346	5
39.128619	-8
39.148892	1
39.169165	10
39.189438	7
39.209711	0
39.229984	11
39.250257	2
39.27053	0
39.290803	3
39.311076	5
39.331349	1
39.351622	0
39.371895	7
39.392168	5
39.412441	2
39.432714	5
39.452987	4
39.47326	6
39.493533	7
39.513806	1
39.534079	-2
39.554352	7
39.574625	2
39.594898	7
39.615171	6
39.635444	5
39.655717	-5
39.67599	0
39.696263	5
39.716536	16
39.736809	-7
39.757082	3
39.777355	-2
39.797628	0
39.817901	0
39.838174	-2
39.858447	4
39.87872	4
39.898993	1
39.919266	6
39.939539	6
39.959812	3
39.980085	6
40.000358	6
40.020631	0
40.040904	0
40.061177	6
40.08145	1
40.101723	0
40.121996	4
40.142269	10
40.162542	3
40.182815	12
40.203088	5
40.223361	3
40.243634	7
40.263907	5
40.28418	1
40.304453	-3
40.324726	5
40.344999	3
40.365272	-6
40.385545	5
40.405818	2
40.426091	7
40.446364	5
40.466637	-2
40.48691	3
40.507183	1
40.527456	-2
40.547729	2
40.568002	4
40.588275	4
40.608548	4
40.628821	12
40.649094	10
40.669367	-5
40.68964	2
40.709913	-3
40.730186	0
40.750459	3
40.770732	1
40.791005	-2
40.811278	0
40.831551	13
40.851824	9
40.872097	3
40.89237	0
40.912643	6
40.932916	2
40.953189	2
40.973462	-3
40.993735	-2
41.014008	-1
41.034281	-1
41.054554	3
41.074827	0
41.0951	3
41.115373	-4
41.135646	0
41.155919	0
41.176192	-2
41.196465	2
41.216738	4
41.237011	7
41.257284	3
41.277557	0
41.29783	-2
41.318103	3
41.338376	6
41.358649	4
41.378922	2
41.399195	3
41.419468	2
41.439741	3
41.460014	7
41.480287	-2
41.50056	-2
41.520833	2
41.541106	-1
41.561379	-4
41.581652	-1
41.601925	-4
41.622198	10
41.642471	-5
41.662744	-1
41.683017	2
41.70329	2
41.723563	4
41.743836	0
41.764109	8
41.784382	2
41.804655	7
41.824928	3
41.845201	5
41.865474	-7
41.885747	0
41.90602	3
41.926293	7
41.946566	2
41.966839	7
41.987112	1
42.007385	2
42.027658	9
42.047931	1
42.068204	2
42.088477	-2
42.10875	2
42.129023	6
42.149296	1
42.169569	10
42.189842	1
42.210115	6
42.230388	-2
42.250661	6
42.270934	7
42.291207	6
42.31148	10
42.331753	6
42.352026	4
42.372299	6
42.392572	-3
42.412845	5
42.433118	8
42.453391	1
42.473664	3
42.493937	9
42.51421	7
42.534483	0
42.554756	4
42.575029	6
42.595302	1
42.615575	4
42.635848	4
42.656121	6
42.676394	3
42.696667	4
42.71694	3
42.737213	-3
42.757486	7
42.777759	-2
42.798032	3
42.818305	7
42.838578	-2
42.858851	3
42.879124	6
42.899397	-2
42.91967	4
42.939943	1
42.960216	8
42.980489	2
43.000762	6
43.021035	7
43.041308	4
43.061581	6
43.081854	1
43.102127	11
43.1224	6
43.142673	6
43.162946	-1
43.183219	11
43.203492	6
43.223765	3
43.244038	-1
43.264311	0
43.284584	2
43.304857	6
43.32513	4
43.345403	0
43.365676	11
43.385949	-8
43.406222	-1
43.426495	-5
43.446768	3
43.467041	13
43.487314	4
43.507587	1
43.52786	-1
43.548133	4
43.568406	1
43.588679	1
43.608952	-1
43.629225	4
43.649498	9
43.669771	3
43.690044	1
43.710317	4
43.73059	12
43.750863	5
43.771136	5
43.791409	-6
43.811682	-1
43.831955	0
43.852228	4
43.872501	8
43.892774	11
43.913047	-4
43.93332	9
43.953593	3
43.973866	-9
43.994139	2
44.014412	-1
44.034685	6
44.054958	4
44.075231	3
44.095504	-3
44.115777	5
44.13605	2
44.156323	3
44.176596	3
44.196869	5
44.217142	3
44.237415	0
44.257688	-1
44.277961	7
44.298234	4
44.318507	2
44.33878	0
44.359053	2
44.379326	7
44.399599	6
44.419872	1
44.440145	6
44.460418	0
44.480691	8
44.500964	2
44.521237	-2
44.54151	2
44.561783	-1
44.582056	5
44.602329	-5
44.622602	5
44.642875	-7
44.663148	2
44.683421	1
44.703694	-10
44.723967	3
44.74424	-1
44.764513	2
44.784786	3
44.805059	1
44.825332	1
44.845605	2
44.865878	4
44.886151	8
44.906424	8
44.926697	-2
44.94697	4
44.967243	-1
44.987516	8
45.007789	-1
45.028062	7
45.048335	-5
45.068608	0
45.088881	6
45.109154	2
45.129427	9
45.1497	4
45.169973	2
45.190246	2
45.210519	4
45.230792	3
45.251065	-1
45.271338	0
45.291611	5
45.311884	-2
45.332157	3
45.35243	4
45.372703	6
45.392976	8
45.413249	3
45.433522	1
45.453795	6
45.474068	5
45.494341	2
45.514614	1
45.534887	2
45.55516	4
45.575433	-3
45.595706	5
45.615979	7
45.636252	3
45.656525	-4
45.676798	-2
45.697071	6
45.717344	1
45.737617	8
45.75789	7
45.778163	2
45.798436	11
45.818709	1
45.838982	9
45.859255	2
45.879528	-3
45.899801	1
45.920074	8
45.940347	13
45.96062	3
45.980893	7
46.001166	7
46.021439	6
46.041712	4
46.061985	2
46.082258	6
46.102531	9
46.122804	1
46.143077	4
46.16335	-2
46.183623	3
46.203896	0
46.224169	7
46.244442	2
46.264715	2
46.284988	7
46.305261	6
46.325534	-1
46.345807	-3
46.36608	4
46.386353	8
46.406626	2
46.426899	1
46.447172	-1
46.467445	6
46.487718	5
46.507991	12
46.528264	6
46.548537	4
46.56881	8
46.589083	6
46.609356	11
46.629629	4
46.649902	6
46.670175	4
46.690448	12
46.710721	6
46.730994	5
46.751267	2
46.77154	9
46.791813	3
46.812086	4
46.832359	5
46.852632	5
46.872905	4
46.893178	11
46.913451	3
46.933724	5
46.953997	2
46.97427	7
46.994543	10
47.014816	6
47.035089	-2
47.055362	7
47.075635	4
47.095908	1
47.116181	5
47.136454	-1
47.156727	-6
47.177	1
47.197273	0
47.217546	1
47.237819	-2
47.258092	1
47.278365	-1
47.298638	8
47.318911	-2
47.339184	10
47.359457	-3
47.37973	1
47.400003	7
47.420276	-4
47.440549	3
47.460822	4
47.481095	-3
47.501368	5
47.521641	0
47.541914	3
47.562187	3
47.58246	1
47.602733	-4
47.623006	9
47.643279	0
47.663552	-1
47.683825	-1
47.704098	3
47.724371	5
47.744644	8
47.764917	4
47.78519	4
47.805463	-3
47.825736	3
47.846009	3
47.866282	2
47.886555	-5
47.906828	-2
47.927101	0
47.947374	-2
47.967647	6
47.98792	3
48.008193	-1
48.028466	12
48.048739	9
48.069012	-1
48.089285	2
48.109558	9
48.129831	6
48.150104	3
48.170377	0
48.19065	3
48.210923	9
48.231196	6
48.251469	8
48.271742	-1
48.292015	1
48.312288	6
48.332561	6
48.352834	3
48.373107	4
48.39338	5
48.413653	3
48.433926	0
48.454199	-3
48.474472	2
48.494745	4
48.515018	6
48.535291	5
48.555564	8
48.575837	2
48.59611	-1
48.616383	12
48.636656	1
48.656929	-3
48.677202	-4
48.697475	-2
48.717748	6
48.738021	5
48.758294	10
48.778567	6
48.79884	-2
48.819113	5
48.839386	1
48.859659	1
48.879932	-5
48.900205	-1
48.920478	4
48.940751	-5
48.961024	-2
48.981297	-1
49.00157	2
49.021843	3
49.042116	-4
49.062389	7
49.082662	4
49.102935	7
49.123208	3
49.143481	4
49.163754	2
49.184027	1
49.2043	3
49.224573	11
49.244846	2
49.265119	6
49.285392	0
49.305665	7
49.325938	5
49.346211	8
49.366484	4
49.386757	2
49.40703	-1
49.427303	8
49.447576	8
49.467849	7
49.488122	1
49.508395	2
49.528668	7
49.548941	-2
49.569214	12
49.589487	-5
49.60976	3
49.630033	2
49.650306	8
49.670579	5
49.690852	10
49.711125	2
49.731398	-1
49.751671	2
49.771944	8
49.792217	3
49.81249	0
49.832763	0
49.853036	-2
49.873309	11
49.893582	5
49.913855	5
49.934128	-1
49.954401	-5
49.974674	9
49.994947	4
50.01522	2
50.035493	7
50.055766	-1
50.076039	4
50.096312	5
50.116585	8
50.136858	0
50.157131	3
50.177404	-1
50.197677	11
50.21795	-4
50.238223	9
50.258496	8
50.278769	1
50.299042	5
50.319315	1
50.339588	-1
50.359861	10
50.380134	2
50.400407	-6
50.42068	5
50.440953	0
50.461226	1
50.481499	-3
50.501772	-2
50.522045	3
50.542318	5
50.562591	0
50.582864	5
50.603137	5
50.62341	-1
50.643683	4
50.663956	1
50.684229	5
50.704502	5
50.724775	4
50.745048	6
50.765321	3
50.785594	2
50.805867	4
50.82614	4
50.846413	9
50.866686	-1
50.886959	5
50.907232	2
50.927505	1
50.947778	4
50.968051	0
50.988324	0
51.008597	2
51.02887	0
51.049143	3
51.069416	7
51.089689	3
51.109962	10
51.130235	2
51.150508	0
51.170781	5
51.191054	3
51.211327	1
51.2316	3
51.251873	-3
51.272146	5
51.292419	1
51.312692	6
51.332965	3
51.353238	5
51.373511	2
51.393784	6
51.414057	4
51.43433	5
51.454603	2
51.474876	7
51.495149	3
51.515422	0
51.535695	1
51.555968	6
51.576241	1
51.596514	7
51.616787	4
51.63706	9
51.657333	10
51.677606	5
51.697879	2
51.718152	3
51.738425	2
51.758698	5
51.778971	5
51.799244	10
51.819517	6
51.83979	5
51.860063	4
51.880336	-2
51.900609	8
51.920882	4
51.941155	2
51.961428	4
51.981701	1
52.001974	-4
52.022247	6
52.04252	11
52.062793	3
52.083066	9
52.103339	-2
52.123612	0
52.143885	1
52.164158	0
52.184431	-2
52.204704	-3
52.224977	4
52.24525	2
52.265523	2
52.285796	9
52.306069	4
52.326342	-6
52.346615	3
52.366888	7
52.387161	10
52.407434	8
52.427707	6
52.44798	6
52.468253	4
52.488526	5
52.508799	11
52.529072	5
52.549345	5
52.569618	8
52.589891	2
52.610164	9
52.630437	-1
52.65071	12
52.670983	1
52.691256	2
52.711529	8
52.731802	2
52.752075	0
52.772348	2
52.792621	5
52.812894	2
52.833167	2
52.85344	1
52.873713	5
52.893986	2
52.914259	2
52.934532	4
52.954805	1
52.975078	9
52.995351	-3
53.015624	1
53.035897	2
53.05617	3
53.076443	6
53.096716	5
53.116989	7
53.137262	5
53.157535	4
53.177808	2
53.198081	12
53.218354	0
53.238627	-1
53.2589	2
53.279173	8
53.299446	9
53.319719	13
53.339992	8
53.360265	1
53.380538	7
53.400811	1
53.421084	5
53.441357	1
53.46163	-2
53.481903	6
53.502176	0
53.522449	5
53.542722	4
53.562995	2
53.583268	9
53.603541	6
53.623814	8
53.644087	7
53.66436	5
53.684633	-2
53.704906	1
53.725179	-6
53.745452	4
53.765725	13
53.785998	0
53.806271	-2
53.826544	2
53.846817	0
53.86709	0
53.887363	9
53.907636	10
53.927909	3
53.948182	2
53.968455	1
53.988728	2
54.009001	6
54.029274	5
54.049547	6
54.06982	10
54.090093	4
54.110366	5
54.130639	5
54.150912	-1
54.171185	4
54.191458	3
54.211731	3
54.232004	7
54.252277	7
54.27255	8
54.292823	5
54.313096	8
54.333369	1
54.353642	6
54.373915	6
54.394188	2
54.414461	6
54.434734	-3
54.455007	14
54.47528	6
54.495553	4
54.515826	8
54.536099	5
54.556372	4
54.576645	0
54.596918	8
54.617191	3
54.637464	5
54.657737	0
54.67801	4
54.698283	6
54.718556	-4
54.738829	5
54.759102	4
54.779375	4
54.799648	1
54.819921	15
54.840194	-5
54.860467	8
54.88074	11
54.901013	5
54.921286	-1
54.941559	-1
54.961832	7
54.982105	6
55.002378	5
55.022651	2
55.042924	5
55.063197	2
55.08347	4
55.103743	1
55.124016	8
55.144289	6
55.164562	4
55.184835	11
55.205108	8
55.225381	7
55.245654	6
55.265927	3
55.2862	8
55.306473	3
55.326746	-2
55.347019	1
55.367292	2
55.387565	6
55.407838	-1
55.428111	-2
55.448384	8
55.468657	5
55.48893	6
55.509203	9
55.529476	4
55.549749	10
55.570022	5
55.590295	1
55.610568	3
55.630841	0
55.651114	6
55.671387	2
55.69166	2
55.711933	5
55.732206	3
55.752479	7
55.772752	-2
55.793025	1
55.813298	4
55.833571	5
55.853844	0
55.874117	-3
55.89439	9
55.914663	7
55.934936	-3
55.955209	6
55.975482	0
55.995755	7
56.016028	4
56.036301	3
56.056574	2
56.076847	-2
56.09712	3
56.117393	4
56.137666	-2
56.157939	3
56.178212	9
56.198485	4
56.218758	1
56.239031	-1
56.259304	0
56.279577	12
56.29985	2
56.320123	8
56.340396	5
56.360669	10
56.380942	7
56.401215	1
56.421488	2
56.441761	9
56.462034	5
56.482307	3
56.50258	6
56.522853	6
56.543126	1
56.563399	0
56.583672	1
56.603945	3
56.624218	5
56.644491	1
56.664764	5
56.685037	8
56.70531	0
56.725583	2
56.745856	6
56.766129	6
56.786402	1
56.806675	9
56.826948	4
56.847221	3
56.867494	3
56.887767	9
56.90804	2
56.928313	4
56.948586	8
56.968859	5
56.989132	3
57.009405	6
57.029678	0
57.049951	3
57.070224	7
57.090497	4
57.11077	9
57.131043	-3
57.151316	4
57.171589	8
57.191862	10
57.212135	10
57.232408	6
57.252681	6
57.272954	11
57.293227	5
57.3135	2
57.333773	8
57.354046	9
57.374319	9
57.394592	2
57.414865	3
57.435138	7
57.455411	6
57.475684	3
57.495957	5
57.51623	13
57.536503	3
57.556776	1
57.577049	1
57.597322	6
57.617595	4
57.637868	8
57.658141	5
57.678414	4
57.698687	0
57.71896	6
57.739233	9
57.759506	6
57.779779	8
57.800052	6
57.820325	4
57.840598	1
57.860871	11
57.881144	9
57.901417	10
57.92169	7
57.941963	0
57.962236	11
57.982509	9
58.002782	8
58.023055	4
58.043328	10
58.063601	-2
58.083874	8
58.104147	8
58.12442	12
58.144693	2
58.164966	4
58.185239	11
58.205512	7
58.225785	4
58.246058	0
58.266331	-2
58.286604	8
58.306877	6
58.32715	7
58.347423	8
58.367696	7
58.387969	5
58.408242	7
58.428515	5
58.448788	7
58.469061	7
58.489334	1
58.509607	4
58.52988	2
58.550153	9
58.570426	6
58.590699	6
58.610972	1
58.631245	10
58.651518	8
58.671791	12
58.692064	13
58.712337	9
58.73261	3
58.752883	11
58.773156	8
58.793429	4
58.813702	10
58.833975	8
58.854248	1
58.874521	1
58.894794	11
58.915067	6
58.93534	7
58.955613	5
58.975886	-2
58.996159	7
59.016432	15
59.036705	5
59.056978	6
59.077251	11
59.097524	4
59.117797	8
59.13807	0
59.158343	6
59.178616	8
59.198889	7
59.219162	7
59.239435	5
59.259708	14
59.279981	9
59.300254	4
59.320527	8
59.3408	4
59.361073	8
59.381346	14
59.401619	6
59.421892	3
59.442165	6
59.462438	5
59.482711	7
59.502984	4
59.523257	4
59.54353	10
59.563803	11
59.584076	4
59.604349	6
59.624622	8
59.644895	9
59.665168	10
59.685441	4
59.705714	11
59.725987	5
59.74626	6
59.766533	13
59.786806	8
59.807079	3
59.827352	11
59.847625	3
59.867898	4
59.888171	5
59.908444	7
59.928717	0
59.94899	3
59.969263	5
59.989536	2
60.009809	7
60.030082	9
60.050355	7
60.070628	8
60.090901	12
60.111174	1
60.131447	3
60.15172	7
60.171993	9
60.192266	6
60.212539	2
60.232812	8
60.253085	12
60.273358	4
60.293631	5
60.313904	1
60.334177	7
60.35445	8
60.374723	0
60.394996	3
60.415269	9
60.435542	9
60.455815	11
60.476088	9
60.496361	8
60.516634	11
60.536907	7
60.55718	12
60.577453	3
60.597726	6
60.617999	4
60.638272	12
60.658545	1
60.678818	15
60.699091	6
60.719364	9
60.739637	9
60.75991	13
60.780183	10
60.800456	8
60.820729	7
60.841002	6
60.861275	4
60.881548	7
60.901821	11
60.922094	5
60.942367	2
60.96264	7
60.982913	10
61.003186	5
61.023459	6
61.043732	7
61.064005	4
61.084278	10
61.104551	5
61.124824	8
61.145097	4
61.16537	4
61.185643	5
61.205916	4
61.226189	4
61.246462	6
61.266735	9
61.287008	6
61.307281	11
61.327554	9
61.347827	4
61.3681	7
61.388373	-3
61.408646	8
61.428919	6
61.449192	9
61.469465	8
61.489738	7
61.510011	8
61.530284	7
61.550557	8
61.57083	4
61.591103	6
61.611376	7
61.631649	4
61.651922	5
61.672195	13
61.692468	7
61.712741	11
61.733014	13
61.753287	5
61.77356	10
61.793833	13
61.814106	9
61.834379	5
61.854652	12
61.874925	3
61.895198	5
61.915471	8
61.935744	7
61.956017	13
61.97629	12
61.996563	-3
62.016836	11
62.037109	7
62.057382	4
62.077655	13
62.097928	2
62.118201	7
62.138474	8
62.158747	7
62.17902	-1
62.199293	0
62.219566	11
62.239839	4
62.260112	10
62.280385	6
62.300658	7
62.320931	7
62.341204	0
62.361477	7
62.38175	3
62.402023	2
62.422296	9
62.442569	7
62.462842	8
62.483115	7
62.503388	12
62.523661	10
62.543934	7
62.564207	10
62.58448	10
62.604753	5
62.625026	-2
62.645299	8
62.665572	14
62.685845	4
62.706118	11
62.726391	7
62.746664	1
62.766937	10
62.78721	10
62.807483	2
62.827756	5
62.848029	6
62.868302	2
62.888575	6
62.908848	8
62.929121	10
62.949394	3
62.969667	13
62.98994	9
63.010213	4
63.030486	10
63.050759	6
63.071032	4
63.091305	8
63.111578	5
63.131851	3
63.152124	8
63.172397	10
63.19267	7
63.212943	4
63.233216	7
63.253489	2
63.273762	4
63.294035	7
63.314308	6
63.334581	4
63.354854	4
63.375127	10
63.3954	7
63.415673	3
63.435946	4
63.456219	13
63.476492	8
63.496765	6
63.517038	2
63.537311	8
63.557584	8
63.577857	6
63.59813	6
63.618403	4
63.638676	9
63.658949	8
63.679222	7
63.699495	8
63.719768	2
63.740041	11
63.760314	12
63.780587	1
63.80086	2
63.821133	9
63.841406	10
63.861679	13
63.881952	10
63.902225	8
63.922498	5
63.942771	3
63.963044	10
63.983317	7
64.00359	3
64.023863	6
64.044136	8
64.064409	7
64.084682	3
64.104955	9
64.125228	5
64.145501	1
64.165774	9
64.186047	6
64.20632	6
64.226593	4
64.246866	7
64.267139	3
64.287412	1
64.307685	7
64.327958	10
64.348231	7
64.368504	5
64.388777	10
64.40905	5
64.429323	1
64.449596	10
64.469869	5
64.490142	11
64.510415	6
64.530688	-3
64.550961	9
64.571234	-1
64.591507	5
64.61178	4
64.632053	5
64.652326	2
64.672599	5
64.692872	3
64.713145	11
64.733418	6
64.753691	6
64.773964	-3
64.794237	4
64.81451	5
64.834783	7
64.855056	9
64.875329	10
64.895602	11
64.915875	2
64.936148	8
64.956421	13
64.976694	11
64.996967	12
65.01724	7
65.037513	9
65.057786	7
65.078059	1
65.098332	8
65.118605	13
65.138878	2
65.159151	5
65.179424	4
65.199697	14
65.21997	17
65.240243	6
65.260516	10
65.280789	2
65.301062	7
65.321335	7
65.341608	12
65.361881	2
65.382154	3
65.402427	7
65.4227	10
65.442973	11
65.463246	6
65.483519	2
65.503792	8
65.524065	7
65.544338	5
65.564611	4
65.584884	7
65.605157	4
65.62543	10
65.645703	7
65.665976	5
65.686249	3
65.706522	-3
65.726795	8
65.747068	7
65.767341	7
65.787614	7
65.807887	5
65.82816	4
65.848433	9
65.868706	10
65.888979	2
65.909252	2
65.929525	7
65.949798	2
65.970071	6
65.990344	5
66.010617	5
66.03089	7
66.051163	6
66.071436	3
66.091709	7
66.111982	3
66.132255	3
66.152528	2
66.172801	4
66.193074	2
66.213347	4
66.23362	5
66.253893	7
66.274166	5
66.294439	8
66.314712	9
66.334985	5
66.355258	6
66.375531	5
66.395804	5
66.416077	3
66.43635	10
66.456623	2
66.476896	4
66.497169	0
66.517442	9
66.537715	7
66.557988	7
66.578261	0
66.598534	4
66.618807	6
66.63908	9
66.659353	2
66.679626	3
66.699899	3
66.720172	1
66.740445	7
66.760718	6
66.780991	2
66.801264	3
66.821537	-3
66.84181	3
66.862083	8
66.882356	8
66.902629	6
66.922902	6
66.943175	-1
66.963448	3
66.983721	3
67.003994	4
67.024267	9
67.04454	6
67.064813	6
67.085086	4
67.105359	3
67.125632	9
67.145905	9
67.166178	4
67.186451	2
67.206724	11
67.226997	8
67.24727	6
67.267543	6
67.287816	4
67.308089	6
67.328362	6
67.348635	6
67.368908	8
67.389181	3
67.409454	10
67.429727	9
67.45	4
67.470273	10
67.490546	8
67.510819	1
67.531092	8
67.551365	9
67.571638	2
67.591911	3
67.612184	3
67.632457	7
67.65273	0
67.673003	7
67.693276	0
67.713549	7
67.733822	5
67.754095	8
67.774368	4
67.794641	6
67.814914	7
67.835187	7
67.85546	2
67.875733	7
67.896006	7
67.916279	5
67.936552	0
67.956825	6
67.977098	13
67.997371	1
68.017644	15
68.037917	7
68.05819	7
68.078463	5
68.098736	4
68.119009	5
68.139282	9
68.159555	-1
68.179828	0
68.200101	4
68.220374	7
68.240647	5
68.26092	11
68.281193	4
68.301466	4
68.321739	2
68.342012	10
68.362285	11
68.382558	8
68.402831	4
68.423104	1
68.443377	2
68.46365	2
68.483923	4
68.504196	4
68.524469	0
68.544742	2
68.565015	8
68.585288	9
68.605561	7
68.625834	4
68.646107	2
68.66638	2
68.686653	6
68.706926	11
68.727199	5
68.747472	1
68.767745	4
68.788018	7
68.808291	11
68.828564	4
68.848837	7
68.86911	1
68.889383	3
68.909656	11
68.929929	9
68.950202	7
68.970475	4
68.990748	0
69.011021	7
69.031294	10
69.051567	6
69.07184	7
69.092113	0
69.112386	3
69.132659	1
69.152932	0
69.173205	-1
69.193478	0
69.213751	14
69.234024	3
69.254297	7
69.27457	3
69.294843	7
69.315116	5
69.335389	8
69.355662	5
69.375935	10
69.396208	3
69.416481	6
69.436754	9
69.457027	3
69.4773	9
69.497573	0
69.517846	4
69.538119	-3
69.558392	1
69.578665	4
69.598938	1
69.619211	6
69.639484	1
69.659757	4
69.68003	2
69.700303	2
69.720576	4
69.740849	1
69.761122	5
69.781395	-1
69.801668	0
69.821941	4
69.842214	6
69.862487	10
69.88276	6
69.903033	-1
69.923306	2
69.943579	9
69.963852	3
69.984125	2
70.004398	5
70.024671	1
70.044944	8
70.065217	7
70.08549	5
70.105763	2
70.126036	3
70.146309	5
70.166582	3
70.186855	3
70.207128	0
70.227401	9
70.247674	5
70.267947	1
70.28822	5
70.308493	3
70.328766	4
70.349039	4
70.369312	9
70.389585	7
70.409858	4
70.430131	7
70.450404	0
70.470677	4
70.49095	-1
70.511223	5
70.531496	5
70.551769	3
70.572042	1
70.592315	4
70.612588	2
70.632861	2
70.653134	6
70.673407	6
70.69368	6
70.713953	0
70.734226	6
70.754499	4
70.774772	2
70.795045	3
70.815318	-4
70.835591	0
70.855864	-1
70.876137	3
70.89641	7
70.916683	2
70.936956	9
70.957229	4
70.977502	3
70.997775	3
71.018048	9
71.038321	0
71.058594	3
71.078867	1
71.09914	6
71.119413	1
71.139686	8
71.159959	1
71.180232	6
71.200505	4
71.220778	0
71.241051	0
71.261324	3
71.281597	2
71.30187	6
71.322143	7
71.342416	-1
71.362689	8
71.382962	8
71.403235	1
71.423508	3
71.443781	5
71.464054	4
71.484327	10
71.5046	4
71.524873	4
71.545146	9
71.565419	0
71.585692	2
71.605965	5
71.626238	1
71.646511	4
71.666784	0
71.687057	3
71.70733	6
71.727603	4
71.747876	-1
71.768149	5
71.788422	1
71.808695	3
71.828968	4
71.849241	8
71.869514	5
71.889787	1
71.91006	1
71.930333	7
71.950606	-3
71.970879	2
71.991152	2
72.011425	3
72.031698	3
72.051971	3
72.072244	5
72.092517	2
72.11279	6
72.133063	6
72.153336	3
72.173609	4
72.193882	5
72.214155	2
72.234428	6
72.254701	4
72.274974	6
72.295247	6
72.31552	8
72.335793	3
72.356066	-2
72.376339	-2
72.396612	5
72.416885	0
72.437158	0
72.457431	6
72.477704	7
72.497977	3
72.51825	5
72.538523	8
72.558796	8
72.579069	-1
72.599342	1
72.619615	7
72.639888	4
72.660161	3
72.680434	6
72.700707	2
72.72098	3
72.741253	6
72.761526	1
72.781799	4
72.802072	6
72.822345	4
72.842618	8
72.862891	-1
72.883164	6
72.903437	4
72.92371	4
72.943983	5
72.964256	3
72.984529	8
73.004802	3
73.025075	1
73.045348	5
73.065621	2
73.085894	-1
73.106167	5
73.12644	3
73.146713	3
73.166986	10
73.187259	3
73.207532	2
73.227805	4
73.248078	2
73.268351	3
73.288624	2
73.308897	2
73.32917	7
73.349443	2
73.369716	6
73.389989	7
73.410262	5
73.430535	2
73.450808	4
73.471081	1
73.491354	6
73.511627	0
73.5319	5
73.552173	10
73.572446	5
73.592719	3
73.612992	-1
73.633265	6
73.653538	8
73.673811	6
73.694084	-2
73.714357	3
73.73463	9
73.754903	5
73.775176	7
73.795449	5
73.815722	4
73.835995	4
73.856268	7
73.876541	7
73.896814	10
73.917087	3
73.93736	8
73.957633	8
73.977906	1
73.998179	4
74.018452	8
74.038725	10
74.058998	3
74.079271	3
74.099544	1
74.119817	4
74.14009	11
74.160363	6
74.180636	2
74.200909	7
74.221182	5
74.241455	5
74.261728	9
74.282001	5
74.302274	6
74.322547	2
74.34282	1
74.363093	7
74.383366	-2
74.403639	7
74.423912	8
74.444185	6
74.464458	6
74.484731	3
74.505004	3
74.525277	6
74.54555	7
74.565823	9
74.586096	7
74.606369	5
74.626642	5
74.646915	6
74.667188	12
74.687461	5
74.707734	6
74.728007	4
74.74828	3
74.768553	3
74.788826	5
74.809099	9
74.829372	5
74.849645	2
74.869918	11
74.890191	7
74.910464	7
74.930737	7
74.95101	6
74.971283	6
74.991556	3
75.011829	6
75.032102	10
75.052375	8
75.072648	6
75.092921	10
75.113194	7
75.133467	13
75.15374	8
75.174013	4
75.194286	7
75.214559	4
75.234832	7
75.255105	7
75.275378	7
75.295651	1
75.315924	4
75.336197	6
75.35647	7
75.376743	3
75.397016	4
75.417289	10
75.437562	4
75.457835	7
75.478108	10
75.498381	5
75.518654	5
75.538927	11
75.5592	13
75.579473	13
75.599746	6
75.620019	10
75.640292	6
75.660565	1
75.680838	9
75.701111	4
75.721384	6
75.741657	9
75.76193	4
75.782203	8
75.802476	10
75.822749	1
75.843022	6
75.863295	9
75.883568	-2
75.903841	6
75.924114	7
75.944387	2
75.96466	8
75.984933	10
76.005206	-1
76.025479	3
76.045752	1
76.066025	14
76.086298	2
76.106571	4
76.126844	7
76.147117	4
76.16739	5
76.187663	4
76.207936	3
76.228209	7
76.248482	7
76.268755	5
76.289028	6
76.309301	7
76.329574	1
76.349847	8
76.37012	10
76.390393	5
76.410666	1
76.430939	8
76.451212	6
76.471485	7
76.491758	5
76.512031	3
76.532304	6
76.552577	5
76.57285	4
76.593123	3
76.613396	7
76.633669	3
76.653942	-1
76.674215	2
76.694488	9
76.714761	4
76.735034	3
76.755307	8
76.77558	5
76.795853	3
76.816126	6
76.836399	6
76.856672	7
76.876945	13
76.897218	7
76.917491	4
76.937764	5
76.958037	6
76.97831	5
76.998583	2
77.018856	5
77.039129	8
77.059402	8
77.079675	11
77.099948	8
77.120221	11
77.140494	4
77.160767	6
77.18104	10
77.201313	5
77.221586	3
77.241859	7
77.262132	9
77.282405	3
77.302678	5
77.322951	1
77.343224	7
77.363497	6
77.38377	6
77.404043	4
77.424316	1
77.444589	8
77.464862	3
77.485135	8
77.505408	10
77.525681	4
77.545954	6
77.566227	4
77.5865	3
77.606773	4
77.627046	8
77.647319	8
77.667592	3
77.687865	3
77.708138	-1
77.728411	7
77.748684	10
77.768957	4
77.78923	5
77.809503	9
77.829776	8
77.850049	3
77.870322	2
77.890595	3
77.910868	12
77.931141	5
77.951414	5
77.971687	3
77.99196	5
78.012233	6
78.032506	-1
78.052779	6
78.073052	-1
78.093325	4
78.113598	6
78.133871	7
78.154144	2
78.174417	4
78.19469	5
78.214963	7
78.235236	4
78.255509	6
78.275782	6
78.296055	8
78.316328	2
78.336601	6
78.356874	7
78.377147	4
78.39742	2
78.417693	5
78.437966	7
78.458239	12
78.478512	2
78.498785	1
78.519058	6
78.539331	4
78.559604	7
78.579877	9
78.60015	4
78.620423	9
78.640696	6
78.660969	-2
78.681242	1
78.701515	4
78.721788	6
78.742061	5
78.762334	1
78.782607	0
78.80288	6
78.823153	11
78.843426	2
78.863699	5
78.883972	4
78.904245	4
78.924518	6
78.944791	3
78.965064	4
78.985337	4
79.00561	9
79.025883	8
79.046156	2
79.066429	5
79.086702	6
79.106975	6
79.127248	7
79.147521	8
79.167794	4
79.188067	10
79.20834	3
79.228613	4
79.248886	10
79.269159	4
79.289432	0
79.309705	7
79.329978	8
79.350251	9
79.370524	6
79.390797	7
79.41107	11
79.431343	4
79.451616	9
79.471889	4
79.492162	11
79.512435	9
79.532708	5
79.552981	3
79.573254	11
79.593527	14
79.6138	7
79.634073	11
79.654346	10
79.674619	3
79.694892	8
79.715165	4
79.735438	6
79.755711	6
79.775984	2
79.796257	4
79.81653	4
79.836803	4
79.857076	6
79.877349	3
79.897622	10
79.917895	10
79.938168	10
79.958441	5
79.978714	6
79.998987	8
80.01926	2
