10.097683	7
10.117956	19
10.138229	11
10.158502	14
10.178775	21
10.199048	23
10.219321	23
10.239594	22
10.259867	16
10.28014	21
10.300413	15
10.320686	25
10.340959	22
10.361232	21
10.381505	22
10.401778	20
10.422051	13
10.442324	13
10.462597	26
10.48287	31
10.503143	21
10.523416	8
10.543689	23
10.563962	16
10.584235	11
10.604508	15
10.624781	25
10.645054	17
10.665327	15
10.6856	22
10.705873	18
10.726146	28
10.746419	17
10.766692	19
10.786965	19
10.807238	24
10.827511	14
10.847784	15
10.868057	20
10.88833	21
10.908603	7
10.928876	13
10.949149	24
10.969422	14
10.989695	11
11.009968	19
11.030241	7
11.050514	17
11.070787	14
11.09106	3
11.111333	23
11.131606	26
11.151879	16
11.172152	14
11.192425	13
11.212698	31
11.232971	9
11.253244	22
11.273517	19
11.29379	20
11.314063	26
11.334336	18
11.354609	13
11.374882	22
11.395155	17
11.415428	22
11.435701	25
11.455974	18
11.476247	18
11.49652	22
11.516793	28
11.537066	27
11.557339	19
11.577612	23
11.597885	23
11.618158	18
11.638431	13
11.658704	14
11.678977	21
11.69925	17
11.719523	10
11.739796	2
11.760069	9
11.780342	9
11.800615	12
11.820888	4
11.841161	14
11.861434	4
11.881707	15
11.90198	14
11.922253	11
11.942526	15
11.962799	8
11.983072	8
12.003345	20
12.023618	20
12.043891	18
12.064164	18
12.084437	15
12.10471	12
12.124983	25
12.145256	19
12.165529	10
12.185802	21
12.206075	19
12.226348	24
12.246621	15
12.266894	19
12.287167	25
12.30744	25
12.327713	21
12.347986	15
12.368259	17
12.388532	29
12.408805	23
12.429078	12
12.449351	14
12.469624	12
12.489897	24
12.51017	12
12.530443	17
12.550716	14
12.570989	16
12.591262	19
12.611535	20
12.631808	17
12.652081	18
12.672354	16
12.692627	24
12.7129	11
12.733173	16
12.753446	19
12.773719	16
12.793992	22
12.814265	12
12.834538	8
12.854811	17
12.875084	27
12.895357	29
12.91563	11
12.935903	24
12.956176	25
12.976449	22
12.996722	23
13.016995	25
13.037268	17
13.057541	20
13.077814	21
13.098087	20
13.11836	12
13.138633	14
13.158906	23
13.179179	17
13.199452	21
13.219725	25
13.239998	15
13.260271	22
13.280544	19
13.300817	16
13.32109	13
13.341363	22
13.361636	22
13.381909	17
13.402182	18
13.422455	14
13.442728	22
13.463001	5
13.483274	18
13.503547	12
13.52382	8
13.544093	12
13.564366	12
13.584639	22
13.604912	23
13.625185	15
13.645458	16
13.665731	16
13.686004	18
13.706277	20
13.72655	17
13.746823	14
13.767096	15
13.787369	18
13.807642	18
13.827915	11
13.848188	13
13.868461	16
13.888734	13
13.909007	11
13.92928	0
13.949553	20
13.969826	12
13.990099	12
14.010372	21
14.030645	21
14.050918	8
14.071191	28
14.091464	9
14.111737	18
14.13201	12
14.152283	32
14.172556	20
14.192829	6
14.213102	14
14.233375	24
14.253648	13
14.273921	15
14.294194	18
14.314467	14
14.33474	29
14.355013	16
14.375286	13
14.395559	24
14.415832	15
14.436105	17
14.456378	16
14.476651	26
14.496924	17
14.517197	16
14.53747	15
14.557743	27
14.578016	20
14.598289	20
14.618562	6
14.638835	14
14.659108	25
14.679381	15
14.699654	13
14.719927	22
14.7402	22
14.760473	16
14.780746	21
14.801019	23
14.821292	21
14.841565	11
14.861838	16
14.882111	27
14.902384	18
14.922657	22
14.94293	13
14.963203	20
14.983476	12
15.003749	20
15.024022	19
15.044295	17
15.064568	25
15.084841	25
15.105114	19
15.125387	11
15.14566	16
15.165933	16
15.186206	5
15.206479	14
15.226752	14
15.247025	26
15.267298	25
15.287571	22
15.307844	20
15.328117	28
15.34839	12
15.368663	10
15.388936	6
15.409209	17
15.429482	21
15.449755	15
15.470028	27
15.490301	22
15.510574	17
15.530847	10
15.55112	22
15.571393	15
15.591666	14
15.611939	20
15.632212	11
15.652485	14
15.672758	18
15.693031	13
15.713304	18
15.733577	17
15.75385	24
15.774123	25
15.794396	7
15.814669	12
15.834942	13
15.855215	15
15.875488	25
15.895761	16
15.916034	15
15.936307	21
15.95658	15
15.976853	20
15.997126	23
16.017399	13
16.037672	10
16.057945	14
16.078218	13
16.098491	21
16.118764	19
16.139037	17
16.15931	17
16.179583	18
16.199856	15
16.220129	18
16.240402	23
16.260675	16
16.280948	22
16.301221	12
16.321494	26
16.341767	9
16.36204	15
16.382313	3
16.402586	11
16.422859	13
16.443132	17
16.463405	9
16.483678	13
16.503951	18
16.524224	11
16.544497	16
16.56477	9
16.585043	15
16.605316	22
16.625589	9
16.645862	19
16.666135	9
16.686408	13
16.706681	8
16.726954	7
16.747227	14
16.7675	16
16.787773	15
16.808046	10
16.828319	14
16.848592	13
16.868865	16
16.889138	9
16.909411	15
16.929684	6
16.949957	18
16.97023	12
16.990503	8
17.010776	18
17.031049	10
17.051322	8
17.071595	12
17.091868	17
17.112141	15
17.132414	25
17.152687	9
17.17296	12
17.193233	8
17.213506	16
17.233779	12
17.254052	8
17.274325	12
17.294598	6
17.314871	8
17.335144	16
17.355417	18
17.37569	14
17.395963	6
17.416236	10
17.436509	5
17.456782	21
17.477055	12
17.497328	20
17.517601	13
17.537874	3
17.558147	6
17.57842	11
17.598693	10
17.618966	8
17.639239	21
17.659512	6
17.679785	12
17.700058	13
17.720331	7
17.740604	9
17.760877	2
17.78115	14
17.801423	4
17.821696	17
17.841969	8
17.862242	11
17.882515	14
17.902788	13
17.923061	7
17.943334	18
17.963607	8
17.98388	5
18.004153	10
18.024426	15
18.044699	7
18.064972	10
18.085245	12
18.105518	4
18.125791	6
18.146064	7
18.166337	1
18.18661	13
18.206883	8
18.227156	0
18.247429	4
18.267702	4
18.287975	14
18.308248	13
18.328521	9
18.348794	15
18.369067	18
18.38934	11
18.409613	15
18.429886	10
18.450159	12
18.470432	2
18.490705	19
18.510978	9
18.531251	11
18.551524	9
18.571797	14
18.59207	9
18.612343	10
18.632616	11
18.652889	11
18.673162	7
18.693435	21
18.713708	6
18.733981	13
18.754254	9
18.774527	9
18.7948	7
18.815073	14
18.835346	12
18.855619	2
18.875892	10
18.896165	5
18.916438	11
18.936711	14
18.956984	7
18.977257	11
18.99753	3
19.017803	4
19.038076	6
19.058349	6
19.078622	13
19.098895	10
19.119168	13
19.139441	10
19.159714	5
19.179987	10
19.20026	4
19.220533	12
19.240806	7
19.261079	7
19.281352	9
19.301625	10
19.321898	8
19.342171	12
19.362444	14
19.382717	13
19.40299	7
19.423263	9
19.443536	5
19.463809	11
19.484082	4
19.504355	15
19.524628	14
19.544901	9
19.565174	6
19.585447	12
19.60572	13
19.625993	6
19.646266	2
19.666539	6
19.686812	1
19.707085	23
19.727358	19
19.747631	6
19.767904	18
19.788177	4
19.80845	6
19.828723	13
19.848996	8
19.869269	20
19.889542	8
19.909815	20
19.930088	6
19.950361	12
19.970634	1
19.990907	13
20.01118	19
20.031453	9
20.051726	17
20.071999	13
20.092272	16
20.112545	6
20.132818	5
20.153091	5
20.173364	12
20.193637	5
20.21391	6
20.234183	9
20.254456	8
20.274729	7
20.295002	8
20.315275	20
20.335548	13
20.355821	5
20.376094	13
20.396367	8
20.41664	5
20.436913	2
20.457186	11
20.477459	25
20.497732	10
20.518005	13
20.538278	7
20.558551	8
20.578824	10
20.599097	9
20.61937	5
20.639643	14
20.659916	26
20.680189	17
20.700462	12
20.720735	8
20.741008	12
20.761281	15
20.781554	24
20.801827	18
20.8221	9
20.842373	12
20.862646	16
20.882919	9
20.903192	13
20.923465	11
20.943738	7
20.964011	12
20.984284	7
21.004557	5
21.02483	-2
21.045103	7
21.065376	9
21.085649	11
21.105922	17
21.126195	10
21.146468	9
21.166741	17
21.187014	13
21.207287	9
21.22756	14
21.247833	6
21.268106	20
21.288379	13
21.308652	21
21.328925	0
21.349198	14
21.369471	7
21.389744	9
21.410017	19
21.43029	12
21.450563	7
21.470836	16
21.491109	6
21.511382	11
21.531655	8
21.551928	22
21.572201	14
21.592474	9
21.612747	24
21.63302	6
21.653293	6
21.673566	11
21.693839	16
21.714112	3
21.734385	18
21.754658	9
21.774931	12
21.795204	2
21.815477	14
21.83575	16
21.856023	8
21.876296	19
21.896569	14
21.916842	15
21.937115	19
21.957388	16
21.977661	15
21.997934	14
22.018207	12
22.03848	6
22.058753	6
22.079026	20
22.099299	5
22.119572	18
22.139845	6
22.160118	11
22.180391	11
22.200664	4
22.220937	14
22.24121	9
22.261483	9
22.281756	7
22.302029	15
22.322302	20
22.342575	10
22.362848	9
22.383121	15
22.403394	12
22.423667	13
22.44394	17
22.464213	13
22.484486	16
22.504759	10
22.525032	11
22.545305	12
22.565578	13
22.585851	22
22.606124	20
22.626397	13
22.64667	10
22.666943	20
22.687216	1
22.707489	15
22.727762	15
22.748035	13
22.768308	14
22.788581	16
22.808854	16
22.829127	18
22.8494	13
22.869673	18
22.889946	17
22.910219	17
22.930492	15
22.950765	7
22.971038	3
22.991311	22
23.011584	14
23.031857	13
23.05213	10
23.072403	13
23.092676	13
23.112949	25
23.133222	10
23.153495	8
23.173768	16
23.194041	6
23.214314	23
23.234587	10
23.25486	11
23.275133	10
23.295406	17
23.315679	13
23.335952	20
23.356225	26
23.376498	23
23.396771	9
23.417044	24
23.437317	17
23.45759	16
23.477863	24
23.498136	15
23.518409	16
23.538682	19
23.558955	9
23.579228	19
23.599501	19
23.619774	26
23.640047	19
23.66032	15
23.680593	10
23.700866	13
23.721139	14
23.741412	13
23.761685	7
23.781958	15
23.802231	18
23.822504	19
23.842777	12
23.86305	14
23.883323	12
23.903596	13
23.923869	26
23.944142	21
23.964415	15
23.984688	12
24.004961	19
24.025234	8
24.045507	22
24.06578	19
24.086053	12
24.106326	26
24.126599	26
24.146872	30
24.167145	24
24.187418	8
24.207691	18
24.227964	13
24.248237	15
24.26851	16
24.288783	31
24.309056	18
24.329329	7
24.349602	6
24.369875	16
24.390148	14
24.410421	26
24.430694	13
24.450967	14
24.47124	21
24.491513	12
24.511786	13
24.532059	16
24.552332	19
24.572605	12
24.592878	15
24.613151	22
24.633424	4
24.653697	5
24.67397	19
24.694243	23
24.714516	16
24.734789	18
24.755062	21
24.775335	9
24.795608	21
24.815881	13
24.836154	14
24.856427	14
24.8767	9
24.896973	20
24.917246	13
24.937519	18
24.957792	14
24.978065	12
24.998338	21
25.018611	19
25.038884	15
25.059157	15
25.07943	23
25.099703	13
25.119976	24
25.140249	24
25.160522	26
25.180795	28
25.201068	21
25.221341	16
25.241614	26
25.261887	21
25.28216	34
25.302433	25
25.322706	28
25.342979	19
25.363252	15
25.383525	14
25.403798	18
25.424071	17
25.444344	14
25.464617	15
25.48489	15
25.505163	24
25.525436	13
25.545709	18
25.565982	13
25.586255	32
25.606528	10
25.626801	22
25.647074	28
25.667347	21
25.68762	24
25.707893	23
25.728166	25
25.748439	19
25.768712	27
25.788985	19
25.809258	26
25.829531	24
25.849804	18
25.870077	20
25.89035	25
25.910623	22
25.930896	29
25.951169	21
25.971442	15
25.991715	18
26.011988	28
26.032261	37
26.052534	28
26.072807	30
26.09308	26
26.113353	20
26.133626	24
26.153899	17
26.174172	23
26.194445	25
26.214718	23
26.234991	34
26.255264	25
26.275537	29
26.29581	29
26.316083	30
26.336356	14
26.356629	16
26.376902	28
26.397175	20
26.417448	21
26.437721	27
26.457994	17
26.478267	26
26.49854	16
26.518813	11
26.539086	37
26.559359	29
26.579632	10
26.599905	15
26.620178	10
26.640451	27
26.660724	18
26.680997	23
26.70127	15
26.721543	23
26.741816	33
26.762089	17
26.782362	18
26.802635	8
26.822908	23
26.843181	18
26.863454	10
26.883727	22
26.904	21
26.924273	12
26.944546	15
26.964819	32
26.985092	23
27.005365	22
27.025638	14
27.045911	23
27.066184	15
27.086457	23
27.10673	22
27.127003	22
27.147276	26
27.167549	22
27.187822	20
27.208095	27
27.228368	23
27.248641	20
27.268914	16
27.289187	19
27.30946	16
27.329733	27
27.350006	22
27.370279	15
27.390552	21
27.410825	23
27.431098	10
27.451371	16
27.471644	33
27.491917	14
27.51219	19
27.532463	15
27.552736	24
27.573009	25
27.593282	9
27.613555	25
27.633828	22
27.654101	8
27.674374	16
27.694647	23
27.71492	24
27.735193	25
27.755466	23
27.775739	17
27.796012	17
27.816285	16
27.836558	21
27.856831	21
27.877104	17
27.897377	12
27.91765	5
27.937923	15
27.958196	20
27.978469	18
27.998742	29
28.019015	10
28.039288	21
28.059561	25
28.079834	20
28.100107	21
28.12038	18
28.140653	8
28.160926	24
28.181199	24
28.201472	22
28.221745	25
28.242018	24
28.262291	7
28.282564	19
28.302837	19
28.32311	14
28.343383	25
28.363656	27
28.383929	14
28.404202	17
28.424475	20
28.444748	24
28.465021	19
28.485294	27
28.505567	19
28.52584	19
28.546113	26
28.566386	10
28.586659	27
28.606932	22
28.627205	28
28.647478	27
28.667751	21
28.688024	26
28.708297	34
28.72857	22
28.748843	22
28.769116	22
28.789389	17
28.809662	19
28.829935	27
28.850208	29
28.870481	30
28.890754	17
28.911027	21
28.9313	14
28.951573	23
28.971846	29
28.992119	22
29.012392	27
29.032665	27
29.052938	28
29.073211	18
29.093484	21
29.113757	21
29.13403	18
29.154303	24
29.174576	24
29.194849	18
29.215122	18
29.235395	24
29.255668	24
29.275941	30
29.296214	23
29.316487	18
29.33676	19
29.357033	25
29.377306	35
29.397579	7
29.417852	16
29.438125	20
29.458398	32
29.478671	12
29.498944	21
29.519217	16
29.53949	15
29.559763	17
29.580036	33
29.600309	22
29.620582	32
29.640855	25
29.661128	33
29.681401	11
29.701674	24
29.721947	22
29.74222	11
29.762493	24
29.782766	21
29.803039	22
29.823312	13
29.843585	21
29.863858	15
29.884131	18
29.904404	19
29.924677	15
29.94495	23
29.965223	12
29.985496	21
30.005769	25
30.026042	15
30.046315	24
30.066588	23
30.086861	15
30.107134	29
30.127407	25
30.14768	19
30.167953	19
30.188226	12
30.208499	14
30.228772	26
30.249045	14
30.269318	20
30.289591	14
30.309864	23
30.330137	17
30.35041	14
30.370683	25
30.390956	20
30.411229	16
30.431502	23
30.451775	21
30.472048	33
30.492321	23
30.512594	18
30.532867	22
30.55314	14
30.573413	20
30.593686	11
30.613959	18
30.634232	18
30.654505	25
30.674778	27
30.695051	20
30.715324	26
30.735597	15
30.75587	27
30.776143	25
30.796416	11
30.816689	18
30.836962	19
30.857235	25
30.877508	16
30.897781	17
30.918054	24
30.938327	18
30.9586	22
30.978873	18
30.999146	15
31.019419	16
31.039692	24
31.059965	21
31.080238	22
31.100511	21
31.120784	21
31.141057	20
31.16133	18
31.181603	23
31.201876	19
31.222149	21
31.242422	10
31.262695	13
31.282968	14
31.303241	17
31.323514	25
31.343787	25
31.36406	15
31.384333	19
31.404606	12
31.424879	22
31.445152	19
31.465425	23
31.485698	24
31.505971	22
31.526244	10
31.546517	14
31.56679	18
31.587063	13
31.607336	10
31.627609	21
31.647882	19
31.668155	19
31.688428	17
31.708701	23
31.728974	21
31.749247	14
31.76952	10
31.789793	16
31.810066	11
31.830339	16
31.850612	16
31.870885	7
31.891158	15
31.911431	3
31.931704	22
31.951977	13
31.97225	4
31.992523	20
32.012796	12
32.033069	24
32.053342	20
32.073615	20
32.093888	23
32.114161	21
32.134434	20
32.154707	16
32.17498	16
32.195253	21
32.215526	17
32.235799	18
32.256072	24
32.276345	21
32.296618	12
32.316891	18
32.337164	26
32.357437	13
32.37771	12
32.397983	15
32.418256	7
32.438529	17
32.458802	13
32.479075	15
32.499348	22
32.519621	11
32.539894	11
32.560167	7
32.58044	9
32.600713	18
32.620986	7
32.641259	17
32.661532	20
32.681805	12
32.702078	20
32.722351	9
32.742624	18
32.762897	5
32.78317	21
32.803443	19
32.823716	19
32.843989	12
32.864262	17
32.884535	12
32.904808	31
32.925081	14
32.945354	15
32.965627	17
32.9859	8
33.006173	8
33.026446	26
33.046719	16
33.066992	13
33.087265	13
33.107538	-1
33.127811	20
33.148084	12
33.168357	14
33.18863	13
33.208903	14
33.229176	18
33.249449	15
33.269722	10
33.289995	4
33.310268	15
33.330541	14
33.350814	11
33.371087	17
33.39136	10
33.411633	26
33.431906	13
33.452179	12
33.472452	16
33.492725	7
33.512998	13
33.533271	25
33.553544	6
33.573817	16
33.59409	15
33.614363	23
33.634636	18
33.654909	16
33.675182	14
33.695455	6
33.715728	11
33.736001	14
33.756274	12
33.776547	20
33.79682	3
33.817093	23
33.837366	14
33.857639	21
33.877912	13
33.898185	11
33.918458	10
33.938731	11
33.959004	28
33.979277	16
33.99955	7
34.019823	21
34.040096	7
34.060369	13
34.080642	13
34.100915	7
34.121188	12
34.141461	11
34.161734	14
34.182007	12
34.20228	6
34.222553	15
34.242826	14
34.263099	10
34.283372	17
34.303645	12
34.323918	28
34.344191	11
34.364464	14
34.384737	14
34.40501	21
34.425283	11
34.445556	21
34.465829	22
34.486102	17
34.506375	15
34.526648	17
34.546921	20
34.567194	15
34.587467	17
34.60774	9
34.628013	8
34.648286	14
34.668559	13
34.688832	17
34.709105	5
34.729378	11
34.749651	26
34.769924	14
34.790197	20
34.81047	8
34.830743	14
34.851016	17
34.871289	10
34.891562	21
34.911835	14
34.932108	19
34.952381	21
34.972654	15
34.992927	5
35.0132	14
35.033473	11
35.053746	15
35.074019	6
35.094292	15
35.114565	6
35.134838	22
35.155111	13
35.175384	12
35.195657	13
35.21593	19
35.236203	15
35.256476	20
35.276749	21
35.297022	8
35.317295	25
35.337568	17
35.357841	10
35.378114	14
35.398387	10
35.41866	9
35.438933	11
35.459206	7
35.479479	13
35.499752	14
35.520025	15
35.540298	20
35.560571	13
35.580844	15
35.601117	18
35.62139	14
35.641663	10
35.661936	12
35.682209	18
35.702482	7
35.722755	18
35.743028	8
35.763301	16
35.783574	11
35.803847	13
35.82412	17
35.844393	15
35.864666	16
35.884939	6
35.905212	7
35.925485	17
35.945758	12
35.966031	14
35.986304	13
36.006577	15
36.02685	11
36.047123	13
36.067396	8
36.087669	15
36.107942	14
36.128215	15
36.148488	14
36.168761	15
36.189034	9
36.209307	8
36.22958	11
36.249853	8
36.270126	13
36.290399	19
36.310672	7
36.330945	11
36.351218	8
36.371491	12
36.391764	15
36.412037	0
36.43231	2
36.452583	14
36.472856	10
36.493129	13
36.513402	8
36.533675	6
36.553948	6
36.574221	11
36.594494	13
36.614767	5
36.63504	6
36.655313	5
36.675586	13
36.695859	14
36.716132	15
36.736405	12
36.756678	8
36.776951	12
36.797224	7
36.817497	13
36.83777	4
36.858043	16
36.878316	11
36.898589	12
36.918862	14
36.939135	11
36.959408	20
36.979681	11
36.999954	16
37.020227	12
37.0405	16
37.060773	14
37.081046	10
37.101319	10
37.121592	2
37.141865	9
37.162138	10
37.182411	13
37.202684	6
37.222957	16
37.24323	10
37.263503	15
37.283776	5
37.304049	13
37.324322	8
37.344595	13
37.364868	7
37.385141	3
37.405414	9
37.425687	1
37.44596	5
37.466233	8
37.486506	12
37.506779	8
37.527052	11
37.547325	3
37.567598	12
37.587871	11
37.608144	4
37.628417	19
37.64869	5
37.668963	11
37.689236	20
37.709509	3
37.729782	10
37.750055	14
37.770328	15
37.790601	9
37.810874	2
37.831147	13
37.85142	19
37.871693	9
37.891966	13
37.912239	12
37.932512	6
37.952785	16
37.973058	13
37.993331	15
38.013604	12
38.033877	4
38.05415	14
38.074423	12
38.094696	10
38.114969	8
38.135242	2
38.155515	12
38.175788	4
38.196061	13
38.216334	13
38.236607	14
38.25688	9
38.277153	10
38.297426	20
38.317699	4
38.337972	9
38.358245	5
38.378518	2
38.398791	7
38.419064	6
38.439337	11
38.45961	10
38.479883	10
38.500156	13
38.520429	8
38.540702	9
38.560975	9
38.581248	10
38.601521	19
38.621794	6
38.642067	5
38.66234	2
38.682613	12
38.702886	11
38.723159	9
38.743432	9
38.763705	3
38.783978	4
38.804251	6
38.824524	7
38.844797	12
38.86507	15
38.885343	7
38.905616	11
38.925889	11
38.946162	8
38.966435	11
38.986708	6
39.006981	6
39.027254	11
39.047527	11
39.0678	10
39.088073	11
39.108346	5
39.128619	8
39.148892	8
39.169165	13
39.189438	8
39.209711	6
39.229984	7
39.250257	11
39.27053	4
39.290803	16
39.311076	9
39.331349	11
39.351622	6
39.371895	7
39.392168	0
39.412441	7
39.432714	11
39.452987	2
39.47326	9
39.493533	7
39.513806	10
39.534079	7
39.554352	14
39.574625	5
39.594898	8
39.615171	6
39.635444	8
39.655717	7
39.67599	3
39.696263	13
39.716536	15
39.736809	9
39.757082	9
39.777355	16
39.797628	11
39.817901	11
39.838174	3
39.858447	6
39.87872	13
39.898993	8
39.919266	7
39.939539	9
39.959812	8
39.980085	7
40.000358	13
40.020631	14
40.040904	19
40.061177	10
40.08145	6
40.101723	9
40.121996	15
40.142269	9
40.162542	12
40.182815	6
40.203088	8
40.223361	10
40.243634	18
40.263907	6
40.28418	5
40.304453	6
40.324726	3
40.344999	4
40.365272	8
40.385545	14
40.405818	3
40.426091	8
40.446364	10
40.466637	7
40.48691	12
40.507183	13
40.527456	5
40.547729	4
40.568002	16
40.588275	11
40.608548	7
40.628821	5
40.649094	16
40.669367	13
40.68964	8
40.709913	4
40.730186	6
40.750459	4
40.770732	11
40.791005	11
40.811278	5
40.831551	17
40.851824	10
40.872097	16
40.89237	4
40.912643	19
40.932916	7
40.953189	6
40.973462	-1
40.993735	11
41.014008	15
41.034281	6
41.054554	12
41.074827	0
41.0951	9
41.115373	13
41.135646	10
41.155919	9
41.176192	4
41.196465	7
41.216738	10
41.237011	9
41.257284	17
41.277557	2
41.29783	9
41.318103	14
41.338376	2
41.358649	9
41.378922	6
41.399195	11
41.419468	12
41.439741	7
41.460014	9
41.480287	3
41.50056	5
41.520833	9
41.541106	9
41.561379	6
41.581652	7
41.601925	6
41.622198	11
41.642471	11
41.662744	5
41.683017	7
41.70329	11
41.723563	9
41.743836	6
41.764109	10
41.784382	6
41.804655	10
41.824928	10
41.845201	5
41.865474	4
41.885747	8
41.90602	12
41.926293	10
41.946566	10
41.966839	5
41.987112	6
42.007385	7
42.027658	16
42.047931	2
42.068204	6
42.088477	12
42.10875	7
42.129023	13
42.149296	8
42.169569	11
42.189842	5
42.210115	13
42.230388	8
42.250661	1
42.270934	9
42.291207	14
42.31148	2
42.331753	8
42.352026	18
42.372299	10
42.392572	11
42.412845	11
42.433118	16
42.453391	8
42.473664	10
42.493937	8
42.51421	8
42.534483	7
42.554756	11
42.575029	8
42.595302	6
42.615575	9
42.635848	4
42.656121	8
42.676394	-1
42.696667	7
42.71694	-1
42.737213	6
42.757486	10
42.777759	5
42.798032	9
42.818305	3
42.838578	4
42.858851	7
42.879124	6
42.899397	7
42.91967	7
42.939943	4
42.960216	7
42.980489	6
43.000762	6
43.021035	6
43.041308	10
43.061581	7
43.081854	-1
43.102127	8
43.1224	6
43.142673	8
43.162946	10
43.183219	10
43.203492	8
43.223765	7
43.244038	9
43.264311	8
43.284584	4
43.304857	11
43.32513	8
43.345403	2
43.365676	11
43.385949	3
43.406222	8
43.426495	13
43.446768	10
43.467041	5
43.487314	7
43.507587	6
43.52786	-4
43.548133	16
43.568406	7
43.588679	7
43.608952	14
43.629225	12
43.649498	9
43.669771	6
43.690044	7
43.710317	10
43.73059	9
43.750863	11
43.771136	3
43.791409	14
43.811682	-1
43.831955	10
43.852228	5
43.872501	9
43.892774	8
43.913047	5
43.93332	6
43.953593	8
43.973866	1
43.994139	6
44.014412	8
44.034685	14
44.054958	7
44.075231	11
44.095504	8
44.115777	7
44.13605	12
44.156323	15
44.176596	11
44.196869	8
44.217142	10
44.237415	10
44.257688	10
44.277961	-3
44.298234	12
44.318507	9
44.33878	13
44.359053	7
44.379326	2
44.399599	3
44.419872	9
44.440145	14
44.460418	7
44.480691	10
44.500964	10
44.521237	4
44.54151	7
44.561783	6
44.582056	9
44.602329	13
44.622602	9
44.642875	3
44.663148	5
44.683421	9
44.703694	10
44.723967	14
44.74424	9
44.764513	16
44.784786	15
44.805059	8
44.825332	11
44.845605	7
44.865878	6
44.886151	10
44.906424	7
44.926697	4
44.94697	10
44.967243	9
44.987516	14
45.007789	8
45.028062	10
45.048335	5
45.068608	20
45.088881	10
45.109154	10
45.129427	7
45.1497	4
45.169973	19
45.190246	9
45.210519	11
45.230792	11
45.251065	3
45.271338	9
45.291611	17
45.311884	10
45.332157	9
45.35243	6
45.372703	7
45.392976	5
45.413249	10
45.433522	0
45.453795	14
45.474068	8
45.494341	6
45.514614	4
45.534887	1
45.55516	5
45.575433	10
45.595706	0
45.615979	9
45.636252	12
45.656525	6
45.676798	6
45.697071	6
45.717344	9
45.737617	3
45.75789	6
45.778163	0
45.798436	13
45.818709	4
45.838982	15
45.859255	3
45.879528	6
45.899801	5
45.920074	10
45.940347	5
45.96062	16
45.980893	15
46.001166	9
46.021439	6
46.041712	9
46.061985	11
46.082258	8
46.102531	13
46.122804	8
46.143077	3
46.16335	8
46.183623	9
46.203896	8
46.224169	9
46.244442	4
46.264715	7
46.284988	8
46.305261	17
46.325534	-3
46.345807	13
46.36608	4
46.386353	10
46.406626	10
46.426899	8
46.447172	9
46.467445	8
46.487718	11
46.507991	13
46.528264	12
46.548537	8
46.56881	2
46.589083	13
46.609356	5
46.629629	4
46.649902	7
46.670175	7
46.690448	9
46.710721	14
46.730994	7
46.751267	4
46.77154	11
46.791813	11
46.812086	7
46.832359	10
46.852632	3
46.872905	13
46.893178	7
46.913451	7
46.933724	14
46.953997	15
46.97427	14
46.994543	12
47.014816	13
47.035089	9
47.055362	2
47.075635	9
47.095908	9
47.116181	4
47.136454	7
47.156727	7
47.177	5
47.197273	2
47.217546	7
47.237819	6
47.258092	3
47.278365	6
47.298638	10
47.318911	3
47.339184	5
47.359457	1
47.37973	12
47.400003	6
47.420276	1
47.440549	4
47.460822	2
47.481095	10
47.501368	5
47.521641	9
47.541914	8
47.562187	12
47.58246	13
47.602733	4
47.623006	11
47.643279	5
47.663552	8
47.683825	6
47.704098	12
47.724371	8
47.744644	14
47.764917	9
47.78519	16
47.805463	8
47.825736	-3
47.846009	10
47.866282	11
47.886555	5
47.906828	6
47.927101	17
47.947374	6
47.967647	12
47.98792	14
48.008193	16
48.028466	10
48.048739	13
48.069012	8
48.089285	7
48.109558	16
48.129831	11
48.150104	8
48.170377	8
48.19065	11
48.210923	12
48.231196	8
48.251469	9
48.271742	15
48.292015	5
48.312288	8
48.332561	10
48.352834	13
48.373107	11
48.39338	7
48.413653	13
48.433926	4
48.454199	10
48.474472	9
48.494745	8
48.515018	4
48.535291	6
48.555564	8
48.575837	5
48.59611	6
48.616383	8
48.636656	7
48.656929	4
48.677202	5
48.697475	5
48.717748	7
48.738021	7
48.758294	9
48.778567	8
48.79884	3
48.819113	10
48.839386	7
48.859659	-1
48.879932	12
48.900205	11
48.920478	15
48.940751	2
48.961024	5
48.981297	5
49.00157	10
49.021843	13
49.042116	6
49.062389	4
49.082662	13
49.102935	8
49.123208	15
49.143481	15
49.163754	-2
49.184027	4
49.2043	11
49.224573	19
49.244846	6
49.265119	12
49.285392	7
49.305665	17
49.325938	4
49.346211	14
49.366484	6
49.386757	11
49.40703	3
49.427303	3
49.447576	13
49.467849	10
49.488122	13
49.508395	6
49.528668	7
49.548941	13
49.569214	11
49.589487	8
49.60976	8
49.630033	12
49.650306	11
49.670579	2
49.690852	11
49.711125	13
49.731398	6
49.751671	8
49.771944	4
49.792217	11
49.81249	8
49.832763	8
49.853036	6
49.873309	5
49.893582	15
49.913855	7
49.934128	7
49.954401	9
49.974674	13
49.994947	17
50.01522	12
50.035493	12
50.055766	8
50.076039	6
50.096312	12
50.116585	10
50.136858	6
50.157131	7
50.177404	0
50.197677	11
50.21795	7
50.238223	12
50.258496	9
50.278769	-1
50.299042	5
50.319315	13
50.339588	12
50.359861	10
50.380134	8
50.400407	9
50.42068	15
50.440953	12
50.461226	6
50.481499	5
50.501772	10
50.522045	7
50.542318	12
50.562591	11
50.582864	9
50.603137	8
50.62341	3
50.643683	5
50.663956	13
50.684229	7
50.704502	12
50.724775	-1
50.745048	-2
50.765321	10
50.785594	2
50.805867	8
50.82614	14
50.846413	14
50.866686	5
50.886959	9
50.907232	10
50.927505	5
50.947778	6
50.968051	12
50.988324	7
51.008597	8
51.02887	9
51.049143	13
51.069416	10
51.089689	4
51.109962	18
51.130235	4
51.150508	8
51.170781	14
51.191054	-1
51.211327	11
51.2316	9
51.251873	8
51.272146	21
51.292419	17
51.312692	5
51.332965	7
51.353238	4
51.373511	5
51.393784	5
51.414057	8
51.43433	8
51.454603	16
51.474876	6
51.495149	10
51.515422	16
51.535695	15
51.555968	11
51.576241	6
51.596514	5
51.616787	5
51.63706	13
51.657333	11
51.677606	13
51.697879	5
51.718152	4
51.738425	6
51.758698	3
51.778971	5
51.799244	9
51.819517	11
51.83979	22
51.860063	12
51.880336	11
51.900609	19
51.920882	10
51.941155	12
51.961428	12
51.981701	11
52.001974	5
52.022247	9
52.04252	7
52.062793	14
52.083066	12
52.103339	8
52.123612	9
52.143885	7
52.164158	10
52.184431	13
52.204704	9
52.224977	13
52.24525	9
52.265523	8
52.285796	21
52.306069	13
52.326342	3
52.346615	13
52.366888	12
52.387161	10
52.407434	6
52.427707	10
52.44798	21
52.468253	11
52.488526	10
52.508799	15
52.529072	7
52.549345	11
52.569618	11
52.589891	5
52.610164	10
52.630437	15
52.65071	9
52.670983	8
52.691256	6
52.711529	3
52.731802	7
52.752075	2
52.772348	6
52.792621	7
52.812894	9
52.833167	7
52.85344	3
52.873713	11
52.893986	11
52.914259	13
52.934532	5
52.954805	7
52.975078	10
52.995351	2
53.015624	8
53.035897	13
53.05617	3
53.076443	11
53.096716	10
53.116989	9
53.137262	9
53.157535	3
53.177808	15
53.198081	9
53.218354	13
53.238627	6
53.2589	8
53.279173	7
53.299446	7
53.319719	8
53.339992	4
53.360265	10
53.380538	3
53.400811	9
53.421084	6
53.441357	12
53.46163	14
53.481903	10
53.502176	7
53.522449	8
53.542722	19
53.562995	13
53.583268	11
53.603541	9
53.623814	6
53.644087	14
53.66436	11
53.684633	13
53.704906	9
53.725179	6
53.745452	15
53.765725	18
53.785998	12
53.806271	12
53.826544	5
53.846817	15
53.86709	16
53.887363	12
53.907636	8
53.927909	9
53.948182	8
53.968455	16
53.988728	10
54.009001	11
54.029274	17
54.049547	14
54.06982	14
54.090093	12
54.110366	6
54.130639	14
54.150912	12
54.171185	10
54.191458	12
54.211731	16
54.232004	5
54.252277	15
54.27255	14
54.292823	12
54.313096	19
54.333369	14
54.353642	12
54.373915	13
54.394188	9
54.414461	9
54.434734	9
54.455007	22
54.47528	11
54.495553	7
54.515826	8
54.536099	11
54.556372	13
54.576645	14
54.596918	16
54.617191	9
54.637464	13
54.657737	10
54.67801	7
54.698283	17
54.718556	6
54.738829	11
54.759102	14
54.779375	8
54.799648	14
54.819921	22
54.840194	9
54.860467	25
54.88074	16
54.901013	6
54.921286	16
54.941559	7
54.961832	11
54.982105	12
55.002378	15
55.022651	4
55.042924	8
55.063197	3
55.08347	10
55.103743	11
55.124016	9
55.144289	8
55.164562	16
55.184835	15
55.205108	17
55.225381	19
55.245654	16
55.265927	12
55.2862	15
55.306473	11
55.326746	7
55.347019	13
55.367292	16
55.387565	17
55.407838	7
55.428111	7
55.448384	18
55.468657	11
55.48893	12
55.509203	6
55.529476	15
55.549749	14
55.570022	17
55.590295	12
55.610568	11
55.630841	10
55.651114	18
55.671387	17
55.69166	19
55.711933	17
55.732206	22
55.752479	12
55.772752	15
55.793025	4
55.813298	20
55.833571	11
55.853844	15
55.874117	5
55.89439	15
55.914663	14
55.934936	5
55.955209	13
55.975482	20
55.995755	10
56.016028	13
56.036301	6
56.056574	6
56.076847	13
56.09712	13
56.117393	18
56.137666	17
56.157939	12
56.178212	25
56.198485	13
56.218758	11
56.239031	9
56.259304	11
56.279577	17
56.29985	18
56.320123	16
56.340396	4
56.360669	22
56.380942	11
56.401215	15
56.421488	15
56.441761	16
56.462034	15
56.482307	18
56.50258	16
56.522853	14
56.543126	7
56.563399	8
56.583672	12
56.603945	21
56.624218	11
56.644491	10
56.664764	14
56.685037	8
56.70531	17
56.725583	20
56.745856	11
56.766129	20
56.786402	10
56.806675	14
56.826948	12
56.847221	9
56.867494	13
56.887767	19
56.90804	17
56.928313	11
56.948586	14
56.968859	13
56.989132	14
57.009405	16
57.029678	11
57.049951	11
57.070224	12
57.090497	15
57.11077	21
57.131043	7
57.151316	12
57.171589	16
57.191862	15
57.212135	14
57.232408	21
57.252681	17
57.272954	15
57.293227	15
57.3135	19
57.333773	20
57.354046	24
57.374319	10
57.394592	17
57.414865	12
57.435138	17
57.455411	14
57.475684	20
57.495957	19
57.51623	12
57.536503	28
57.556776	14
57.577049	9
57.597322	9
57.617595	20
57.637868	12
57.658141	16
57.678414	18
57.698687	16
57.71896	14
57.739233	14
57.759506	14
57.779779	16
57.800052	30
57.820325	13
57.840598	16
57.860871	21
57.881144	21
57.901417	21
57.92169	14
57.941963	22
57.962236	21
57.982509	21
58.002782	21
58.023055	19
58.043328	27
58.063601	17
58.083874	18
58.104147	28
58.12442	18
58.144693	19
58.164966	7
58.185239	17
58.205512	20
58.225785	11
58.246058	17
58.266331	5
58.286604	17
58.306877	11
58.32715	15
58.347423	14
58.367696	23
58.387969	12
58.408242	8
58.428515	20
58.448788	18
58.469061	18
58.489334	16
58.509607	23
58.52988	9
58.550153	15
58.570426	11
58.590699	13
58.610972	12
58.631245	18
58.651518	24
58.671791	15
58.692064	16
58.712337	22
58.73261	12
58.752883	23
58.773156	16
58.793429	18
58.813702	19
58.833975	19
58.854248	10
58.874521	15
58.894794	8
58.915067	17
58.93534	22
58.955613	26
58.975886	22
58.996159	19
59.016432	20
59.036705	15
59.056978	19
59.077251	21
59.097524	20
59.117797	17
59.13807	12
59.158343	20
59.178616	20
59.198889	19
59.219162	19
59.239435	17
59.259708	14
59.279981	25
59.300254	19
59.320527	18
59.3408	15
59.361073	23
59.381346	28
59.401619	14
59.421892	27
59.442165	19
59.462438	23
59.482711	16
59.502984	16
59.523257	18
59.54353	17
59.563803	19
59.584076	18
59.604349	23
59.624622	22
59.644895	21
59.665168	28
59.685441	15
59.705714	22
59.725987	17
59.74626	21
59.766533	28
59.786806	18
59.807079	16
59.827352	20
59.847625	11
59.867898	16
59.888171	16
59.908444	22
59.928717	14
59.94899	15
59.969263	18
59.989536	18
60.009809	21
60.030082	22
60.050355	18
60.070628	21
60.090901	19
60.111174	21
60.131447	29
60.15172	17
60.171993	19
60.192266	17
60.212539	14
60.232812	28
60.253085	20
60.273358	16
60.293631	19
60.313904	17
60.334177	18
60.35445	19
60.374723	23
60.394996	12
60.415269	17
60.435542	18
60.455815	11
60.476088	29
60.496361	24
60.516634	29
60.536907	22
60.55718	29
60.577453	19
60.597726	18
60.617999	19
60.638272	24
60.658545	13
60.678818	28
60.699091	21
60.719364	17
60.739637	10
60.75991	29
60.780183	23
60.800456	18
60.820729	18
60.841002	18
60.861275	21
60.881548	25
60.901821	19
60.922094	16
60.942367	17
60.96264	20
60.982913	17
61.003186	10
61.023459	15
61.043732	14
61.064005	17
61.084278	25
61.104551	26
61.124824	22
61.145097	19
61.16537	23
61.185643	22
61.205916	4
61.226189	24
61.246462	11
61.266735	29
61.287008	25
61.307281	22
61.327554	19
61.347827	16
61.3681	25
61.388373	19
61.408646	21
61.428919	26
61.449192	32
61.469465	27
61.489738	25
61.510011	22
61.530284	22
61.550557	30
61.57083	20
61.591103	27
61.611376	25
61.631649	28
61.651922	32
61.672195	30
61.692468	26
61.712741	20
61.733014	22
61.753287	11
61.77356	27
61.793833	25
61.814106	21
61.834379	20
61.854652	24
61.874925	20
61.895198	26
61.915471	23
61.935744	26
61.956017	17
61.97629	25
61.996563	18
62.016836	21
62.037109	17
62.057382	17
62.077655	27
62.097928	24
62.118201	12
62.138474	24
62.158747	19
62.17902	15
62.199293	15
62.219566	14
62.239839	22
62.260112	20
62.280385	22
62.300658	20
62.320931	16
62.341204	16
62.361477	18
62.38175	24
62.402023	21
62.422296	26
62.442569	25
62.462842	21
62.483115	12
62.503388	28
62.523661	18
62.543934	10
62.564207	24
62.58448	24
62.604753	17
62.625026	16
62.645299	19
62.665572	29
62.685845	14
62.706118	21
62.726391	21
62.746664	21
62.766937	8
62.78721	26
62.807483	17
62.827756	17
62.848029	22
62.868302	7
62.888575	14
62.908848	23
62.929121	23
62.949394	17
62.969667	28
62.98994	25
63.010213	22
63.030486	25
63.050759	24
63.071032	11
63.091305	23
63.111578	16
63.131851	22
63.152124	21
63.172397	28
63.19267	12
63.212943	17
63.233216	23
63.253489	20
63.273762	10
63.294035	20
63.314308	20
63.334581	9
63.354854	17
63.375127	18
63.3954	28
63.415673	25
63.435946	14
63.456219	28
63.476492	17
63.496765	28
63.517038	18
63.537311	19
63.557584	11
63.577857	26
63.59813	31
63.618403	15
63.638676	31
63.658949	22
63.679222	16
63.699495	28
63.719768	19
63.740041	25
63.760314	24
63.780587	14
63.80086	16
63.821133	23
63.841406	30
63.861679	22
63.881952	23
63.902225	24
63.922498	16
63.942771	17
63.963044	19
63.983317	15
64.00359	19
64.023863	12
64.044136	20
64.064409	21
64.084682	18
64.104955	25
64.125228	22
64.145501	10
64.165774	10
64.186047	19
64.20632	28
64.226593	17
64.246866	28
64.267139	20
64.287412	15
64.307685	21
64.327958	22
64.348231	23
64.368504	25
64.388777	22
64.40905	30
64.429323	23
64.449596	22
64.469869	20
64.490142	29
64.510415	21
64.530688	9
64.550961	30
64.571234	14
64.591507	14
64.61178	8
64.632053	20
64.652326	11
64.672599	16
64.692872	14
64.713145	15
64.733418	15
64.753691	13
64.773964	12
64.794237	13
64.81451	24
64.834783	23
64.855056	25
64.875329	19
64.895602	22
64.915875	20
64.936148	18
64.956421	23
64.976694	17
64.996967	29
65.01724	18
65.037513	15
65.057786	21
65.078059	17
65.098332	10
65.118605	23
65.138878	20
65.159151	15
65.179424	14
65.199697	21
65.21997	21
65.240243	21
65.260516	17
65.280789	19
65.301062	23
65.321335	20
65.341608	33
65.361881	19
65.382154	23
65.402427	21
65.4227	18
65.442973	21
65.463246	23
65.483519	12
65.503792	11
65.524065	26
65.544338	16
65.564611	17
65.584884	15
65.605157	12
65.62543	17
65.645703	14
65.665976	20
65.686249	14
65.706522	16
65.726795	24
65.747068	18
65.767341	17
65.787614	8
65.807887	7
65.82816	20
65.848433	32
65.868706	18
65.888979	12
65.909252	21
65.929525	17
65.949798	6
65.970071	15
65.990344	26
66.010617	19
66.03089	24
66.051163	10
66.071436	18
66.091709	12
66.111982	10
66.132255	16
66.152528	7
66.172801	14
66.193074	16
66.213347	27
66.23362	14
66.253893	17
66.274166	11
66.294439	10
66.314712	16
66.334985	20
66.355258	16
66.375531	6
66.395804	15
66.416077	18
66.43635	17
66.456623	14
66.476896	16
66.497169	20
66.517442	22
66.537715	23
66.557988	15
66.578261	12
66.598534	19
66.618807	18
66.63908	18
66.659353	23
66.679626	16
66.699899	10
66.720172	25
66.740445	12
66.760718	19
66.780991	24
66.801264	23
66.821537	15
66.84181	14
66.862083	13
66.882356	17
66.902629	12
66.922902	19
66.943175	9
66.963448	14
66.983721	6
67.003994	10
67.024267	27
67.04454	11
67.064813	17
67.085086	5
67.105359	15
67.125632	19
67.145905	19
67.166178	8
67.186451	13
67.206724	15
67.226997	16
67.24727	10
67.267543	10
67.287816	8
67.308089	19
67.328362	23
67.348635	16
67.368908	9
67.389181	13
67.409454	10
67.429727	14
67.45	5
67.470273	18
67.490546	15
67.510819	5
67.531092	18
67.551365	21
67.571638	12
67.591911	14
67.612184	12
67.632457	13
67.65273	13
67.673003	19
67.693276	8
67.713549	15
67.733822	10
67.754095	11
67.774368	9
67.794641	11
67.814914	19
67.835187	11
67.85546	14
67.875733	8
67.896006	13
67.916279	12
67.936552	5
67.956825	10
67.977098	12
67.997371	5
68.017644	22
68.037917	9
68.05819	19
68.078463	11
68.098736	6
68.119009	17
68.139282	14
68.159555	13
68.179828	10
68.200101	20
68.220374	19
68.240647	16
68.26092	20
68.281193	14
68.301466	19
68.321739	17
68.342012	11
68.362285	15
68.382558	10
68.402831	23
68.423104	9
68.443377	12
68.46365	13
68.483923	7
68.504196	13
68.524469	14
68.544742	8
68.565015	20
68.585288	17
68.605561	13
68.625834	11
68.646107	7
68.66638	19
68.686653	12
68.706926	17
68.727199	17
68.747472	16
68.767745	10
68.788018	18
68.808291	8
68.828564	21
68.848837	13
68.86911	18
68.889383	9
68.909656	22
68.929929	14
68.950202	12
68.970475	24
68.990748	10
69.011021	15
69.031294	19
69.051567	12
69.07184	13
69.092113	13
69.112386	6
69.132659	8
69.152932	7
69.173205	8
69.193478	9
69.213751	20
69.234024	11
69.254297	15
69.27457	11
69.294843	14
69.315116	9
69.335389	8
69.355662	19
69.375935	19
69.396208	17
69.416481	13
69.436754	8
69.457027	14
69.4773	17
69.497573	15
69.517846	14
69.538119	11
69.558392	11
69.578665	5
69.598938	4
69.619211	18
69.639484	11
69.659757	15
69.68003	7
69.700303	9
69.720576	10
69.740849	0
69.761122	6
69.781395	6
69.801668	15
69.821941	17
69.842214	7
69.862487	12
69.88276	11
69.903033	7
69.923306	7
69.943579	9
69.963852	12
69.984125	8
70.004398	7
70.024671	5
70.044944	16
70.065217	13
70.08549	12
70.105763	14
70.126036	20
70.146309	13
70.166582	4
70.186855	11
70.207128	6
70.227401	21
70.247674	9
70.267947	14
70.28822	17
70.308493	12
70.328766	11
70.349039	9
70.369312	13
70.389585	4
70.409858	11
70.430131	15
70.450404	5
70.470677	9
70.49095	11
70.511223	9
70.531496	7
70.551769	6
70.572042	11
70.592315	12
70.612588	9
70.632861	15
70.653134	8
70.673407	8
70.69368	13
70.713953	11
70.734226	7
70.754499	13
70.774772	10
70.795045	11
70.815318	7
70.835591	10
70.855864	5
70.876137	8
70.89641	13
70.916683	11
70.936956	11
70.957229	4
70.977502	8
70.997775	11
71.018048	13
71.038321	10
71.058594	14
71.078867	3
71.09914	2
71.119413	6
71.139686	8
71.159959	8
71.180232	10
71.200505	12
71.220778	13
71.241051	3
71.261324	12
71.281597	5
71.30187	11
71.322143	15
71.342416	5
71.362689	7
71.382962	10
71.403235	16
71.423508	10
71.443781	17
71.464054	7
71.484327	17
71.5046	13
71.524873	5
71.545146	12
71.565419	15
71.585692	8
71.605965	12
71.626238	10
71.646511	20
71.666784	5
71.687057	8
71.70733	7
71.727603	13
71.747876	13
71.768149	12
71.788422	16
71.808695	5
71.828968	11
71.849241	9
71.869514	5
71.889787	5
71.91006	5
71.930333	10
71.950606	11
71.970879	10
71.991152	10
72.011425	11
72.031698	10
72.051971	16
72.072244	11
72.092517	9
72.11279	8
72.133063	11
72.153336	9
72.173609	10
72.193882	20
72.214155	10
72.234428	14
72.254701	13
72.274974	6
72.295247	10
72.31552	9
72.335793	7
72.356066	14
72.376339	4
72.396612	10
72.416885	7
72.437158	11
72.457431	12
72.477704	9
72.497977	15
72.51825	10
72.538523	17
72.558796	13
72.579069	6
72.599342	3
72.619615	15
72.639888	20
72.660161	10
72.680434	15
72.700707	11
72.72098	8
72.741253	10
72.761526	10
72.781799	11
72.802072	18
72.822345	9
72.842618	11
72.862891	12
72.883164	12
72.903437	14
72.92371	13
72.943983	11
72.964256	14
72.984529	9
73.004802	18
73.025075	12
73.045348	13
73.065621	17
73.085894	8
73.106167	12
73.12644	17
73.146713	10
73.166986	16
73.187259	20
73.207532	11
73.227805	14
73.248078	5
73.268351	19
73.288624	14
73.308897	13
73.32917	15
73.349443	18
73.369716	12
73.389989	12
73.410262	9
73.430535	4
73.450808	10
73.471081	7
73.491354	14
73.511627	8
73.5319	24
73.552173	19
73.572446	11
73.592719	17
73.612992	16
73.633265	17
73.653538	13
73.673811	9
73.694084	16
73.714357	13
73.73463	15
73.754903	9
73.775176	13
73.795449	15
73.815722	24
73.835995	17
73.856268	18
73.876541	15
73.896814	25
73.917087	11
73.93736	11
73.957633	19
73.977906	15
73.998179	10
74.018452	13
74.038725	18
74.058998	9
74.079271	17
74.099544	12
74.119817	16
74.14009	18
74.160363	21
74.180636	19
74.200909	22
74.221182	18
74.241455	18
74.261728	20
74.282001	16
74.302274	13
74.322547	13
74.34282	4
74.363093	18
74.383366	18
74.403639	16
74.423912	19
74.444185	11
74.464458	19
74.484731	12
74.505004	9
74.525277	19
74.54555	16
74.565823	14
74.586096	26
74.606369	10
74.626642	18
74.646915	22
74.667188	23
74.687461	17
74.707734	23
74.728007	14
74.74828	8
74.768553	12
74.788826	15
74.809099	23
74.829372	20
74.849645	20
74.869918	25
74.890191	23
74.910464	12
74.930737	15
74.95101	8
74.971283	20
74.991556	13
75.011829	15
75.032102	18
75.052375	26
75.072648	26
75.092921	26
75.113194	18
75.133467	19
75.15374	19
75.174013	22
75.194286	15
75.214559	21
75.234832	20
75.255105	22
75.275378	16
75.295651	8
75.315924	18
75.336197	23
75.35647	22
75.376743	12
75.397016	23
75.417289	21
75.437562	14
75.457835	14
75.478108	26
75.498381	17
75.518654	17
75.538927	27
75.5592	22
75.579473	28
75.599746	16
75.620019	20
75.640292	21
75.660565	24
75.680838	19
75.701111	12
75.721384	19
75.741657	23
75.76193	13
75.782203	17
75.802476	24
75.822749	16
75.843022	20
75.863295	21
75.883568	16
75.903841	17
75.924114	12
75.944387	8
75.96466	21
75.984933	30
76.005206	12
76.025479	13
76.045752	11
76.066025	24
76.086298	10
76.106571	17
76.126844	14
76.147117	18
76.16739	18
76.187663	16
76.207936	8
76.228209	12
76.248482	14
76.268755	16
76.289028	21
76.309301	15
76.329574	17
76.349847	17
76.37012	20
76.390393	19
76.410666	12
76.430939	21
76.451212	13
76.471485	20
76.491758	15
76.512031	18
76.532304	27
76.552577	20
76.57285	15
76.593123	8
76.613396	11
76.633669	12
76.653942	17
76.674215	13
76.694488	20
76.714761	12
76.735034	12
76.755307	15
76.77558	15
76.795853	16
76.816126	17
76.836399	17
76.856672	17
76.876945	20
76.897218	19
76.917491	22
76.937764	23
76.958037	17
76.97831	23
76.998583	20
77.018856	12
77.039129	26
77.059402	21
77.079675	23
77.099948	17
77.120221	17
77.140494	20
77.160767	23
77.18104	23
77.201313	19
77.221586	12
77.241859	26
77.262132	28
77.282405	16
77.302678	14
77.322951	11
77.343224	22
77.363497	16
77.38377	16
77.404043	16
77.424316	13
77.444589	20
77.464862	14
77.485135	18
77.505408	19
77.525681	11
77.545954	18
77.566227	17
77.5865	16
77.606773	19
77.627046	17
77.647319	22
77.667592	10
77.687865	11
77.708138	16
77.728411	29
77.748684	25
77.768957	13
77.78923	18
77.809503	24
77.829776	26
77.850049	20
77.870322	20
77.890595	13
77.910868	22
77.931141	19
77.951414	25
77.971687	14
77.99196	21
78.012233	21
78.032506	13
78.052779	21
78.073052	23
78.093325	17
78.113598	21
78.133871	16
78.154144	16
78.174417	16
78.19469	17
78.214963	17
78.235236	13
78.255509	18
78.275782	14
78.296055	22
78.316328	13
78.336601	19
78.356874	13
78.377147	12
78.39742	8
78.417693	13
78.437966	19
78.458239	25
78.478512	17
78.498785	17
78.519058	17
78.539331	14
78.559604	20
78.579877	11
78.60015	16
78.620423	21
78.640696	17
78.660969	15
78.681242	14
78.701515	24
78.721788	16
78.742061	12
78.762334	15
78.782607	4
78.80288	16
78.823153	20
78.843426	16
78.863699	21
78.883972	17
78.904245	12
78.924518	24
78.944791	7
78.965064	15
78.985337	12
79.00561	25
79.025883	26
79.046156	7
79.066429	13
79.086702	18
79.106975	10
79.127248	21
79.147521	20
79.167794	16
79.188067	25
79.20834	16
79.228613	10
79.248886	20
79.269159	19
79.289432	13
79.309705	18
79.329978	26
79.350251	20
79.370524	19
79.390797	13
79.41107	29
79.431343	22
79.451616	25
79.471889	14
79.492162	19
79.512435	25
79.532708	16
79.552981	15
79.573254	20
79.593527	23
79.6138	10
79.634073	21
79.654346	22
79.674619	17
79.694892	14
79.715165	14
79.735438	25
79.755711	20
79.775984	15
79.796257	16
79.81653	19
79.836803	19
79.857076	20
79.877349	16
79.897622	22
79.917895	27
79.938168	19
79.958441	21
79.978714	12
79.998987	11
80.01926	22
