10.097683	2
10.117956	0
10.138229	6
10.158502	-5
10.178775	9
10.199048	21
10.219321	2
10.239594	11
10.259867	8
10.28014	7
10.300413	11
10.320686	2
10.340959	10
10.361232	8
10.381505	6
10.401778	0
10.422051	10
10.442324	1
10.462597	5
10.48287	4
10.503143	23
10.523416	7
10.543689	9
10.563962	14
10.584235	0
10.604508	8
10.624781	4
10.645054	11
10.665327	8
10.6856	6
10.705873	-5
10.726146	10
10.746419	8
10.766692	2
10.786965	3
10.807238	8
10.827511	15
10.847784	3
10.868057	8
10.88833	8
10.908603	1
10.928876	1
10.949149	7
10.969422	6
10.989695	5
11.009968	11
11.030241	2
11.050514	-3
11.070787	5
11.09106	-4
11.111333	1
11.131606	-7
11.151879	4
11.172152	0
11.192425	5
11.212698	6
11.232971	2
11.253244	22
11.273517	9
11.29379	5
11.314063	2
11.334336	7
11.354609	3
11.374882	8
11.395155	0
11.415428	2
11.435701	7
11.455974	13
11.476247	13
11.49652	6
11.516793	23
11.537066	8
11.557339	10
11.577612	0
11.597885	5
11.618158	5
11.638431	-4
11.658704	6
11.678977	3
11.69925	20
11.719523	12
11.739796	-7
11.760069	-5
11.780342	-3
11.800615	3
11.820888	5
11.841161	-2
11.861434	8
11.881707	8
11.90198	10
11.922253	1
11.942526	-2
11.962799	6
11.983072	-2
12.003345	-1
12.023618	2
12.043891	5
12.064164	-1
12.084437	0
12.10471	-3
12.124983	6
12.145256	7
12.165529	5
12.185802	6
12.206075	3
12.226348	2
12.246621	0
12.266894	17
12.287167	-2
12.30744	10
12.327713	-1
12.347986	9
12.368259	12
12.388532	23
12.408805	5
12.429078	3
12.449351	-4
12.469624	7
12.489897	10
12.51017	-3
12.530443	15
12.550716	15
12.570989	3
12.591262	3
12.611535	10
12.631808	4
12.652081	5
12.672354	12
12.692627	2
12.7129	2
12.733173	4
12.753446	-8
12.773719	3
12.793992	12
12.814265	17
12.834538	0
12.854811	2
12.875084	4
12.895357	3
12.91563	0
12.935903	14
12.956176	14
12.976449	-2
12.996722	12
13.016995	3
13.037268	2
13.057541	3
13.077814	8
13.098087	15
13.11836	5
13.138633	3
13.158906	0
13.179179	2
13.199452	11
13.219725	11
13.239998	9
13.260271	1
13.280544	15
13.300817	9
13.32109	10
13.341363	0
13.361636	8
13.381909	0
13.402182	6
13.422455	11
13.442728	7
13.463001	12
13.483274	7
13.503547	0
13.52382	14
13.544093	1
13.564366	-11
13.584639	17
13.604912	17
13.625185	9
13.645458	6
13.665731	9
13.686004	9
13.706277	8
13.72655	5
13.746823	-1
13.767096	0
13.787369	3
13.807642	9
13.827915	5
13.848188	5
13.868461	7
13.888734	17
13.909007	3
13.92928	8
13.949553	8
13.969826	2
13.990099	16
14.010372	4
14.030645	9
14.050918	10
14.071191	15
14.091464	-5
14.111737	12
14.13201	14
14.152283	5
14.172556	-1
14.192829	9
14.213102	9
14.233375	11
14.253648	19
14.273921	13
14.294194	12
14.314467	0
14.33474	13
14.355013	5
14.375286	8
14.395559	17
14.415832	8
14.436105	0
14.456378	1
14.476651	-6
14.496924	8
14.517197	4
14.53747	10
14.557743	0
14.578016	11
14.598289	11
14.618562	9
14.638835	9
14.659108	6
14.679381	4
14.699654	7
14.719927	2
14.7402	7
14.760473	-2
14.780746	18
14.801019	10
14.821292	13
14.841565	3
14.861838	12
14.882111	15
14.902384	15
14.922657	10
14.94293	-3
14.963203	2
14.983476	14
15.003749	14
15.024022	10
15.044295	7
15.064568	15
15.084841	1
15.105114	5
15.125387	1
15.14566	9
15.165933	8
15.186206	2
15.206479	-1
15.226752	5
15.247025	4
15.267298	8
15.287571	9
15.307844	-2
15.328117	6
15.34839	-2
15.368663	0
15.388936	-13
15.409209	6
15.429482	7
15.449755	-2
15.470028	-9
15.490301	12
15.510574	11
15.530847	11
15.55112	10
15.571393	-1
15.591666	11
15.611939	-1
15.632212	9
15.652485	-1
15.672758	14
15.693031	13
15.713304	21
15.733577	-4
15.75385	3
15.774123	6
15.794396	7
15.814669	-1
15.834942	7
15.855215	1
15.875488	1
15.895761	2
15.916034	6
15.936307	8
15.95658	4
15.976853	6
15.997126	3
16.017399	-4
16.037672	-6
16.057945	-2
16.078218	8
16.098491	2
16.118764	-1
16.139037	-4
16.15931	-10
16.179583	3
16.199856	14
16.220129	2
16.240402	0
16.260675	2
16.280948	12
16.301221	0
16.321494	5
16.341767	-9
16.36204	0
16.382313	-2
16.402586	-1
16.422859	-7
16.443132	3
16.463405	-6
16.483678	11
16.503951	2
16.524224	0
16.544497	8
16.56477	8
16.585043	-2
16.605316	12
16.625589	-4
16.645862	2
16.666135	-9
16.686408	7
16.706681	6
16.726954	0
16.747227	9
16.7675	-8
16.787773	6
16.808046	9
16.828319	-9
16.848592	3
16.868865	4
16.889138	-8
16.909411	-2
16.929684	-7
16.949957	5
16.97023	3
16.990503	-2
17.010776	3
17.031049	-2
17.051322	7
17.071595	0
17.091868	-13
17.112141	-1
17.132414	16
17.152687	-4
17.17296	17
17.193233	-6
17.213506	2
17.233779	-2
17.254052	7
17.274325	-4
17.294598	3
17.314871	11
17.335144	4
17.355417	4
17.37569	12
17.395963	-7
17.416236	-13
17.436509	-2
17.456782	-3
17.477055	3
17.497328	0
17.517601	-10
17.537874	-2
17.558147	-15
17.57842	-9
17.598693	9
17.618966	-11
17.639239	1
17.659512	1
17.679785	1
17.700058	-5
17.720331	-6
17.740604	-6
17.760877	0
17.78115	-6
17.801423	-6
17.821696	8
17.841969	9
17.862242	-3
17.882515	0
17.902788	6
17.923061	2
17.943334	9
17.963607	4
17.98388	-6
18.004153	4
18.024426	0
18.044699	0
18.064972	5
18.085245	-1
18.105518	-10
18.125791	-3
18.146064	2
18.166337	-3
18.18661	-10
18.206883	-5
18.227156	6
18.247429	-13
18.267702	-6
18.287975	-5
18.308248	17
18.328521	10
18.348794	14
18.369067	7
18.38934	-4
18.409613	7
18.429886	1
18.450159	5
18.470432	10
18.490705	-1
18.510978	-13
18.531251	-3
18.551524	16
18.571797	-4
18.59207	4
18.612343	-3
18.632616	-11
18.652889	9
18.673162	-3
18.693435	17
18.713708	7
18.733981	8
18.754254	-8
18.774527	4
18.7948	-13
18.815073	-6
18.835346	4
18.855619	-6
18.875892	2
18.896165	-2
18.916438	3
18.936711	1
18.956984	4
18.977257	-9
18.99753	-4
19.017803	-3
19.038076	-3
19.058349	-8
19.078622	1
19.098895	5
19.119168	5
19.139441	12
19.159714	-7
19.179987	4
19.20026	15
19.220533	-4
19.240806	6
19.261079	7
19.281352	-5
19.301625	0
19.321898	-3
19.342171	21
19.362444	6
19.382717	-2
19.40299	-3
19.423263	1
19.443536	4
19.463809	-5
19.484082	-5
19.504355	1
19.524628	9
19.544901	-1
19.565174	17
19.585447	1
19.60572	-8
19.625993	-2
19.646266	3
19.666539	-3
19.686812	-4
19.707085	-3
19.727358	11
19.747631	1
19.767904	-3
19.788177	-4
19.80845	2
19.828723	-5
19.848996	-7
19.869269	4
19.889542	1
19.909815	7
19.930088	-3
19.950361	-7
19.970634	5
19.990907	6
20.01118	0
20.031453	2
20.051726	11
20.071999	0
20.092272	-7
20.112545	9
20.132818	-8
20.153091	4
20.173364	-3
20.193637	11
20.21391	-2
20.234183	-3
20.254456	-8
20.274729	-10
20.295002	-10
20.315275	2
20.335548	1
20.355821	-1
20.376094	13
20.396367	-1
20.41664	18
20.436913	1
20.457186	-9
20.477459	2
20.497732	1
20.518005	-1
20.538278	4
20.558551	0
20.578824	7
20.599097	4
20.61937	8
20.639643	17
20.659916	1
20.680189	11
20.700462	22
20.720735	2
20.741008	1
20.761281	19
20.781554	-8
20.801827	6
20.8221	0
20.842373	-3
20.862646	10
20.882919	0
20.903192	-3
20.923465	21
20.943738	-2
20.964011	14
20.984284	0
21.004557	5
21.02483	7
21.045103	3
21.065376	4
21.085649	16
21.105922	3
21.126195	-3
21.146468	-6
21.166741	2
21.187014	13
21.207287	-7
21.22756	0
21.247833	2
21.268106	-2
21.288379	16
21.308652	-8
21.328925	5
21.349198	-1
21.369471	11
21.389744	6
21.410017	13
21.43029	2
21.450563	5
21.470836	5
21.491109	19
21.511382	-8
21.531655	6
21.551928	7
21.572201	-1
21.592474	-12
21.612747	12
21.63302	-5
21.653293	7
21.673566	1
21.693839	-7
21.714112	4
21.734385	7
21.754658	8
21.774931	1
21.795204	-7
21.815477	10
21.83575	3
21.856023	-5
21.876296	8
21.896569	11
21.916842	8
21.937115	1
21.957388	8
21.977661	18
21.997934	11
22.018207	13
22.03848	6
22.058753	0
22.079026	15
22.099299	4
22.119572	1
22.139845	-9
22.160118	5
22.180391	7
22.200664	-1
22.220937	13
22.24121	-3
22.261483	7
22.281756	-2
22.302029	-10
22.322302	10
22.342575	10
22.362848	-11
22.383121	8
22.403394	1
22.423667	8
22.44394	20
22.464213	2
22.484486	5
22.504759	-6
22.525032	-3
22.545305	-2
22.565578	5
22.585851	6
22.606124	10
22.626397	-3
22.64667	-4
22.666943	8
22.687216	-1
22.707489	-8
22.727762	-2
22.748035	3
22.768308	1
22.788581	-12
22.808854	2
22.829127	9
22.8494	-3
22.869673	1
22.889946	3
22.910219	8
22.930492	-2
22.950765	8
22.971038	-5
22.991311	8
23.011584	9
23.031857	9
23.05213	2
23.072403	-9
23.092676	-7
23.112949	12
23.133222	-8
23.153495	-10
23.173768	16
23.194041	1
23.214314	-2
23.234587	7
23.25486	-4
23.275133	12
23.295406	-6
23.315679	-7
23.335952	0
23.356225	16
23.376498	13
23.396771	17
23.417044	10
23.437317	5
23.45759	3
23.477863	15
23.498136	-1
23.518409	2
23.538682	-1
23.558955	-2
23.579228	1
23.599501	-3
23.619774	21
23.640047	9
23.66032	9
23.680593	7
23.700866	6
23.721139	2
23.741412	-1
23.761685	-1
23.781958	19
23.802231	9
23.822504	6
23.842777	1
23.86305	16
23.883323	2
23.903596	17
23.923869	8
23.944142	12
23.964415	2
23.984688	7
24.004961	5
24.025234	10
24.045507	2
24.06578	4
24.086053	6
24.106326	10
24.126599	1
24.146872	20
24.167145	5
24.187418	11
24.207691	14
24.227964	12
24.248237	0
24.26851	-7
24.288783	11
24.309056	-1
24.329329	-2
24.349602	5
24.369875	-3
24.390148	6
24.410421	0
24.430694	15
24.450967	13
24.47124	1
24.491513	2
24.511786	13
24.532059	6
24.552332	4
24.572605	14
24.592878	14
24.613151	5
24.633424	-4
24.653697	9
24.67397	22
24.694243	13
24.714516	24
24.734789	1
24.755062	12
24.775335	-5
24.795608	4
24.815881	10
24.836154	-4
24.856427	7
24.8767	5
24.896973	0
24.917246	14
24.937519	-2
24.957792	-10
24.978065	7
24.998338	5
25.018611	3
25.038884	16
25.059157	1
25.07943	9
25.099703	10
25.119976	8
25.140249	11
25.160522	14
25.180795	7
25.201068	-3
25.221341	15
25.241614	13
25.261887	16
25.28216	13
25.302433	25
25.322706	15
25.342979	18
25.363252	17
25.383525	9
25.403798	9
25.424071	9
25.444344	18
25.464617	17
25.48489	17
25.505163	6
25.525436	3
25.545709	11
25.565982	-8
25.586255	1
25.606528	-10
25.626801	18
25.647074	2
25.667347	12
25.68762	9
25.707893	24
25.728166	19
25.748439	15
25.768712	6
25.788985	3
25.809258	7
25.829531	7
25.849804	0
25.870077	3
25.89035	0
25.910623	6
25.930896	6
25.951169	2
25.971442	9
25.991715	-2
26.011988	-1
26.032261	7
26.052534	-2
26.072807	4
26.09308	5
26.113353	-3
26.133626	3
26.153899	-14
26.174172	7
26.194445	11
26.214718	6
26.234991	4
26.255264	1
26.275537	2
26.29581	10
26.316083	-1
26.336356	1
26.356629	12
26.376902	12
26.397175	7
26.417448	4
26.437721	12
26.457994	10
26.478267	18
26.49854	8
26.518813	-7
26.539086	21
26.559359	-9
26.579632	17
26.599905	-4
26.620178	-4
26.640451	11
26.660724	-1
26.680997	-5
26.70127	4
26.721543	11
26.741816	7
26.762089	9
26.782362	8
26.802635	14
26.822908	0
26.843181	-3
26.863454	-4
26.883727	14
26.904	17
26.924273	3
26.944546	-14
26.964819	0
26.985092	10
27.005365	10
27.025638	11
27.045911	14
27.066184	-4
27.086457	6
27.10673	-2
27.127003	9
27.147276	-1
27.167549	11
27.187822	15
27.208095	15
27.228368	1
27.248641	5
27.268914	4
27.289187	10
27.30946	9
27.329733	13
27.350006	2
27.370279	4
27.390552	20
27.410825	5
27.431098	5
27.451371	-10
27.471644	16
27.491917	15
27.51219	4
27.532463	6
27.552736	1
27.573009	20
27.593282	-6
27.613555	11
27.633828	3
27.654101	-4
27.674374	-1
27.694647	1
27.71492	8
27.735193	22
27.755466	15
27.775739	7
27.796012	17
27.816285	9
27.836558	1
27.856831	12
27.877104	17
27.897377	12
27.91765	-3
27.937923	7
27.958196	12
27.978469	6
27.998742	5
28.019015	-6
28.039288	3
28.059561	10
28.079834	11
28.100107	9
28.12038	0
28.140653	10
28.160926	16
28.181199	0
28.201472	7
28.221745	-1
28.242018	4
28.262291	4
28.282564	15
28.302837	15
28.32311	6
28.343383	9
28.363656	8
28.383929	-7
28.404202	12
28.424475	12
28.444748	6
28.465021	24
28.485294	16
28.505567	21
28.52584	23
28.546113	14
28.566386	11
28.586659	4
28.606932	12
28.627205	4
28.647478	5
28.667751	17
28.688024	-2
28.708297	10
28.72857	8
28.748843	13
28.769116	9
28.789389	9
28.809662	22
28.829935	17
28.850208	17
28.870481	21
28.890754	3
28.911027	19
28.9313	7
28.951573	23
28.971846	15
28.992119	-6
29.012392	13
29.032665	12
29.052938	17
29.073211	14
29.093484	16
29.113757	-6
29.13403	17
29.154303	8
29.174576	-3
29.194849	1
29.215122	-2
29.235395	8
29.255668	2
29.275941	2
29.296214	11
29.316487	15
29.33676	5
29.357033	16
29.377306	3
29.397579	0
29.417852	17
29.438125	10
29.458398	7
29.478671	5
29.498944	11
29.519217	3
29.53949	2
29.559763	-7
29.580036	15
29.600309	5
29.620582	13
29.640855	14
29.661128	22
29.681401	7
29.701674	4
29.721947	-8
29.74222	6
29.762493	6
29.782766	0
29.803039	-10
29.823312	13
29.843585	0
29.863858	6
29.884131	14
29.904404	5
29.924677	-2
29.94495	11
29.965223	6
29.985496	8
30.005769	21
30.026042	14
30.046315	6
30.066588	13
30.086861	-4
30.107134	0
30.127407	0
30.14768	-1
30.167953	7
30.188226	-9
30.208499	11
30.228772	5
30.249045	8
30.269318	3
30.289591	5
30.309864	16
30.330137	0
30.35041	4
30.370683	18
30.390956	2
30.411229	4
30.431502	-9
30.451775	11
30.472048	0
30.492321	5
30.512594	8
30.532867	-8
30.55314	-7
30.573413	-8
30.593686	-9
30.613959	2
30.634232	17
30.654505	7
30.674778	5
30.695051	7
30.715324	4
30.735597	4
30.75587	19
30.776143	13
30.796416	22
30.816689	14
30.836962	6
30.857235	24
30.877508	17
30.897781	14
30.918054	18
30.938327	12
30.9586	1
30.978873	14
30.999146	4
31.019419	3
31.039692	9
31.059965	-2
31.080238	-5
31.100511	2
31.120784	-10
31.141057	2
31.16133	-2
31.181603	14
31.201876	1
31.222149	7
31.242422	-1
31.262695	11
31.282968	-1
31.303241	1
31.323514	-6
31.343787	-10
31.36406	-9
31.384333	18
31.404606	12
31.424879	11
31.445152	0
31.465425	-7
31.485698	8
31.505971	23
31.526244	-3
31.546517	5
31.56679	3
31.587063	9
31.607336	6
31.627609	4
31.647882	14
31.668155	1
31.688428	8
31.708701	3
31.728974	-7
31.749247	3
31.76952	13
31.789793	9
31.810066	5
31.830339	6
31.850612	1
31.870885	7
31.891158	4
31.911431	10
31.931704	0
31.951977	3
31.97225	10
31.992523	9
32.012796	2
32.033069	2
32.053342	-6
32.073615	2
32.093888	0
32.114161	5
32.134434	19
32.154707	9
32.17498	7
32.195253	8
32.215526	13
32.235799	1
32.256072	7
32.276345	4
32.296618	0
32.316891	2
32.337164	-4
32.357437	11
32.37771	-2
32.397983	4
32.418256	5
32.438529	1
32.458802	-12
32.479075	12
32.499348	1
32.519621	9
32.539894	1
32.560167	9
32.58044	13
32.600713	-4
32.620986	9
32.641259	4
32.661532	13
32.681805	-1
32.702078	0
32.722351	2
32.742624	6
32.762897	8
32.78317	3
32.803443	10
32.823716	11
32.843989	-3
32.864262	-5
32.884535	11
32.904808	8
32.925081	13
32.945354	4
32.965627	15
32.9859	4
33.006173	13
33.026446	10
33.046719	5
33.066992	5
33.087265	3
33.107538	3
33.127811	7
33.148084	-3
33.168357	-4
33.18863	10
33.208903	1
33.229176	13
33.249449	2
33.269722	1
33.289995	8
33.310268	13
33.330541	2
33.350814	10
33.371087	13
33.39136	7
33.411633	20
33.431906	16
33.452179	7
33.472452	-4
33.492725	6
33.512998	14
33.533271	8
33.553544	0
33.573817	-2
33.59409	-1
33.614363	14
33.634636	7
33.654909	-5
33.675182	9
33.695455	5
33.715728	11
33.736001	15
33.756274	24
33.776547	6
33.79682	3
33.817093	4
33.837366	6
33.857639	7
33.877912	0
33.898185	14
33.918458	-1
33.938731	12
33.959004	6
33.979277	10
33.99955	-6
34.019823	13
34.040096	2
34.060369	12
34.080642	15
34.100915	8
34.121188	10
34.141461	14
34.161734	5
34.182007	13
34.20228	4
34.222553	10
34.242826	-2
34.263099	8
34.283372	13
34.303645	8
34.323918	11
34.344191	0
34.364464	-1
34.384737	7
34.40501	6
34.425283	10
34.445556	-4
34.465829	13
34.486102	12
34.506375	12
34.526648	12
34.546921	1
34.567194	17
34.587467	11
34.60774	14
34.628013	10
34.648286	11
34.668559	-1
34.688832	8
34.709105	-4
34.729378	2
34.749651	22
34.769924	10
34.790197	2
34.81047	22
34.830743	7
34.851016	12
34.871289	12
34.891562	-3
34.911835	13
34.932108	9
34.952381	10
34.972654	6
34.992927	7
35.0132	6
35.033473	1
35.053746	1
35.074019	2
35.094292	5
35.114565	-4
35.134838	8
35.155111	2
35.175384	-8
35.195657	1
35.21593	0
35.236203	5
35.256476	3
35.276749	6
35.297022	4
35.317295	13
35.337568	0
35.357841	2
35.378114	-7
35.398387	-1
35.41866	7
35.438933	-4
35.459206	-1
35.479479	14
35.499752	6
35.520025	-4
35.540298	6
35.560571	11
35.580844	1
35.601117	-2
35.62139	7
35.641663	4
35.661936	3
35.682209	15
35.702482	0
35.722755	20
35.743028	-2
35.763301	-6
35.783574	6
35.803847	10
35.82412	12
35.844393	7
35.864666	2
35.884939	-3
35.905212	4
35.925485	7
35.945758	1
35.966031	-3
35.986304	-2
36.006577	0
36.02685	18
36.047123	6
36.067396	-1
36.087669	2
36.107942	4
36.128215	-5
36.148488	-4
36.168761	17
36.189034	11
36.209307	-1
36.22958	13
36.249853	17
36.270126	15
36.290399	21
36.310672	15
36.330945	13
36.351218	7
36.371491	4
36.391764	8
36.412037	1
36.43231	3
36.452583	-2
36.472856	6
36.493129	8
36.513402	-2
36.533675	12
36.553948	0
36.574221	3
36.594494	7
36.614767	17
36.63504	6
36.655313	7
36.675586	9
36.695859	1
36.716132	-1
36.736405	-2
36.756678	16
36.776951	2
36.797224	-5
36.817497	-5
36.83777	1
36.858043	10
36.878316	0
36.898589	9
36.918862	0
36.939135	-3
36.959408	4
36.979681	11
36.999954	4
37.020227	3
37.0405	5
37.060773	12
37.081046	-3
37.101319	-2
37.121592	10
37.141865	8
37.162138	0
37.182411	6
37.202684	-4
37.222957	11
37.24323	8
37.263503	8
37.283776	3
37.304049	8
37.324322	4
37.344595	-2
37.364868	-2
37.385141	0
37.405414	9
37.425687	-2
37.44596	4
37.466233	3
37.486506	10
37.506779	7
37.527052	-3
37.547325	7
37.567598	11
37.587871	6
37.608144	11
37.628417	5
37.64869	4
37.668963	0
37.689236	3
37.709509	2
37.729782	3
37.750055	8
37.770328	1
37.790601	-3
37.810874	4
37.831147	6
37.85142	15
37.871693	0
37.891966	-2
37.912239	9
37.932512	6
37.952785	-1
37.973058	6
37.993331	5
38.013604	11
38.033877	7
38.05415	20
38.074423	7
38.094696	12
38.114969	13
38.135242	-3
38.155515	12
38.175788	8
38.196061	3
38.216334	6
38.236607	15
38.25688	-5
38.277153	-1
38.297426	20
38.317699	4
38.337972	-1
38.358245	0
38.378518	2
38.398791	10
38.419064	13
38.439337	0
38.45961	-2
38.479883	0
38.500156	-1
38.520429	4
38.540702	0
38.560975	10
38.581248	13
38.601521	6
38.621794	-3
38.642067	2
38.66234	-7
38.682613	5
38.702886	3
38.723159	8
38.743432	5
38.763705	1
38.783978	-5
38.804251	3
38.824524	3
38.844797	-3
38.86507	16
38.885343	6
38.905616	1
38.925889	-1
38.946162	-4
38.966435	-1
38.986708	4
39.006981	-1
39.027254	6
39.047527	1
39.0678	5
39.088073	10
39.108346	16
39.128619	4
39.148892	-7
39.169165	-1
39.189438	6
39.209711	3
39.229984	0
39.250257	5
39.27053	11
39.290803	5
39.311076	-6
39.331349	2
39.351622	3
39.371895	-5
39.392168	3
39.412441	10
39.432714	10
39.452987	2
39.47326	-8
39.493533	-2
39.513806	-4
39.534079	0
39.554352	5
39.574625	-3
39.594898	2
39.615171	3
39.635444	-2
39.655717	-4
39.67599	-5
39.696263	-6
39.716536	-1
39.736809	4
39.757082	-2
39.777355	6
39.797628	-2
39.817901	0
39.838174	5
39.858447	-8
39.87872	1
39.898993	-8
39.919266	4
39.939539	8
39.959812	5
39.980085	2
40.000358	-1
40.020631	6
40.040904	10
40.061177	12
40.08145	11
40.101723	2
40.121996	10
40.142269	6
40.162542	4
40.182815	7
40.203088	3
40.223361	3
40.243634	11
40.263907	-1
40.28418	12
40.304453	0
40.324726	0
40.344999	6
40.365272	11
40.385545	-2
40.405818	7
40.426091	10
40.446364	0
40.466637	5
40.48691	-3
40.507183	7
40.527456	3
40.547729	3
40.568002	8
40.588275	7
40.608548	-2
40.628821	-3
40.649094	-2
40.669367	-4
40.68964	11
40.709913	6
40.730186	11
40.750459	2
40.770732	4
40.791005	13
40.811278	-1
40.831551	11
40.851824	9
40.872097	7
40.89237	9
40.912643	11
40.932916	9
40.953189	-3
40.973462	3
40.993735	10
41.014008	10
41.034281	10
41.054554	5
41.074827	6
41.0951	11
41.115373	7
41.135646	2
41.155919	3
41.176192	0
41.196465	2
41.216738	4
41.237011	4
41.257284	1
41.277557	6
41.29783	-2
41.318103	9
41.338376	1
41.358649	1
41.378922	10
41.399195	-6
41.419468	9
41.439741	-10
41.460014	0
41.480287	11
41.50056	0
41.520833	-1
41.541106	4
41.561379	-7
41.581652	4
41.601925	4
41.622198	0
41.642471	-6
41.662744	4
41.683017	-1
41.70329	7
41.723563	4
41.743836	-2
41.764109	2
41.784382	-1
41.804655	-5
41.824928	-3
41.845201	1
41.865474	-2
41.885747	-9
41.90602	-2
41.926293	-1
41.946566	-5
41.966839	6
41.987112	0
42.007385	0
42.027658	4
42.047931	-3
42.068204	4
42.088477	3
42.10875	6
42.129023	3
42.149296	1
42.169569	4
42.189842	9
42.210115	1
42.230388	-2
42.250661	6
42.270934	8
42.291207	12
42.31148	0
42.331753	-6
42.352026	7
42.372299	20
42.392572	5
42.412845	3
42.433118	9
42.453391	4
42.473664	-5
42.493937	5
42.51421	-2
42.534483	3
42.554756	5
42.575029	11
42.595302	3
42.615575	14
42.635848	13
42.656121	10
42.676394	1
42.696667	9
42.71694	5
42.737213	2
42.757486	11
42.777759	1
42.798032	-6
42.818305	3
42.838578	2
42.858851	2
42.879124	-2
42.899397	3
42.91967	-4
42.939943	4
42.960216	7
42.980489	4
43.000762	8
43.021035	7
43.041308	10
43.061581	3
43.081854	11
43.102127	7
43.1224	3
43.142673	3
43.162946	14
43.183219	0
43.203492	-9
43.223765	4
43.244038	-9
43.264311	3
43.284584	-4
43.304857	4
43.32513	4
43.345403	5
43.365676	4
43.385949	7
43.406222	1
43.426495	4
43.446768	11
43.467041	5
43.487314	-3
43.507587	3
43.52786	6
43.548133	3
43.568406	-4
43.588679	3
43.608952	3
43.629225	6
43.649498	14
43.669771	-5
43.690044	4
43.710317	4
43.73059	2
43.750863	1
43.771136	3
43.791409	6
43.811682	5
43.831955	5
43.852228	-3
43.872501	-3
43.892774	-2
43.913047	-1
43.93332	-3
43.953593	-5
43.973866	2
43.994139	7
44.014412	5
44.034685	2
44.054958	0
44.075231	1
44.095504	0
44.115777	5
44.13605	3
44.156323	0
44.176596	2
44.196869	4
44.217142	-3
44.237415	3
44.257688	5
44.277961	7
44.298234	9
44.318507	5
44.33878	8
44.359053	5
44.379326	2
44.399599	0
44.419872	8
44.440145	5
44.460418	8
44.480691	-1
44.500964	3
44.521237	8
44.54151	11
44.561783	12
44.582056	2
44.602329	1
44.622602	1
44.642875	1
44.663148	5
44.683421	8
44.703694	-3
44.723967	10
44.74424	1
44.764513	0
44.784786	4
44.805059	-3
44.825332	1
44.845605	0
44.865878	-4
44.886151	-5
44.906424	6
44.926697	3
44.94697	5
44.967243	1
44.987516	12
45.007789	14
45.028062	2
45.048335	6
45.068608	10
45.088881	9
45.109154	16
45.129427	10
45.1497	13
45.169973	13
45.190246	-1
45.210519	6
45.230792	2
45.251065	9
45.271338	13
45.291611	3
45.311884	7
45.332157	6
45.35243	10
45.372703	1
45.392976	3
45.413249	12
45.433522	14
45.453795	9
45.474068	13
45.494341	3
45.514614	4
45.534887	-3
45.55516	3
45.575433	7
45.595706	3
45.615979	1
45.636252	4
45.656525	3
45.676798	-4
45.697071	5
45.717344	3
45.737617	2
45.75789	13
45.778163	8
45.798436	11
45.818709	4
45.838982	0
45.859255	1
45.879528	-1
45.899801	6
45.920074	11
45.940347	12
45.96062	4
45.980893	8
46.001166	10
46.021439	6
46.041712	6
46.061985	8
46.082258	12
46.102531	18
46.122804	15
46.143077	14
46.16335	-3
46.183623	2
46.203896	9
46.224169	6
46.244442	12
46.264715	3
46.284988	6
46.305261	-2
46.325534	1
46.345807	8
46.36608	3
46.386353	7
46.406626	-5
46.426899	5
46.447172	-2
46.467445	1
46.487718	11
46.507991	3
46.528264	2
46.548537	6
46.56881	8
46.589083	9
46.609356	0
46.629629	9
46.649902	-3
46.670175	6
46.690448	5
46.710721	10
46.730994	2
46.751267	-6
46.77154	-3
46.791813	2
46.812086	14
46.832359	-1
46.852632	-1
46.872905	15
46.893178	0
46.913451	4
46.933724	5
46.953997	-2
46.97427	0
46.994543	6
47.014816	0
47.035089	4
47.055362	3
47.075635	-1
47.095908	7
47.116181	2
47.136454	3
47.156727	4
47.177	5
47.197273	3
47.217546	5
47.237819	-2
47.258092	2
47.278365	-1
47.298638	4
47.318911	-6
47.339184	13
47.359457	0
47.37973	10
47.400003	-9
47.420276	0
47.440549	7
47.460822	1
47.481095	-5
47.501368	5
47.521641	-1
47.541914	6
47.562187	8
47.58246	6
47.602733	3
47.623006	1
47.643279	-2
47.663552	3
47.683825	4
47.704098	6
47.724371	7
47.744644	11
47.764917	-5
47.78519	5
47.805463	3
47.825736	2
47.846009	3
47.866282	-2
47.886555	1
47.906828	-2
47.927101	0
47.947374	7
47.967647	13
47.98792	6
48.008193	12
48.028466	9
48.048739	10
48.069012	5
48.089285	5
48.109558	4
48.129831	4
48.150104	6
48.170377	13
48.19065	6
48.210923	15
48.231196	12
48.251469	11
48.271742	10
48.292015	10
48.312288	9
48.332561	12
48.352834	10
48.373107	3
48.39338	1
48.413653	4
48.433926	14
48.454199	-2
48.474472	3
48.494745	-4
48.515018	9
48.535291	4
48.555564	-2
48.575837	0
48.59611	-5
48.616383	4
48.636656	-2
48.656929	7
48.677202	6
48.697475	1
48.717748	14
48.738021	-3
48.758294	7
48.778567	3
48.79884	1
48.819113	17
48.839386	1
48.859659	2
48.879932	10
48.900205	11
48.920478	3
48.940751	0
48.961024	5
48.981297	2
49.00157	4
49.021843	4
49.042116	1
49.062389	4
49.082662	15
49.102935	9
49.123208	2
49.143481	2
49.163754	-3
49.184027	5
49.2043	3
49.224573	7
49.244846	6
49.265119	9
49.285392	-3
49.305665	12
49.325938	-1
49.346211	5
49.366484	-2
49.386757	8
49.40703	6
49.427303	-1
49.447576	6
49.467849	2
49.488122	12
49.508395	4
49.528668	8
49.548941	-3
49.569214	7
49.589487	2
49.60976	1
49.630033	2
49.650306	3
49.670579	5
49.690852	2
49.711125	-2
49.731398	0
49.751671	5
49.771944	7
49.792217	6
49.81249	2
49.832763	6
49.853036	1
49.873309	4
49.893582	2
49.913855	-2
49.934128	3
49.954401	6
49.974674	2
49.994947	7
50.01522	5
50.035493	3
50.055766	2
50.076039	10
50.096312	2
50.116585	3
50.136858	0
50.157131	-2
50.177404	4
50.197677	1
50.21795	1
50.238223	10
50.258496	6
50.278769	1
50.299042	4
50.319315	-2
50.339588	3
50.359861	6
50.380134	4
50.400407	6
50.42068	0
50.440953	9
50.461226	0
50.481499	3
50.501772	8
50.522045	12
50.542318	-3
50.562591	3
50.582864	-1
50.603137	16
50.62341	1
50.643683	3
50.663956	3
50.684229	6
50.704502	4
50.724775	-5
50.745048	6
50.765321	0
50.785594	4
50.805867	-1
50.82614	2
50.846413	17
50.866686	-11
50.886959	3
50.907232	-3
50.927505	11
50.947778	-1
50.968051	7
50.988324	2
51.008597	1
51.02887	1
51.049143	9
51.069416	8
51.089689	7
51.109962	2
51.130235	-4
51.150508	4
51.170781	3
51.191054	12
51.211327	9
51.2316	11
51.251873	8
51.272146	8
51.292419	3
51.312692	5
51.332965	-8
51.353238	6
51.373511	5
51.393784	5
51.414057	-6
51.43433	9
51.454603	4
51.474876	6
51.495149	5
51.515422	5
51.535695	3
51.555968	4
51.576241	2
51.596514	2
51.616787	8
51.63706	10
51.657333	8
51.677606	4
51.697879	1
51.718152	0
51.738425	5
51.758698	0
51.778971	3
51.799244	3
51.819517	3
51.83979	8
51.860063	7
51.880336	6
51.900609	5
51.920882	4
51.941155	-1
51.961428	1
51.981701	4
52.001974	10
52.022247	-4
52.04252	7
52.062793	3
52.083066	6
52.103339	2
52.123612	-1
52.143885	4
52.164158	-5
52.184431	7
52.204704	7
52.224977	9
52.24525	7
52.265523	-9
52.285796	10
52.306069	9
52.326342	0
52.346615	10
52.366888	2
52.387161	-3
52.407434	4
52.427707	1
52.44798	-3
52.468253	3
52.488526	5
52.508799	3
52.529072	1
52.549345	2
52.569618	1
52.589891	-9
52.610164	9
52.630437	8
52.65071	-1
52.670983	3
52.691256	8
52.711529	0
52.731802	0
52.752075	4
52.772348	6
52.792621	-1
52.812894	-3
52.833167	4
52.85344	-2
52.873713	11
52.893986	0
52.914259	2
52.934532	-3
52.954805	0
52.975078	3
52.995351	-5
53.015624	-1
53.035897	4
53.05617	-3
53.076443	-1
53.096716	3
53.116989	2
53.137262	-1
53.157535	-1
53.177808	0
53.198081	4
53.218354	7
53.238627	1
53.2589	0
53.279173	2
53.299446	2
53.319719	3
53.339992	1
53.360265	-1
53.380538	2
53.400811	13
53.421084	9
53.441357	-5
53.46163	-1
53.481903	5
53.502176	2
53.522449	8
53.542722	1
53.562995	7
53.583268	-2
53.603541	1
53.623814	4
53.644087	1
53.66436	5
53.684633	4
53.704906	0
53.725179	1
53.745452	0
53.765725	-3
53.785998	7
53.806271	0
53.826544	-3
53.846817	4
53.86709	9
53.887363	-3
53.907636	4
53.927909	1
53.948182	-1
53.968455	8
53.988728	1
54.009001	8
54.029274	10
54.049547	6
54.06982	0
54.090093	7
54.110366	-5
54.130639	4
54.150912	-4
54.171185	8
54.191458	3
54.211731	13
54.232004	9
54.252277	0
54.27255	7
54.292823	6
54.313096	8
54.333369	10
54.353642	11
54.373915	-3
54.394188	6
54.414461	4
54.434734	0
54.455007	15
54.47528	2
54.495553	7
54.515826	8
54.536099	7
54.556372	11
54.576645	1
54.596918	4
54.617191	6
54.637464	10
54.657737	5
54.67801	3
54.698283	1
54.718556	-2
54.738829	1
54.759102	-1
54.779375	12
54.799648	3
54.819921	9
54.840194	-5
54.860467	10
54.88074	8
54.901013	6
54.921286	3
54.941559	0
54.961832	4
54.982105	5
55.002378	-2
55.022651	3
55.042924	9
55.063197	-1
55.08347	8
55.103743	9
55.124016	6
55.144289	0
55.164562	5
55.184835	10
55.205108	4
55.225381	1
55.245654	3
55.265927	7
55.2862	7
55.306473	0
55.326746	7
55.347019	3
55.367292	10
55.387565	5
55.407838	0
55.428111	2
55.448384	14
55.468657	7
55.48893	9
55.509203	10
55.529476	-4
55.549749	7
55.570022	6
55.590295	6
55.610568	11
55.630841	0
55.651114	1
55.671387	5
55.69166	8
55.711933	0
55.732206	5
55.752479	-1
55.772752	6
55.793025	7
55.813298	10
55.833571	0
55.853844	5
55.874117	4
55.89439	2
55.914663	10
55.934936	4
55.955209	5
55.975482	18
55.995755	8
56.016028	3
56.036301	-5
56.056574	12
56.076847	0
56.09712	3
56.117393	15
56.137666	7
56.157939	9
56.178212	16
56.198485	1
56.218758	-3
56.239031	1
56.259304	1
56.279577	1
56.29985	4
56.320123	8
56.340396	3
56.360669	9
56.380942	9
56.401215	8
56.421488	0
56.441761	11
56.462034	4
56.482307	9
56.50258	8
56.522853	-1
56.543126	3
56.563399	2
56.583672	23
56.603945	11
56.624218	1
56.644491	7
56.664764	10
56.685037	-3
56.70531	7
56.725583	-2
56.745856	0
56.766129	3
56.786402	-8
56.806675	3
56.826948	4
56.847221	5
56.867494	5
56.887767	2
56.90804	2
56.928313	1
56.948586	1
56.968859	2
56.989132	11
57.009405	8
57.029678	3
57.049951	11
57.070224	3
57.090497	4
57.11077	15
57.131043	8
57.151316	2
57.171589	13
57.191862	3
57.212135	-6
57.232408	8
57.252681	11
57.272954	9
57.293227	2
57.3135	6
57.333773	12
57.354046	5
57.374319	3
57.394592	10
57.414865	2
57.435138	8
57.455411	4
57.475684	2
57.495957	5
57.51623	-4
57.536503	16
57.556776	9
57.577049	1
57.597322	6
57.617595	7
57.637868	11
57.658141	7
57.678414	5
57.698687	-1
57.71896	12
57.739233	0
57.759506	2
57.779779	7
57.800052	8
57.820325	6
57.840598	8
57.860871	21
57.881144	7
57.901417	5
57.92169	3
57.941963	9
57.962236	12
57.982509	5
58.002782	7
58.023055	11
58.043328	5
58.063601	1
58.083874	6
58.104147	8
58.12442	5
58.144693	8
58.164966	-7
58.185239	7
58.205512	9
58.225785	0
58.246058	15
58.266331	1
58.286604	8
58.306877	11
58.32715	8
58.347423	5
58.367696	4
58.387969	-2
58.408242	13
58.428515	6
58.448788	3
58.469061	6
58.489334	10
58.509607	7
58.52988	7
58.550153	6
58.570426	3
58.590699	7
58.610972	14
58.631245	9
58.651518	10
58.671791	3
58.692064	13
58.712337	8
58.73261	8
58.752883	12
58.773156	6
58.793429	-2
58.813702	20
58.833975	6
58.854248	12
58.874521	12
58.894794	11
58.915067	7
58.93534	4
58.955613	9
58.975886	8
58.996159	4
59.016432	11
59.036705	-1
59.056978	6
59.077251	4
59.097524	3
59.117797	10
59.13807	9
59.158343	1
59.178616	9
59.198889	4
59.219162	6
59.239435	0
59.259708	1
59.279981	6
59.300254	10
59.320527	0
59.3408	0
59.361073	9
59.381346	7
59.401619	7
59.421892	12
59.442165	8
59.462438	5
59.482711	9
59.502984	4
59.523257	5
59.54353	6
59.563803	8
59.584076	6
59.604349	-1
59.624622	5
59.644895	3
59.665168	4
59.685441	-9
59.705714	12
59.725987	4
59.74626	9
59.766533	12
59.786806	5
59.807079	2
59.827352	7
59.847625	8
59.867898	9
59.888171	5
59.908444	6
59.928717	2
59.94899	7
59.969263	0
59.989536	0
60.009809	4
60.030082	0
60.050355	-1
60.070628	9
60.090901	2
60.111174	1
60.131447	-2
60.15172	3
60.171993	8
60.192266	-2
60.212539	3
60.232812	4
60.253085	5
60.273358	-5
60.293631	0
60.313904	0
60.334177	9
60.35445	4
60.374723	1
60.394996	6
60.415269	5
60.435542	5
60.455815	3
60.476088	13
60.496361	4
60.516634	6
60.536907	8
60.55718	12
60.577453	8
60.597726	2
60.617999	10
60.638272	11
60.658545	-1
60.678818	6
60.699091	5
60.719364	1
60.739637	8
60.75991	10
60.780183	11
60.800456	9
60.820729	4
60.841002	9
60.861275	16
60.881548	12
60.901821	10
60.922094	9
60.942367	9
60.96264	11
60.982913	7
61.003186	-2
61.023459	7
61.043732	3
61.064005	0
61.084278	10
61.104551	7
61.124824	-1
61.145097	6
61.16537	8
61.185643	5
61.205916	5
61.226189	3
61.246462	4
61.266735	16
61.287008	5
61.307281	8
61.327554	10
61.347827	1
61.3681	1
61.388373	6
61.408646	5
61.428919	10
61.449192	8
61.469465	5
61.489738	11
61.510011	6
61.530284	8
61.550557	5
61.57083	-2
61.591103	11
61.611376	9
61.631649	14
61.651922	6
61.672195	16
61.692468	13
61.712741	0
61.733014	5
61.753287	-5
61.77356	10
61.793833	8
61.814106	9
61.834379	12
61.854652	3
61.874925	4
61.895198	8
61.915471	6
61.935744	14
61.956017	11
61.97629	10
61.996563	9
62.016836	3
62.037109	3
62.057382	0
62.077655	14
62.097928	15
62.118201	2
62.138474	16
62.158747	12
62.17902	8
62.199293	13
62.219566	5
62.239839	6
62.260112	11
62.280385	7
62.300658	14
62.320931	7
62.341204	9
62.361477	3
62.38175	10
62.402023	7
62.422296	12
62.442569	0
62.462842	13
62.483115	5
62.503388	7
62.523661	-2
62.543934	2
62.564207	4
62.58448	16
62.604753	8
62.625026	5
62.645299	7
62.665572	8
62.685845	4
62.706118	10
62.726391	-1
62.746664	0
62.766937	12
62.78721	18
62.807483	5
62.827756	3
62.848029	15
62.868302	-3
62.888575	3
62.908848	13
62.929121	-1
62.949394	14
62.969667	10
62.98994	5
63.010213	10
63.030486	9
63.050759	1
63.071032	-3
63.091305	0
63.111578	1
63.131851	11
63.152124	6
63.172397	9
63.19267	-8
63.212943	3
63.233216	12
63.253489	11
63.273762	0
63.294035	1
63.314308	4
63.334581	8
63.354854	11
63.375127	1
63.3954	11
63.415673	7
63.435946	8
63.456219	11
63.476492	4
63.496765	4
63.517038	6
63.537311	8
63.557584	1
63.577857	6
63.59813	14
63.618403	3
63.638676	2
63.658949	4
63.679222	1
63.699495	18
63.719768	1
63.740041	7
63.760314	8
63.780587	4
63.80086	-4
63.821133	7
63.841406	12
63.861679	6
63.881952	11
63.902225	3
63.922498	2
63.942771	0
63.963044	4
63.983317	-3
64.00359	0
64.023863	1
64.044136	2
64.064409	9
64.084682	12
64.104955	10
64.125228	4
64.145501	5
64.165774	2
64.186047	9
64.20632	18
64.226593	9
64.246866	10
64.267139	3
64.287412	6
64.307685	7
64.327958	13
64.348231	9
64.368504	9
64.388777	5
64.40905	7
64.429323	5
64.449596	5
64.469869	8
64.490142	13
64.510415	6
64.530688	3
64.550961	18
64.571234	-3
64.591507	7
64.61178	-2
64.632053	-2
64.652326	2
64.672599	11
64.692872	8
64.713145	8
64.733418	5
64.753691	1
64.773964	1
64.794237	5
64.81451	12
64.834783	14
64.855056	8
64.875329	7
64.895602	6
64.915875	2
64.936148	13
64.956421	0
64.976694	6
64.996967	10
65.01724	-1
65.037513	2
65.057786	11
65.078059	8
65.098332	8
65.118605	13
65.138878	8
65.159151	7
65.179424	9
65.199697	9
65.21997	7
65.240243	5
65.260516	5
65.280789	4
65.301062	11
65.321335	6
65.341608	11
65.361881	8
65.382154	4
65.402427	6
65.4227	5
65.442973	7
65.463246	8
65.483519	1
65.503792	8
65.524065	11
65.544338	7
65.564611	7
65.584884	4
65.605157	2
65.62543	7
65.645703	13
65.665976	9
65.686249	-1
65.706522	-1
65.726795	6
65.747068	4
65.767341	1
65.787614	3
65.807887	0
65.82816	8
65.848433	18
65.868706	7
65.888979	14
65.909252	7
65.929525	18
65.949798	5
65.970071	10
65.990344	10
66.010617	5
66.03089	8
66.051163	7
66.071436	8
66.091709	9
66.111982	10
66.132255	-1
66.152528	3
66.172801	-2
66.193074	7
66.213347	11
66.23362	7
66.253893	4
66.274166	10
66.294439	6
66.314712	3
66.334985	6
66.355258	9
66.375531	1
66.395804	6
66.416077	11
66.43635	8
66.456623	6
66.476896	9
66.497169	8
66.517442	11
66.537715	6
66.557988	8
66.578261	0
66.598534	5
66.618807	7
66.63908	3
66.659353	2
66.679626	-1
66.699899	1
66.720172	2
66.740445	3
66.760718	7
66.780991	12
66.801264	5
66.821537	16
66.84181	6
66.862083	11
66.882356	3
66.902629	0
66.922902	4
66.943175	3
66.963448	4
66.983721	2
67.003994	8
67.024267	6
67.04454	4
67.064813	5
67.085086	4
67.105359	5
67.125632	0
67.145905	4
67.166178	5
67.186451	5
67.206724	6
67.226997	10
67.24727	2
67.267543	8
67.287816	0
67.308089	7
67.328362	5
67.348635	2
67.368908	3
67.389181	5
67.409454	-4
67.429727	9
67.45	-2
67.470273	8
67.490546	8
67.510819	-4
67.531092	12
67.551365	5
67.571638	6
67.591911	10
67.612184	6
67.632457	7
67.65273	-2
67.673003	-1
67.693276	9
67.713549	4
67.733822	-1
67.754095	-1
67.774368	-8
67.794641	-2
67.814914	10
67.835187	5
67.85546	1
67.875733	1
67.896006	8
67.916279	0
67.936552	0
67.956825	7
67.977098	8
67.997371	-3
68.017644	5
68.037917	2
68.05819	8
68.078463	-1
68.098736	11
68.119009	0
68.139282	10
68.159555	1
68.179828	1
68.200101	10
68.220374	6
68.240647	5
68.26092	1
68.281193	5
68.301466	4
68.321739	3
68.342012	10
68.362285	3
68.382558	4
68.402831	5
68.423104	7
68.443377	0
68.46365	3
68.483923	7
68.504196	5
68.524469	5
68.544742	7
68.565015	2
68.585288	5
68.605561	6
68.625834	4
68.646107	0
68.66638	7
68.686653	6
68.706926	8
68.727199	6
68.747472	0
68.767745	6
68.788018	4
68.808291	1
68.828564	3
68.848837	0
68.86911	0
68.889383	2
68.909656	8
68.929929	1
68.950202	11
68.970475	8
68.990748	4
69.011021	9
69.031294	3
69.051567	9
69.07184	5
69.092113	4
69.112386	5
69.132659	3
69.152932	-4
69.173205	7
69.193478	2
69.213751	-1
69.234024	0
69.254297	6
69.27457	-5
69.294843	5
69.315116	-2
69.335389	0
69.355662	5
69.375935	15
69.396208	0
69.416481	4
69.436754	2
69.457027	7
69.4773	10
69.497573	12
69.517846	-1
69.538119	3
69.558392	7
69.578665	1
69.598938	5
69.619211	1
69.639484	-3
69.659757	2
69.68003	4
69.700303	6
69.720576	0
69.740849	2
69.761122	-2
69.781395	-1
69.801668	10
69.821941	8
69.842214	-2
69.862487	6
69.88276	0
69.903033	6
69.923306	2
69.943579	-1
69.963852	-2
69.984125	10
70.004398	5
70.024671	4
70.044944	-3
70.065217	5
70.08549	4
70.105763	0
70.126036	7
70.146309	-4
70.166582	1
70.186855	-1
70.207128	2
70.227401	4
70.247674	-2
70.267947	5
70.28822	10
70.308493	6
70.328766	6
70.349039	-2
70.369312	2
70.389585	1
70.409858	6
70.430131	2
70.450404	8
70.470677	2
70.49095	2
70.511223	1
70.531496	4
70.551769	-3
70.572042	6
70.592315	0
70.612588	-7
70.632861	3
70.653134	3
70.673407	4
70.69368	2
70.713953	3
70.734226	3
70.754499	4
70.774772	-8
70.795045	4
70.815318	3
70.835591	4
70.855864	1
70.876137	-1
70.89641	6
70.916683	-2
70.936956	1
70.957229	-2
70.977502	2
70.997775	-5
71.018048	6
71.038321	-3
71.058594	9
71.078867	2
71.09914	2
71.119413	-5
71.139686	6
71.159959	6
71.180232	13
71.200505	-1
71.220778	3
71.241051	-2
71.261324	6
71.281597	6
71.30187	0
71.322143	0
71.342416	0
71.362689	2
71.382962	0
71.403235	0
71.423508	-1
71.443781	5
71.464054	3
71.484327	2
71.5046	3
71.524873	5
71.545146	5
71.565419	6
71.585692	0
71.605965	4
71.626238	-1
71.646511	-2
71.666784	4
71.687057	5
71.70733	11
71.727603	5
71.747876	6
71.768149	4
71.788422	3
71.808695	4
71.828968	4
71.849241	6
71.869514	1
71.889787	-3
71.91006	-1
71.930333	3
71.950606	3
71.970879	5
71.991152	8
72.011425	8
72.031698	11
72.051971	3
72.072244	-1
72.092517	1
72.11279	3
72.133063	6
72.153336	7
72.173609	8
72.193882	6
72.214155	3
72.234428	5
72.254701	1
72.274974	8
72.295247	6
72.31552	8
72.335793	-7
72.356066	3
72.376339	2
72.396612	7
72.416885	3
72.437158	13
72.457431	15
72.477704	6
72.497977	10
72.51825	5
72.538523	9
72.558796	4
72.579069	2
72.599342	-3
72.619615	9
72.639888	12
72.660161	1
72.680434	6
72.700707	-3
72.72098	8
72.741253	5
72.761526	8
72.781799	4
72.802072	12
72.822345	6
72.842618	5
72.862891	7
72.883164	2
72.903437	7
72.92371	-1
72.943983	7
72.964256	13
72.984529	7
73.004802	4
73.025075	2
73.045348	0
73.065621	10
73.085894	5
73.106167	0
73.12644	2
73.146713	6
73.166986	7
73.187259	11
73.207532	3
73.227805	6
73.248078	1
73.268351	4
73.288624	12
73.308897	2
73.32917	0
73.349443	1
73.369716	5
73.389989	6
73.410262	3
73.430535	1
73.450808	4
73.471081	9
73.491354	2
73.511627	4
73.5319	3
73.552173	8
73.572446	-2
73.592719	5
73.612992	1
73.633265	5
73.653538	5
73.673811	7
73.694084	5
73.714357	5
73.73463	7
73.754903	3
73.775176	5
73.795449	2
73.815722	10
73.835995	2
73.856268	4
73.876541	9
73.896814	7
73.917087	6
73.93736	10
73.957633	7
73.977906	6
73.998179	7
74.018452	1
74.038725	3
74.058998	5
74.079271	2
74.099544	2
74.119817	13
74.14009	7
74.160363	10
74.180636	4
74.200909	5
74.221182	9
74.241455	7
74.261728	2
74.282001	0
74.302274	6
74.322547	6
74.34282	4
74.363093	13
74.383366	11
74.403639	4
74.423912	2
74.444185	8
74.464458	2
74.484731	3
74.505004	-7
74.525277	5
74.54555	1
74.565823	-1
74.586096	10
74.606369	3
74.626642	4
74.646915	5
74.667188	5
74.687461	7
74.707734	5
74.728007	8
74.74828	0
74.768553	8
74.788826	6
74.809099	9
74.829372	6
74.849645	7
74.869918	2
74.890191	10
74.910464	0
74.930737	1
74.95101	4
74.971283	6
74.991556	2
75.011829	1
75.032102	8
75.052375	7
75.072648	4
75.092921	11
75.113194	4
75.133467	8
75.15374	5
75.174013	14
75.194286	10
75.214559	6
75.234832	9
75.255105	17
75.275378	5
75.295651	5
75.315924	3
75.336197	8
75.35647	20
75.376743	5
75.397016	7
75.417289	6
75.437562	12
75.457835	7
75.478108	4
75.498381	2
75.518654	4
75.538927	9
75.5592	4
75.579473	8
75.599746	0
75.620019	11
75.640292	10
75.660565	12
75.680838	7
75.701111	8
75.721384	3
75.741657	8
75.76193	5
75.782203	6
75.802476	11
75.822749	4
75.843022	11
75.863295	8
75.883568	-2
75.903841	5
75.924114	10
75.944387	0
75.96466	5
75.984933	10
76.005206	9
76.025479	4
76.045752	11
76.066025	12
76.086298	8
76.106571	10
76.126844	9
76.147117	0
76.16739	5
76.187663	3
76.207936	1
76.228209	1
76.248482	7
76.268755	4
76.289028	7
76.309301	5
76.329574	12
76.349847	6
76.37012	11
76.390393	5
76.410666	-2
76.430939	6
76.451212	6
76.471485	6
76.491758	5
76.512031	4
76.532304	8
76.552577	11
76.57285	8
76.593123	3
76.613396	5
76.633669	8
76.653942	5
76.674215	9
76.694488	0
76.714761	6
76.735034	4
76.755307	7
76.77558	-4
76.795853	5
76.816126	9
76.836399	7
76.856672	4
76.876945	12
76.897218	1
76.917491	1
76.937764	9
76.958037	11
76.97831	2
76.998583	8
77.018856	13
77.039129	8
77.059402	9
77.079675	10
77.099948	6
77.120221	5
77.140494	7
77.160767	12
77.18104	10
77.201313	6
77.221586	5
77.241859	8
77.262132	8
77.282405	14
77.302678	5
77.322951	10
77.343224	13
77.363497	7
77.38377	7
77.404043	16
77.424316	5
77.444589	6
77.464862	6
77.485135	7
77.505408	8
77.525681	6
77.545954	11
77.566227	6
77.5865	0
77.606773	5
77.627046	5
77.647319	8
77.667592	-1
77.687865	7
77.708138	5
77.728411	8
77.748684	13
77.768957	7
77.78923	8
77.809503	22
77.829776	9
77.850049	15
77.870322	8
77.890595	9
77.910868	7
77.931141	6
77.951414	7
77.971687	4
77.99196	7
78.012233	11
78.032506	13
78.052779	5
78.073052	8
78.093325	7
78.113598	9
78.133871	6
78.154144	4
78.174417	5
78.19469	5
78.214963	2
78.235236	8
78.255509	1
78.275782	2
78.296055	9
78.316328	6
78.336601	4
78.356874	7
78.377147	10
78.39742	-3
78.417693	4
78.437966	6
78.458239	6
78.478512	5
78.498785	3
78.519058	1
78.539331	4
78.559604	6
78.579877	7
78.60015	12
78.620423	6
78.640696	8
78.660969	5
78.681242	5
78.701515	5
78.721788	7
78.742061	8
78.762334	1
78.782607	6
78.80288	7
78.823153	6
78.843426	7
78.863699	10
78.883972	1
78.904245	1
78.924518	7
78.944791	7
78.965064	-3
78.985337	4
79.00561	10
79.025883	10
79.046156	5
79.066429	1
79.086702	8
79.106975	5
79.127248	5
79.147521	5
79.167794	5
79.188067	10
79.20834	5
79.228613	5
79.248886	3
79.269159	7
79.289432	9
79.309705	1
79.329978	12
79.350251	3
79.370524	2
79.390797	4
79.41107	8
79.431343	5
79.451616	11
79.471889	2
79.492162	2
79.512435	8
79.532708	0
79.552981	5
79.573254	-3
79.593527	10
79.6138	7
79.634073	7
79.654346	8
79.674619	3
79.694892	2
79.715165	4
79.735438	8
79.755711	5
79.775984	2
79.796257	4
79.81653	4
79.836803	9
79.857076	9
79.877349	6
79.897622	5
79.917895	4
79.938168	16
79.958441	6
79.978714	6
79.998987	-1
80.01926	4
