10.097683	931
10.117956	941
10.138229	930
10.158502	950
10.178775	968
10.199048	945
10.219321	926
10.239594	938
10.259867	937
10.28014	954
10.300413	930
10.320686	977
10.340959	999
10.361232	988
10.381505	970
10.401778	932
10.422051	918
10.442324	967
10.462597	1033
10.48287	1022
10.503143	970
10.523416	906
10.543689	952
10.563962	920
10.584235	907
10.604508	971
10.624781	968
10.645054	938
10.665327	972
10.6856	934
10.705873	925
10.726146	967
10.746419	979
10.766692	976
10.786965	963
10.807238	960
10.827511	933
10.847784	990
10.868057	987
10.88833	971
10.908603	940
10.928876	955
10.949149	988
10.969422	1003
10.989695	920
11.009968	1006
11.030241	973
11.050514	1017
11.070787	1047
11.09106	994
11.111333	1030
11.131606	1019
11.151879	1075
11.172152	1059
11.192425	1077
11.212698	1123
11.232971	1039
11.253244	1115
11.273517	1084
11.29379	1134
11.314063	1162
11.334336	1184
11.354609	1149
11.374882	1176
11.395155	1277
11.415428	1162
11.435701	1241
11.455974	1319
11.476247	1213
11.49652	1297
11.516793	1219
11.537066	1210
11.557339	1172
11.577612	1154
11.597885	1159
11.618158	1087
11.638431	1048
11.658704	1055
11.678977	1015
11.69925	1011
11.719523	1011
11.739796	980
11.760069	1001
11.780342	993
11.800615	970
11.820888	946
11.841161	924
11.861434	901
11.881707	889
11.90198	884
11.922253	906
11.942526	869
11.962799	866
11.983072	859
12.003345	983
12.023618	942
12.043891	936
12.064164	890
12.084437	852
12.10471	887
12.124983	913
12.145256	887
12.165529	875
12.185802	858
12.206075	870
12.226348	860
12.246621	853
12.266894	857
12.287167	898
12.30744	866
12.327713	846
12.347986	830
12.368259	915
12.388532	904
12.408805	812
12.429078	830
12.449351	880
12.469624	866
12.489897	880
12.51017	830
12.530443	849
12.550716	850
12.570989	870
12.591262	869
12.611535	912
12.631808	846
12.652081	858
12.672354	869
12.692627	894
12.7129	818
12.733173	871
12.753446	867
12.773719	866
12.793992	859
12.814265	858
12.834538	819
12.854811	872
12.875084	844
12.895357	892
12.91563	849
12.935903	906
12.956176	869
12.976449	821
12.996722	861
13.016995	906
13.037268	852
13.057541	802
13.077814	864
13.098087	823
13.11836	851
13.138633	786
13.158906	841
13.179179	881
13.199452	842
13.219725	873
13.239998	820
13.260271	862
13.280544	862
13.300817	829
13.32109	792
13.341363	892
13.361636	884
13.381909	853
13.402182	854
13.422455	844
13.442728	842
13.463001	779
13.483274	849
13.503547	844
13.52382	802
13.544093	881
13.564366	820
13.584639	836
13.604912	806
13.625185	827
13.645458	834
13.665731	817
13.686004	859
13.706277	851
13.72655	872
13.746823	805
13.767096	809
13.787369	836
13.807642	854
13.827915	805
13.848188	749
13.868461	832
13.888734	838
13.909007	812
13.92928	768
13.949553	875
13.969826	777
13.990099	809
14.010372	861
14.030645	877
14.050918	804
14.071191	877
14.091464	825
14.111737	882
14.13201	818
14.152283	868
14.172556	802
14.192829	825
14.213102	854
14.233375	899
14.253648	847
14.273921	776
14.294194	813
14.314467	832
14.33474	871
14.355013	821
14.375286	844
14.395559	853
14.415832	796
14.436105	867
14.456378	812
14.476651	841
14.496924	816
14.517197	819
14.53747	829
14.557743	827
14.578016	820
14.598289	791
14.618562	762
14.638835	792
14.659108	848
14.679381	853
14.699654	817
14.719927	863
14.7402	821
14.760473	875
14.780746	858
14.801019	835
14.821292	874
14.841565	841
14.861838	837
14.882111	905
14.902384	834
14.922657	905
14.94293	811
14.963203	831
14.983476	810
15.003749	853
15.024022	874
15.044295	795
15.064568	863
15.084841	883
15.105114	854
15.125387	837
15.14566	895
15.165933	823
15.186206	832
15.206479	869
15.226752	876
15.247025	880
15.267298	875
15.287571	896
15.307844	878
15.328117	874
15.34839	837
15.368663	830
15.388936	850
15.409209	887
15.429482	838
15.449755	843
15.470028	885
15.490301	857
15.510574	854
15.530847	861
15.55112	849
15.571393	865
15.591666	835
15.611939	883
15.632212	882
15.652485	860
15.672758	841
15.693031	865
15.713304	841
15.733577	844
15.75385	890
15.774123	901
15.794396	828
15.814669	868
15.834942	850
15.855215	852
15.875488	894
15.895761	819
15.916034	834
15.936307	842
15.95658	860
15.976853	842
15.997126	918
16.017399	858
16.037672	848
16.057945	854
16.078218	877
16.098491	909
16.118764	938
16.139037	967
16.15931	889
16.179583	883
16.199856	891
16.220129	927
16.240402	877
16.260675	904
16.280948	920
16.301221	846
16.321494	918
16.341767	856
16.36204	920
16.382313	846
16.402586	843
16.422859	891
16.443132	944
16.463405	872
16.483678	900
16.503951	923
16.524224	883
16.544497	875
16.56477	898
16.585043	885
16.605316	881
16.625589	914
16.645862	967
16.666135	929
16.686408	901
16.706681	934
16.726954	876
16.747227	928
16.7675	938
16.787773	902
16.808046	853
16.828319	920
16.848592	912
16.868865	919
16.889138	937
16.909411	939
16.929684	874
16.949957	896
16.97023	877
16.990503	903
17.010776	928
17.031049	914
17.051322	933
17.071595	883
17.091868	983
17.112141	932
17.132414	996
17.152687	892
17.17296	906
17.193233	909
17.213506	957
17.233779	922
17.254052	910
17.274325	948
17.294598	859
17.314871	939
17.335144	926
17.355417	1000
17.37569	971
17.395963	931
17.416236	978
17.436509	929
17.456782	994
17.477055	983
17.497328	964
17.517601	964
17.537874	932
17.558147	959
17.57842	973
17.598693	914
17.618966	992
17.639239	1021
17.659512	959
17.679785	987
17.700058	1010
17.720331	987
17.740604	964
17.760877	940
17.78115	1017
17.801423	966
17.821696	1062
17.841969	969
17.862242	1037
17.882515	1015
17.902788	1015
17.923061	974
17.943334	1012
17.963607	966
17.98388	992
18.004153	1016
18.024426	1073
18.044699	1011
18.064972	1032
18.085245	917
18.105518	961
18.125791	980
18.146064	1025
18.166337	980
18.18661	1071
18.206883	1004
18.227156	984
18.247429	1028
18.267702	941
18.287975	1093
18.308248	1086
18.328521	1081
18.348794	1066
18.369067	1107
18.38934	1032
18.409613	1106
18.429886	1098
18.450159	1092
18.470432	1030
18.490705	1063
18.510978	1052
18.531251	1074
18.551524	1104
18.571797	1114
18.59207	1070
18.612343	1115
18.632616	1053
18.652889	1036
18.673162	1081
18.693435	1147
18.713708	1070
18.733981	1104
18.754254	1065
18.774527	1118
18.7948	1109
18.815073	1125
18.835346	1118
18.855619	1053
18.875892	1101
18.896165	1108
18.916438	1101
18.936711	1128
18.956984	1083
18.977257	1153
18.99753	1090
19.017803	1094
19.038076	1017
19.058349	1134
19.078622	1108
19.098895	1143
19.119168	1127
19.139441	1113
19.159714	1083
19.179987	1163
19.20026	1059
19.220533	1182
19.240806	1091
19.261079	1133
19.281352	1173
19.301625	1149
19.321898	1156
19.342171	1145
19.362444	1200
19.382717	1186
19.40299	1172
19.423263	1176
19.443536	1128
19.463809	1195
19.484082	1168
19.504355	1206
19.524628	1279
19.544901	1230
19.565174	1218
19.585447	1363
19.60572	1373
19.625993	1305
19.646266	1329
19.666539	1409
19.686812	1425
19.707085	1581
19.727358	1666
19.747631	1401
19.767904	1426
19.788177	1310
19.80845	1304
19.828723	1316
19.848996	1211
19.869269	1341
19.889542	1246
19.909815	1290
19.930088	1221
19.950361	1242
19.970634	1222
19.990907	1235
20.01118	1259
20.031453	1210
20.051726	1271
20.071999	1249
20.092272	1237
20.112545	1237
20.132818	1234
20.153091	1228
20.173364	1233
20.193637	1226
20.21391	1233
20.234183	1253
20.254456	1238
20.274729	1202
20.295002	1252
20.315275	1308
20.335548	1246
20.355821	1225
20.376094	1323
20.396367	1268
20.41664	1199
20.436913	1192
20.457186	1291
20.477459	1310
20.497732	1236
20.518005	1248
20.538278	1285
20.558551	1278
20.578824	1251
20.599097	1218
20.61937	1204
20.639643	1258
20.659916	1349
20.680189	1276
20.700462	1266
20.720735	1249
20.741008	1262
20.761281	1169
20.781554	1331
20.801827	1374
20.8221	1293
20.842373	1169
20.862646	1320
20.882919	1235
20.903192	1295
20.923465	1237
20.943738	1253
20.964011	1338
20.984284	1315
21.004557	1280
21.02483	1244
21.045103	1249
21.065376	1274
21.085649	1284
21.105922	1304
21.126195	1298
21.146468	1313
21.166741	1281
21.187014	1338
21.207287	1300
21.22756	1288
21.247833	1288
21.268106	1366
21.288379	1339
21.308652	1367
21.328925	1275
21.349198	1325
21.369471	1326
21.389744	1291
21.410017	1391
21.43029	1302
21.450563	1322
21.470836	1370
21.491109	1358
21.511382	1369
21.531655	1312
21.551928	1442
21.572201	1345
21.592474	1367
21.612747	1458
21.63302	1329
21.653293	1375
21.673566	1352
21.693839	1428
21.714112	1305
21.734385	1285
21.754658	1382
21.774931	1339
21.795204	1306
21.815477	1380
21.83575	1380
21.856023	1347
21.876296	1421
21.896569	1375
21.916842	1385
21.937115	1410
21.957388	1452
21.977661	1434
21.997934	1305
22.018207	1408
22.03848	1371
22.058753	1378
22.079026	1429
22.099299	1366
22.119572	1378
22.139845	1417
22.160118	1420
22.180391	1454
22.200664	1397
22.220937	1450
22.24121	1378
22.261483	1404
22.281756	1371
22.302029	1455
22.322302	1463
22.342575	1417
22.362848	1440
22.383121	1463
22.403394	1452
22.423667	1431
22.44394	1507
22.464213	1380
22.484486	1492
22.504759	1418
22.525032	1414
22.545305	1426
22.565578	1437
22.585851	1474
22.606124	1473
22.626397	1489
22.64667	1403
22.666943	1460
22.687216	1390
22.707489	1463
22.727762	1476
22.748035	1417
22.768308	1477
22.788581	1453
22.808854	1423
22.829127	1435
22.8494	1500
22.869673	1501
22.889946	1493
22.910219	1470
22.930492	1464
22.950765	1418
22.971038	1416
22.991311	1491
23.011584	1422
23.031857	1429
23.05213	1496
23.072403	1475
23.092676	1466
23.112949	1463
23.133222	1439
23.153495	1481
23.173768	1497
23.194041	1450
23.214314	1504
23.234587	1444
23.25486	1453
23.275133	1400
23.295406	1471
23.315679	1432
23.335952	1454
23.356225	1505
23.376498	1508
23.396771	1466
23.417044	1519
23.437317	1508
23.45759	1468
23.477863	1492
23.498136	1452
23.518409	1461
23.538682	1485
23.558955	1456
23.579228	1498
23.599501	1468
23.619774	1539
23.640047	1498
23.66032	1460
23.680593	1471
23.700866	1443
23.721139	1439
23.741412	1481
23.761685	1482
23.781958	1457
23.802231	1500
23.822504	1509
23.842777	1515
23.86305	1497
23.883323	1432
23.903596	1466
23.923869	1501
23.944142	1508
23.964415	1492
23.984688	1498
24.004961	1538
24.025234	1484
24.045507	1574
24.06578	1511
24.086053	1523
24.106326	1490
24.126599	1566
24.146872	1541
24.167145	1534
24.187418	1488
24.207691	1482
24.227964	1419
24.248237	1511
24.26851	1476
24.288783	1505
24.309056	1501
24.329329	1494
24.349602	1472
24.369875	1485
24.390148	1367
24.410421	1513
24.430694	1501
24.450967	1529
24.47124	1533
24.491513	1468
24.511786	1494
24.532059	1583
24.552332	1518
24.572605	1475
24.592878	1530
24.613151	1535
24.633424	1473
24.653697	1494
24.67397	1555
24.694243	1557
24.714516	1492
24.734789	1559
24.755062	1584
24.775335	1489
24.795608	1502
24.815881	1524
24.836154	1541
24.856427	1526
24.8767	1501
24.896973	1607
24.917246	1534
24.937519	1593
24.957792	1601
24.978065	1594
24.998338	1640
25.018611	1574
25.038884	1493
25.059157	1633
25.07943	1639
25.099703	1595
25.119976	1664
25.140249	1583
25.160522	1691
25.180795	1656
25.201068	1715
25.221341	1612
25.241614	1709
25.261887	1763
25.28216	1662
25.302433	1770
25.322706	1772
25.342979	1661
25.363252	1728
25.383525	1699
25.403798	1722
25.424071	1695
25.444344	1697
25.464617	1745
25.48489	1738
25.505163	1672
25.525436	1624
25.545709	1638
25.565982	1589
25.586255	1625
25.606528	1587
25.626801	1582
25.647074	1579
25.667347	1597
25.68762	1596
25.707893	1528
25.728166	1581
25.748439	1547
25.768712	1595
25.788985	1571
25.809258	1595
25.829531	1595
25.849804	1566
25.870077	1550
25.89035	1566
25.910623	1575
25.930896	1662
25.951169	1730
25.971442	1779
25.991715	1858
26.011988	1924
26.032261	1980
26.052534	1946
26.072807	1999
26.09308	1930
26.113353	1905
26.133626	1882
26.153899	1813
26.174172	1690
26.194445	1770
26.214718	1726
26.234991	1580
26.255264	1500
26.275537	1577
26.29581	1508
26.316083	1534
26.336356	1450
26.356629	1450
26.376902	1522
26.397175	1417
26.417448	1506
26.437721	1467
26.457994	1459
26.478267	1475
26.49854	1370
26.518813	1446
26.539086	1534
26.559359	1476
26.579632	1453
26.599905	1428
26.620178	1376
26.640451	1456
26.660724	1461
26.680997	1423
26.70127	1412
26.721543	1422
26.741816	1512
26.762089	1429
26.782362	1415
26.802635	1389
26.822908	1455
26.843181	1402
26.863454	1423
26.883727	1448
26.904	1384
26.924273	1373
26.944546	1454
26.964819	1448
26.985092	1437
27.005365	1429
27.025638	1381
27.045911	1397
27.066184	1409
27.086457	1395
27.10673	1408
27.127003	1391
27.147276	1431
27.167549	1349
27.187822	1388
27.208095	1422
27.228368	1383
27.248641	1389
27.268914	1448
27.289187	1321
27.30946	1359
27.329733	1456
27.350006	1359
27.370279	1417
27.390552	1388
27.410825	1371
27.431098	1288
27.451371	1420
27.471644	1408
27.491917	1326
27.51219	1384
27.532463	1335
27.552736	1368
27.573009	1372
27.593282	1348
27.613555	1447
27.633828	1321
27.654101	1317
27.674374	1325
27.694647	1334
27.71492	1305
27.735193	1409
27.755466	1332
27.775739	1335
27.796012	1346
27.816285	1336
27.836558	1366
27.856831	1361
27.877104	1300
27.897377	1295
27.91765	1315
27.937923	1340
27.958196	1391
27.978469	1332
27.998742	1416
28.019015	1370
28.039288	1343
28.059561	1378
28.079834	1395
28.100107	1386
28.12038	1355
28.140653	1269
28.160926	1352
28.181199	1411
28.201472	1335
28.221745	1358
28.242018	1329
28.262291	1322
28.282564	1344
28.302837	1373
28.32311	1290
28.343383	1367
28.363656	1402
28.383929	1425
28.404202	1317
28.424475	1407
28.444748	1386
28.465021	1294
28.485294	1375
28.505567	1343
28.52584	1351
28.546113	1505
28.566386	1321
28.586659	1370
28.606932	1360
28.627205	1413
28.647478	1402
28.667751	1337
28.688024	1347
28.708297	1427
28.72857	1371
28.748843	1412
28.769116	1341
28.789389	1375
28.809662	1376
28.829935	1395
28.850208	1430
28.870481	1374
28.890754	1404
28.911027	1341
28.9313	1405
28.951573	1376
28.971846	1408
28.992119	1480
29.012392	1521
29.032665	1609
29.052938	1551
29.073211	1454
29.093484	1461
29.113757	1513
29.13403	1429
29.154303	1379
29.174576	1352
29.194849	1343
29.215122	1328
29.235395	1342
29.255668	1307
29.275941	1403
29.296214	1356
29.316487	1326
29.33676	1322
29.357033	1296
29.377306	1363
29.397579	1264
29.417852	1286
29.438125	1312
29.458398	1369
29.478671	1296
29.498944	1238
29.519217	1279
29.53949	1275
29.559763	1276
29.580036	1316
29.600309	1271
29.620582	1301
29.640855	1374
29.661128	1324
29.681401	1234
29.701674	1303
29.721947	1286
29.74222	1263
29.762493	1272
29.782766	1259
29.803039	1272
29.823312	1223
29.843585	1262
29.863858	1255
29.884131	1198
29.904404	1211
29.924677	1223
29.94495	1302
29.965223	1172
29.985496	1257
30.005769	1228
30.026042	1179
30.046315	1302
30.066588	1230
30.086861	1211
30.107134	1276
30.127407	1225
30.14768	1232
30.167953	1209
30.188226	1217
30.208499	1229
30.228772	1220
30.249045	1207
30.269318	1233
30.289591	1324
30.309864	1211
30.330137	1271
30.35041	1169
30.370683	1171
30.390956	1206
30.411229	1191
30.431502	1207
30.451775	1272
30.472048	1235
30.492321	1225
30.512594	1149
30.532867	1190
30.55314	1192
30.573413	1194
30.593686	1169
30.613959	1170
30.634232	1198
30.654505	1262
30.674778	1191
30.695051	1220
30.715324	1161
30.735597	1204
30.75587	1162
30.776143	1226
30.796416	1152
30.816689	1183
30.836962	1172
30.857235	1191
30.877508	1194
30.897781	1156
30.918054	1211
30.938327	1165
30.9586	1188
30.978873	1173
30.999146	1204
31.019419	1131
31.039692	1220
31.059965	1172
31.080238	1197
31.100511	1204
31.120784	1207
31.141057	1162
31.16133	1160
31.181603	1146
31.201876	1145
31.222149	1177
31.242422	1140
31.262695	1178
31.282968	1164
31.303241	1132
31.323514	1202
31.343787	1220
31.36406	1141
31.384333	1121
31.404606	1159
31.424879	1131
31.445152	1140
31.465425	1202
31.485698	1145
31.505971	1167
31.526244	1130
31.546517	1169
31.56679	1199
31.587063	1130
31.607336	1131
31.627609	1127
31.647882	1154
31.668155	1124
31.688428	1119
31.708701	1137
31.728974	1223
31.749247	1148
31.76952	1059
31.789793	1139
31.810066	1093
31.830339	1181
31.850612	1141
31.870885	1138
31.891158	1103
31.911431	1049
31.931704	1143
31.951977	1101
31.97225	1083
31.992523	1094
32.012796	1064
32.033069	1093
32.053342	1115
32.073615	1164
32.093888	1097
32.114161	1122
32.134434	1106
32.154707	1080
32.17498	1066
32.195253	1081
32.215526	1129
32.235799	1109
32.256072	1150
32.276345	1079
32.296618	1077
32.316891	1107
32.337164	1087
32.357437	1040
32.37771	1088
32.397983	1096
32.418256	1008
32.438529	1090
32.458802	1015
32.479075	1056
32.499348	1128
32.519621	1013
32.539894	1071
32.560167	1037
32.58044	1023
32.600713	1020
32.620986	994
32.641259	1070
32.661532	1068
32.681805	1013
32.702078	1077
32.722351	1010
32.742624	1093
32.762897	1024
32.78317	1040
32.803443	1067
32.823716	1038
32.843989	1004
32.864262	1044
32.884535	1023
32.904808	1132
32.925081	1058
32.945354	1025
32.965627	1032
32.9859	978
33.006173	1048
33.026446	1104
33.046719	1046
33.066992	1034
33.087265	1021
33.107538	935
33.127811	1054
33.148084	1017
33.168357	1053
33.18863	986
33.208903	1038
33.229176	1032
33.249449	971
33.269722	970
33.289995	934
33.310268	1019
33.330541	988
33.350814	1004
33.371087	989
33.39136	985
33.411633	1072
33.431906	945
33.452179	1008
33.472452	983
33.492725	937
33.512998	984
33.533271	1039
33.553544	927
33.573817	1031
33.59409	1018
33.614363	1058
33.634636	967
33.654909	956
33.675182	962
33.695455	908
33.715728	914
33.736001	932
33.756274	953
33.776547	973
33.79682	918
33.817093	1004
33.837366	965
33.857639	995
33.877912	1016
33.898185	1001
33.918458	954
33.938731	933
33.959004	979
33.979277	1002
33.99955	914
34.019823	988
34.040096	919
34.060369	932
34.080642	963
34.100915	937
34.121188	922
34.141461	926
34.161734	882
34.182007	926
34.20228	943
34.222553	918
34.242826	900
34.263099	922
34.283372	937
34.303645	941
34.323918	980
34.344191	946
34.364464	914
34.384737	927
34.40501	930
34.425283	877
34.445556	938
34.465829	952
34.486102	906
34.506375	929
34.526648	947
34.546921	933
34.567194	878
34.587467	923
34.60774	871
34.628013	897
34.648286	897
34.668559	902
34.688832	885
34.709105	850
34.729378	911
34.749651	945
34.769924	843
34.790197	938
34.81047	878
34.830743	877
34.851016	895
34.871289	829
34.891562	900
34.911835	826
34.932108	858
34.952381	875
34.972654	830
34.992927	814
35.0132	864
35.033473	818
35.053746	825
35.074019	842
35.094292	864
35.114565	834
35.134838	881
35.155111	848
35.175384	833
35.195657	905
35.21593	892
35.236203	911
35.256476	846
35.276749	815
35.297022	811
35.317295	855
35.337568	860
35.357841	845
35.378114	829
35.398387	803
35.41866	864
35.438933	833
35.459206	809
35.479479	827
35.499752	824
35.520025	868
35.540298	833
35.560571	822
35.580844	833
35.601117	865
35.62139	847
35.641663	814
35.661936	808
35.682209	787
35.702482	781
35.722755	871
35.743028	792
35.763301	838
35.783574	805
35.803847	818
35.82412	798
35.844393	811
35.864666	803
35.884939	740
35.905212	814
35.925485	831
35.945758	815
35.966031	816
35.986304	830
36.006577	813
36.02685	836
36.047123	791
36.067396	751
36.087669	805
36.107942	812
36.128215	813
36.148488	850
36.168761	787
36.189034	825
36.209307	770
36.22958	795
36.249853	760
36.270126	786
36.290399	796
36.310672	781
36.330945	800
36.351218	765
36.371491	764
36.391764	827
36.412037	753
36.43231	738
36.452583	836
36.472856	781
36.493129	800
36.513402	821
36.533675	777
36.553948	782
36.574221	808
36.594494	796
36.614767	787
36.63504	809
36.655313	759
36.675586	805
36.695859	841
36.716132	885
36.736405	856
36.756678	814
36.776951	859
36.797224	827
36.817497	873
36.83777	778
36.858043	884
36.878316	814
36.898589	866
36.918862	870
36.939135	866
36.959408	918
36.979681	881
36.999954	897
37.020227	900
37.0405	869
37.060773	863
37.081046	886
37.101319	830
37.121592	782
37.141865	864
37.162138	807
37.182411	872
37.202684	808
37.222957	829
37.24323	804
37.263503	828
37.283776	820
37.304049	843
37.324322	765
37.344595	831
37.364868	777
37.385141	729
37.405414	780
37.425687	755
37.44596	776
37.466233	768
37.486506	763
37.506779	726
37.527052	745
37.547325	714
37.567598	716
37.587871	722
37.608144	695
37.628417	755
37.64869	698
37.668963	724
37.689236	758
37.709509	677
37.729782	724
37.750055	730
37.770328	725
37.790601	666
37.810874	702
37.831147	722
37.85142	697
37.871693	714
37.891966	714
37.912239	686
37.932512	657
37.952785	743
37.973058	719
37.993331	750
38.013604	712
38.033877	668
38.05415	704
38.074423	688
38.094696	682
38.114969	669
38.135242	669
38.155515	713
38.175788	655
38.196061	701
38.216334	714
38.236607	657
38.25688	708
38.277153	674
38.297426	707
38.317699	670
38.337972	669
38.358245	674
38.378518	697
38.398791	698
38.419064	686
38.439337	729
38.45961	682
38.479883	693
38.500156	696
38.520429	689
38.540702	708
38.560975	715
38.581248	665
38.601521	754
38.621794	644
38.642067	679
38.66234	628
38.682613	659
38.702886	693
38.723159	690
38.743432	688
38.763705	661
38.783978	674
38.804251	676
38.824524	681
38.844797	690
38.86507	640
38.885343	669
38.905616	683
38.925889	676
38.946162	690
38.966435	682
38.986708	676
39.006981	652
39.027254	640
39.047527	702
39.0678	667
39.088073	657
39.108346	636
39.128619	704
39.148892	676
39.169165	659
39.189438	668
39.209711	641
39.229984	653
39.250257	694
39.27053	641
39.290803	701
39.311076	636
39.331349	662
39.351622	664
39.371895	669
39.392168	644
39.412441	667
39.432714	657
39.452987	634
39.47326	638
39.493533	659
39.513806	690
39.534079	647
39.554352	698
39.574625	614
39.594898	659
39.615171	618
39.635444	637
39.655717	667
39.67599	615
39.696263	646
39.716536	695
39.736809	686
39.757082	677
39.777355	691
39.797628	660
39.817901	639
39.838174	582
39.858447	677
39.87872	685
39.898993	628
39.919266	658
39.939539	635
39.959812	655
39.980085	667
40.000358	679
40.020631	656
40.040904	716
40.061177	642
40.08145	645
40.101723	624
40.121996	677
40.142269	626
40.162542	646
40.182815	651
40.203088	630
40.223361	675
40.243634	638
40.263907	659
40.28418	636
40.304453	641
40.324726	615
40.344999	606
40.365272	645
40.385545	670
40.405818	601
40.426091	608
40.446364	643
40.466637	650
40.48691	662
40.507183	672
40.527456	650
40.547729	635
40.568002	627
40.588275	640
40.608548	634
40.628821	620
40.649094	658
40.669367	655
40.68964	600
40.709913	637
40.730186	650
40.750459	628
40.770732	676
40.791005	648
40.811278	652
40.831551	632
40.851824	659
40.872097	663
40.89237	606
40.912643	665
40.932916	603
40.953189	630
40.973462	623
40.993735	654
41.014008	675
41.034281	631
41.054554	624
41.074827	588
41.0951	648
41.115373	663
41.135646	658
41.155919	660
41.176192	625
41.196465	651
41.216738	611
41.237011	612
41.257284	681
41.277557	622
41.29783	656
41.318103	655
41.338376	600
41.358649	646
41.378922	654
41.399195	648
41.419468	652
41.439741	649
41.460014	657
41.480287	604
41.50056	620
41.520833	659
41.541106	675
41.561379	651
41.581652	626
41.601925	655
41.622198	668
41.642471	676
41.662744	628
41.683017	652
41.70329	665
41.723563	604
41.743836	682
41.764109	634
41.784382	618
41.804655	655
41.824928	673
41.845201	637
41.865474	628
41.885747	641
41.90602	683
41.926293	664
41.946566	657
41.966839	619
41.987112	635
42.007385	611
42.027658	659
42.047931	618
42.068204	627
42.088477	649
42.10875	607
42.129023	645
42.149296	645
42.169569	637
42.189842	648
42.210115	665
42.230388	668
42.250661	620
42.270934	624
42.291207	668
42.31148	609
42.331753	634
42.352026	654
42.372299	653
42.392572	641
42.412845	689
42.433118	679
42.453391	670
42.473664	650
42.493937	625
42.51421	632
42.534483	636
42.554756	597
42.575029	654
42.595302	623
42.615575	639
42.635848	619
42.656121	639
42.676394	594
42.696667	632
42.71694	597
42.737213	616
42.757486	606
42.777759	640
42.798032	666
42.818305	594
42.838578	611
42.858851	632
42.879124	653
42.899397	628
42.91967	629
42.939943	634
42.960216	630
42.980489	634
43.000762	606
43.021035	636
43.041308	634
43.061581	599
43.081854	584
43.102127	613
43.1224	608
43.142673	595
43.162946	637
43.183219	625
43.203492	618
43.223765	625
43.244038	653
43.264311	634
43.284584	611
43.304857	633
43.32513	637
43.345403	615
43.365676	614
43.385949	619
43.406222	657
43.426495	648
43.446768	660
43.467041	634
43.487314	622
43.507587	657
43.52786	577
43.548133	683
43.568406	638
43.588679	635
43.608952	642
43.629225	639
43.649498	621
43.669771	593
43.690044	628
43.710317	662
43.73059	619
43.750863	612
43.771136	599
43.791409	668
43.811682	605
43.831955	607
43.852228	604
43.872501	652
43.892774	627
43.913047	608
43.93332	606
43.953593	606
43.973866	567
43.994139	611
44.014412	633
44.034685	628
44.054958	614
44.075231	633
44.095504	628
44.115777	618
44.13605	657
44.156323	643
44.176596	622
44.196869	595
44.217142	634
44.237415	634
44.257688	649
44.277961	562
44.298234	594
44.318507	646
44.33878	643
44.359053	631
44.379326	577
44.399599	622
44.419872	635
44.440145	648
44.460418	625
44.480691	609
44.500964	634
44.521237	585
44.54151	615
44.561783	614
44.582056	611
44.602329	637
44.622602	594
44.642875	593
44.663148	571
44.683421	612
44.703694	653
44.723967	634
44.74424	608
44.764513	643
44.784786	649
44.805059	637
44.825332	596
44.845605	604
44.865878	602
44.886151	625
44.906424	587
44.926697	558
44.94697	616
44.967243	582
44.987516	575
45.007789	597
45.028062	599
45.048335	576
45.068608	622
45.088881	589
45.109154	592
45.129427	599
45.1497	577
45.169973	662
45.190246	622
45.210519	626
45.230792	542
45.251065	577
45.271338	647
45.291611	630
45.311884	602
45.332157	620
45.35243	593
45.372703	616
45.392976	581
45.413249	571
45.433522	551
45.453795	623
45.474068	616
45.494341	591
45.514614	582
45.534887	572
45.55516	612
45.575433	626
45.595706	554
45.615979	607
45.636252	594
45.656525	586
45.676798	588
45.697071	621
45.717344	629
45.737617	608
45.75789	606
45.778163	547
45.798436	630
45.818709	573
45.838982	608
45.859255	602
45.879528	585
45.899801	567
45.920074	610
45.940347	543
45.96062	643
45.980893	612
46.001166	600
46.021439	581
46.041712	607
46.061985	596
46.082258	585
46.102531	584
46.122804	598
46.143077	545
46.16335	596
46.183623	580
46.203896	583
46.224169	603
46.244442	544
46.264715	591
46.284988	592
46.305261	636
46.325534	542
46.345807	618
46.36608	566
46.386353	552
46.406626	580
46.426899	590
46.447172	598
46.467445	562
46.487718	593
46.507991	599
46.528264	571
46.548537	590
46.56881	524
46.589083	597
46.609356	606
46.629629	573
46.649902	563
46.670175	592
46.690448	589
46.710721	595
46.730994	586
46.751267	563
46.77154	555
46.791813	638
46.812086	560
46.832359	562
46.852632	540
46.872905	625
46.893178	574
46.913451	556
46.933724	611
46.953997	611
46.97427	604
46.994543	565
47.014816	618
47.035089	560
47.055362	549
47.075635	561
47.095908	563
47.116181	559
47.136454	558
47.156727	584
47.177	555
47.197273	552
47.217546	575
47.237819	566
47.258092	567
47.278365	566
47.298638	618
47.318911	547
47.339184	570
47.359457	550
47.37973	573
47.400003	566
47.420276	568
47.440549	545
47.460822	578
47.481095	604
47.501368	576
47.521641	584
47.541914	594
47.562187	652
47.58246	573
47.602733	561
47.623006	611
47.643279	547
47.663552	585
47.683825	601
47.704098	595
47.724371	610
47.744644	617
47.764917	591
47.78519	582
47.805463	578
47.825736	510
47.846009	582
47.866282	589
47.886555	605
47.906828	585
47.927101	651
47.947374	594
47.967647	588
47.98792	643
48.008193	611
48.028466	579
48.048739	598
48.069012	582
48.089285	599
48.109558	593
48.129831	579
48.150104	589
48.170377	578
48.19065	604
48.210923	626
48.231196	582
48.251469	580
48.271742	665
48.292015	572
48.312288	588
48.332561	592
48.352834	620
48.373107	580
48.39338	620
48.413653	572
48.433926	528
48.454199	605
48.474472	595
48.494745	575
48.515018	522
48.535291	585
48.555564	562
48.575837	562
48.59611	574
48.616383	571
48.636656	565
48.656929	544
48.677202	542
48.697475	551
48.717748	523
48.738021	533
48.758294	602
48.778567	558
48.79884	528
48.819113	535
48.839386	561
48.859659	503
48.879932	547
48.900205	547
48.920478	572
48.940751	519
48.961024	555
48.981297	531
49.00157	573
49.021843	572
49.042116	534
49.062389	541
49.082662	543
49.102935	558
49.123208	590
49.143481	599
49.163754	519
49.184027	515
49.2043	553
49.224573	581
49.244846	542
49.265119	531
49.285392	537
49.305665	541
49.325938	547
49.346211	588
49.366484	540
49.386757	606
49.40703	532
49.427303	538
49.447576	560
49.467849	536
49.488122	541
49.508395	535
49.528668	544
49.548941	563
49.569214	487
49.589487	578
49.60976	582
49.630033	567
49.650306	558
49.670579	504
49.690852	560
49.711125	559
49.731398	537
49.751671	514
49.771944	510
49.792217	577
49.81249	567
49.832763	552
49.853036	541
49.873309	548
49.893582	507
49.913855	543
49.934128	513
49.954401	569
49.974674	543
49.994947	593
50.01522	528
50.035493	538
50.055766	555
50.076039	490
50.096312	532
50.116585	496
50.136858	490
50.157131	544
50.177404	453
50.197677	536
50.21795	540
50.238223	542
50.258496	529
50.278769	481
50.299042	477
50.319315	535
50.339588	547
50.359861	508
50.380134	548
50.400407	564
50.42068	569
50.440953	511
50.461226	523
50.481499	525
50.501772	528
50.522045	502
50.542318	567
50.562591	538
50.582864	520
50.603137	527
50.62341	486
50.643683	510
50.663956	547
50.684229	549
50.704502	536
50.724775	461
50.745048	488
50.765321	569
50.785594	493
50.805867	496
50.82614	556
50.846413	551
50.866686	522
50.886959	535
50.907232	545
50.927505	502
50.947778	517
50.968051	515
50.988324	532
51.008597	563
51.02887	536
51.049143	535
51.069416	522
51.089689	486
51.109962	569
51.130235	487
51.150508	561
51.170781	570
51.191054	457
51.211327	527
51.2316	518
51.251873	530
51.272146	542
51.292419	582
51.312692	503
51.332965	529
51.353238	516
51.373511	523
51.393784	488
51.414057	523
51.43433	501
51.454603	541
51.474876	500
51.495149	556
51.515422	582
51.535695	554
51.555968	507
51.576241	523
51.596514	497
51.616787	485
51.63706	521
51.657333	530
51.677606	535
51.697879	493
51.718152	489
51.738425	510
51.758698	528
51.778971	498
51.799244	492
51.819517	562
51.83979	540
51.860063	516
51.880336	548
51.900609	518
51.920882	502
51.941155	513
51.961428	554
51.981701	517
52.001974	511
52.022247	495
52.04252	473
52.062793	527
52.083066	502
52.103339	527
52.123612	503
52.143885	482
52.164158	507
52.184431	537
52.204704	504
52.224977	513
52.24525	496
52.265523	526
52.285796	537
52.306069	531
52.326342	521
52.346615	530
52.366888	514
52.387161	504
52.407434	498
52.427707	557
52.44798	562
52.468253	529
52.488526	542
52.508799	503
52.529072	513
52.549345	503
52.569618	484
52.589891	510
52.610164	505
52.630437	570
52.65071	498
52.670983	524
52.691256	537
52.711529	536
52.731802	517
52.752075	477
52.772348	518
52.792621	521
52.812894	521
52.833167	521
52.85344	543
52.873713	523
52.893986	544
52.914259	526
52.934532	529
52.954805	540
52.975078	533
52.995351	518
53.015624	567
53.035897	577
53.05617	524
53.076443	550
53.096716	525
53.116989	589
53.137262	547
53.157535	526
53.177808	602
53.198081	576
53.218354	589
53.238627	538
53.2589	528
53.279173	531
53.299446	560
53.319719	566
53.339992	552
53.360265	592
53.380538	521
53.400811	583
53.421084	548
53.441357	581
53.46163	584
53.481903	567
53.502176	581
53.522449	582
53.542722	622
53.562995	594
53.583268	599
53.603541	570
53.623814	568
53.644087	571
53.66436	561
53.684633	589
53.704906	581
53.725179	575
53.745452	595
53.765725	596
53.785998	574
53.806271	580
53.826544	522
53.846817	526
53.86709	585
53.887363	562
53.907636	518
53.927909	545
53.948182	576
53.968455	554
53.988728	567
54.009001	524
54.029274	595
54.049547	550
54.06982	552
54.090093	526
54.110366	535
54.130639	541
54.150912	566
54.171185	520
54.191458	553
54.211731	563
54.232004	538
54.252277	574
54.27255	518
54.292823	524
54.313096	551
54.333369	564
54.353642	551
54.373915	539
54.394188	531
54.414461	507
54.434734	526
54.455007	558
54.47528	530
54.495553	506
54.515826	512
54.536099	517
54.556372	534
54.576645	555
54.596918	517
54.617191	525
54.637464	541
54.657737	519
54.67801	526
54.698283	610
54.718556	546
54.738829	522
54.759102	545
54.779375	532
54.799648	542
54.819921	531
54.840194	520
54.860467	564
54.88074	518
54.901013	521
54.921286	564
54.941559	545
54.961832	524
54.982105	542
55.002378	512
55.022651	515
55.042924	494
55.063197	506
55.08347	470
55.103743	506
55.124016	506
55.144289	524
55.164562	523
55.184835	500
55.205108	523
55.225381	555
55.245654	528
55.265927	529
55.2862	547
55.306473	519
55.326746	537
55.347019	532
55.367292	518
55.387565	511
55.407838	523
55.428111	525
55.448384	545
55.468657	526
55.48893	520
55.509203	523
55.529476	565
55.549749	525
55.570022	525
55.590295	481
55.610568	506
55.630841	502
55.651114	537
55.671387	519
55.69166	545
55.711933	553
55.732206	547
55.752479	517
55.772752	530
55.793025	484
55.813298	504
55.833571	529
55.853844	512
55.874117	474
55.89439	506
55.914663	503
55.934936	519
55.955209	521
55.975482	529
55.995755	507
56.016028	517
56.036301	517
56.056574	469
56.076847	509
56.09712	553
56.117393	529
56.137666	583
56.157939	534
56.178212	525
56.198485	519
56.218758	529
56.239031	539
56.259304	561
56.279577	518
56.29985	559
56.320123	492
56.340396	482
56.360669	545
56.380942	497
56.401215	492
56.421488	504
56.441761	558
56.462034	518
56.482307	522
56.50258	492
56.522853	508
56.543126	476
56.563399	484
56.583672	520
56.603945	535
56.624218	493
56.644491	489
56.664764	494
56.685037	495
56.70531	516
56.725583	533
56.745856	511
56.766129	541
56.786402	510
56.806675	500
56.826948	505
56.847221	494
56.867494	513
56.887767	520
56.90804	531
56.928313	514
56.948586	505
56.968859	541
56.989132	539
57.009405	511
57.029678	554
57.049951	501
57.070224	517
57.090497	526
57.11077	545
57.131043	532
57.151316	506
57.171589	509
57.191862	503
57.212135	533
57.232408	507
57.252681	542
57.272954	490
57.293227	506
57.3135	502
57.333773	537
57.354046	529
57.374319	540
57.394592	544
57.414865	504
57.435138	494
57.455411	489
57.475684	520
57.495957	536
57.51623	483
57.536503	567
57.556776	516
57.577049	494
57.597322	482
57.617595	530
57.637868	463
57.658141	492
57.678414	496
57.698687	507
57.71896	508
57.739233	510
57.759506	532
57.779779	490
57.800052	539
57.820325	478
57.840598	530
57.860871	498
57.881144	534
57.901417	557
57.92169	512
57.941963	506
57.962236	522
57.982509	530
58.002782	525
58.023055	503
58.043328	535
58.063601	529
58.083874	492
58.104147	536
58.12442	522
58.144693	471
58.164966	500
58.185239	531
58.205512	513
58.225785	515
58.246058	514
58.266331	501
58.286604	528
58.306877	511
58.32715	516
58.347423	502
58.367696	561
58.387969	501
58.408242	475
58.428515	486
58.448788	504
58.469061	488
58.489334	499
58.509607	513
58.52988	491
58.550153	519
58.570426	500
58.590699	521
58.610972	517
58.631245	483
58.651518	506
58.671791	490
58.692064	468
58.712337	482
58.73261	520
58.752883	521
58.773156	510
58.793429	508
58.813702	496
58.833975	508
58.854248	477
58.874521	547
58.894794	472
58.915067	493
58.93534	530
58.955613	527
58.975886	546
58.996159	496
59.016432	541
59.036705	488
59.056978	507
59.077251	518
59.097524	523
59.117797	482
59.13807	518
59.158343	528
59.178616	511
59.198889	510
59.219162	500
59.239435	488
59.259708	507
59.279981	534
59.300254	512
59.320527	517
59.3408	517
59.361073	535
59.381346	503
59.401619	520
59.421892	494
59.442165	542
59.462438	480
59.482711	496
59.502984	493
59.523257	492
59.54353	543
59.563803	502
59.584076	544
59.604349	521
59.624622	497
59.644895	513
59.665168	497
59.685441	517
59.705714	511
59.725987	502
59.74626	517
59.766533	507
59.786806	508
59.807079	554
59.827352	481
59.847625	498
59.867898	484
59.888171	533
59.908444	480
59.928717	521
59.94899	542
59.969263	494
59.989536	507
60.009809	482
60.030082	501
60.050355	528
60.070628	505
60.090901	538
60.111174	519
60.131447	551
60.15172	503
60.171993	522
60.192266	523
60.212539	491
60.232812	572
60.253085	500
60.273358	532
60.293631	517
60.313904	523
60.334177	500
60.35445	505
60.374723	524
60.394996	530
60.415269	491
60.435542	496
60.455815	487
60.476088	533
60.496361	527
60.516634	518
60.536907	513
60.55718	520
60.577453	524
60.597726	532
60.617999	531
60.638272	496
60.658545	528
60.678818	545
60.699091	528
60.719364	505
60.739637	502
60.75991	507
60.780183	478
60.800456	509
60.820729	520
60.841002	499
60.861275	498
60.881548	494
60.901821	472
60.922094	488
60.942367	503
60.96264	481
60.982913	477
61.003186	506
61.023459	478
61.043732	462
61.064005	507
61.084278	509
61.104551	534
61.124824	490
61.145097	498
61.16537	495
61.185643	513
61.205916	448
61.226189	511
61.246462	484
61.266735	508
61.287008	520
61.307281	474
61.327554	500
61.347827	491
61.3681	494
61.388373	507
61.408646	482
61.428919	471
61.449192	521
61.469465	513
61.489738	498
61.510011	462
61.530284	471
61.550557	515
61.57083	533
61.591103	526
61.611376	524
61.631649	539
61.651922	528
61.672195	506
61.692468	520
61.712741	517
61.733014	482
61.753287	510
61.77356	519
61.793833	477
61.814106	483
61.834379	504
61.854652	509
61.874925	573
61.895198	474
61.915471	464
61.935744	503
61.956017	475
61.97629	492
61.996563	506
62.016836	513
62.037109	484
62.057382	503
62.077655	536
62.097928	513
62.118201	524
62.138474	509
62.158747	486
62.17902	488
62.199293	485
62.219566	551
62.239839	542
62.260112	480
62.280385	518
62.300658	512
62.320931	492
62.341204	485
62.361477	495
62.38175	491
62.402023	522
62.422296	470
62.442569	499
62.462842	518
62.483115	505
62.503388	521
62.523661	520
62.543934	502
62.564207	506
62.58448	505
62.604753	497
62.625026	497
62.645299	513
62.665572	506
62.685845	534
62.706118	533
62.726391	485
62.746664	515
62.766937	471
62.78721	522
62.807483	483
62.827756	486
62.848029	467
62.868302	475
62.888575	447
62.908848	503
62.929121	499
62.949394	464
62.969667	513
62.98994	531
63.010213	500
63.030486	544
63.050759	507
63.071032	470
63.091305	496
63.111578	497
63.131851	528
63.152124	502
63.172397	491
63.19267	503
63.212943	502
63.233216	485
63.253489	499
63.273762	506
63.294035	494
63.314308	489
63.334581	467
63.354854	466
63.375127	498
63.3954	521
63.415673	502
63.435946	458
63.456219	532
63.476492	502
63.496765	520
63.517038	503
63.537311	505
63.557584	512
63.577857	491
63.59813	508
63.618403	512
63.638676	550
63.658949	462
63.679222	475
63.699495	507
63.719768	506
63.740041	481
63.760314	498
63.780587	443
63.80086	469
63.821133	478
63.841406	519
63.861679	503
63.881952	475
63.902225	477
63.922498	466
63.942771	458
63.963044	484
63.983317	521
64.00359	511
64.023863	480
64.044136	497
64.064409	494
64.084682	466
64.104955	450
64.125228	500
64.145501	473
64.165774	473
64.186047	494
64.20632	492
64.226593	469
64.246866	526
64.267139	476
64.287412	464
64.307685	483
64.327958	472
64.348231	526
64.368504	480
64.388777	482
64.40905	528
64.429323	436
64.449596	479
64.469869	490
64.490142	488
64.510415	467
64.530688	470
64.550961	497
64.571234	487
64.591507	490
64.61178	459
64.632053	516
64.652326	459
64.672599	506
64.692872	486
64.713145	462
64.733418	462
64.753691	474
64.773964	470
64.794237	477
64.81451	470
64.834783	485
64.855056	451
64.875329	473
64.895602	446
64.915875	517
64.936148	460
64.956421	480
64.976694	469
64.996967	500
65.01724	471
65.037513	480
65.057786	480
65.078059	515
65.098332	403
65.118605	465
65.138878	489
65.159151	486
65.179424	473
65.199697	492
65.21997	486
65.240243	491
65.260516	462
65.280789	464
65.301062	523
65.321335	493
65.341608	515
65.361881	495
65.382154	515
65.402427	501
65.4227	421
65.442973	453
65.463246	509
65.483519	480
65.503792	468
65.524065	504
65.544338	466
65.564611	456
65.584884	424
65.605157	489
65.62543	475
65.645703	436
65.665976	478
65.686249	492
65.706522	487
65.726795	458
65.747068	480
65.767341	466
65.787614	470
65.807887	464
65.82816	494
65.848433	494
65.868706	472
65.888979	470
65.909252	481
65.929525	453
65.949798	450
65.970071	430
65.990344	489
66.010617	477
66.03089	459
66.051163	486
66.071436	482
66.091709	455
66.111982	484
66.132255	497
66.152528	432
66.172801	462
66.193074	444
66.213347	499
66.23362	468
66.253893	468
66.274166	454
66.294439	485
66.314712	468
66.334985	502
66.355258	451
66.375531	451
66.395804	486
66.416077	463
66.43635	474
66.456623	493
66.476896	452
66.497169	499
66.517442	486
66.537715	496
66.557988	447
66.578261	478
66.598534	479
66.618807	478
66.63908	477
66.659353	479
66.679626	472
66.699899	441
66.720172	526
66.740445	494
66.760718	469
66.780991	491
66.801264	481
66.821537	447
66.84181	438
66.862083	430
66.882356	524
66.902629	472
66.922902	466
66.943175	484
66.963448	479
66.983721	465
67.003994	445
67.024267	484
67.04454	452
67.064813	517
67.085086	461
67.105359	454
67.125632	473
67.145905	470
67.166178	473
67.186451	483
67.206724	474
67.226997	461
67.24727	435
67.267543	435
67.287816	459
67.308089	451
67.328362	499
67.348635	461
67.368908	446
67.389181	428
67.409454	445
67.429727	473
67.45	444
67.470273	449
67.490546	470
67.510819	432
67.531092	467
67.551365	478
67.571638	443
67.591911	468
67.612184	446
67.632457	465
67.65273	482
67.673003	453
67.693276	432
67.713549	475
67.733822	456
67.754095	441
67.774368	467
67.794641	450
67.814914	469
67.835187	440
67.85546	463
67.875733	425
67.896006	444
67.916279	465
67.936552	433
67.956825	472
67.977098	456
67.997371	443
68.017644	450
68.037917	435
68.05819	444
68.078463	456
68.098736	404
68.119009	491
68.139282	423
68.159555	458
68.179828	438
68.200101	465
68.220374	463
68.240647	436
68.26092	469
68.281193	448
68.301466	451
68.321739	450
68.342012	444
68.362285	423
68.382558	443
68.402831	467
68.423104	424
68.443377	440
68.46365	425
68.483923	439
68.504196	456
68.524469	415
68.544742	416
68.565015	470
68.585288	443
68.605561	428
68.625834	428
68.646107	423
68.66638	463
68.686653	429
68.706926	408
68.727199	441
68.747472	435
68.767745	429
68.788018	438
68.808291	426
68.828564	451
68.848837	417
68.86911	425
68.889383	410
68.909656	454
68.929929	436
68.950202	423
68.970475	451
68.990748	424
69.011021	445
69.031294	422
69.051567	403
69.07184	429
69.092113	429
69.112386	434
69.132659	427
69.152932	435
69.173205	427
69.193478	402
69.213751	453
69.234024	409
69.254297	442
69.27457	405
69.294843	423
69.315116	438
69.335389	430
69.355662	440
69.375935	449
69.396208	467
69.416481	456
69.436754	386
69.457027	410
69.4773	418
69.497573	438
69.517846	461
69.538119	410
69.558392	424
69.578665	421
69.598938	433
69.619211	472
69.639484	420
69.659757	392
69.68003	431
69.700303	442
69.720576	433
69.740849	373
69.761122	435
69.781395	419
69.801668	444
69.821941	455
69.842214	432
69.862487	438
69.88276	462
69.903033	418
69.923306	428
69.943579	461
69.963852	416
69.984125	445
70.004398	434
70.024671	412
70.044944	429
70.065217	435
70.08549	403
70.105763	448
70.126036	446
70.146309	416
70.166582	428
70.186855	406
70.207128	379
70.227401	451
70.247674	407
70.267947	423
70.28822	434
70.308493	424
70.328766	456
70.349039	436
70.369312	425
70.389585	401
70.409858	418
70.430131	396
70.450404	423
70.470677	440
70.49095	457
70.511223	411
70.531496	404
70.551769	427
70.572042	413
70.592315	426
70.612588	403
70.632861	394
70.653134	411
70.673407	373
70.69368	439
70.713953	423
70.734226	413
70.754499	431
70.774772	414
70.795045	390
70.815318	405
70.835591	408
70.855864	398
70.876137	412
70.89641	416
70.916683	438
70.936956	396
70.957229	383
70.977502	388
70.997775	402
71.018048	403
71.038321	424
71.058594	406
71.078867	386
71.09914	344
71.119413	402
71.139686	430
71.159959	416
71.180232	408
71.200505	403
71.220778	410
71.241051	381
71.261324	420
71.281597	381
71.30187	409
71.322143	437
71.342416	389
71.362689	404
71.382962	381
71.403235	446
71.423508	417
71.443781	407
71.464054	394
71.484327	409
71.5046	394
71.524873	377
71.545146	418
71.565419	439
71.585692	414
71.605965	410
71.626238	386
71.646511	396
71.666784	386
71.687057	378
71.70733	399
71.727603	418
71.747876	393
71.768149	394
71.788422	415
71.808695	386
71.828968	406
71.849241	387
71.869514	389
71.889787	392
71.91006	390
71.930333	378
71.950606	410
71.970879	424
71.991152	421
72.011425	401
72.031698	392
72.051971	418
72.072244	410
72.092517	409
72.11279	372
72.133063	406
72.153336	402
72.173609	370
72.193882	420
72.214155	389
72.234428	421
72.254701	392
72.274974	375
72.295247	385
72.31552	375
72.335793	400
72.356066	412
72.376339	364
72.396612	374
72.416885	394
72.437158	392
72.457431	396
72.477704	409
72.497977	378
72.51825	422
72.538523	408
72.558796	412
72.579069	386
72.599342	357
72.619615	409
72.639888	397
72.660161	395
72.680434	375
72.700707	424
72.72098	395
72.741253	412
72.761526	367
72.781799	373
72.802072	389
72.822345	397
72.842618	357
72.862891	405
72.883164	400
72.903437	397
72.92371	392
72.943983	402
72.964256	394
72.984529	359
73.004802	391
73.025075	367
73.045348	408
73.065621	396
73.085894	402
73.106167	396
73.12644	389
73.146713	391
73.166986	390
73.187259	382
73.207532	396
73.227805	394
73.248078	363
73.268351	416
73.288624	394
73.308897	386
73.32917	380
73.349443	405
73.369716	375
73.389989	389
73.410262	372
73.430535	362
73.450808	345
73.471081	389
73.491354	397
73.511627	388
73.5319	379
73.552173	401
73.572446	391
73.592719	365
73.612992	415
73.633265	395
73.653538	388
73.673811	351
73.694084	421
73.714357	370
73.73463	378
73.754903	393
73.775176	391
73.795449	401
73.815722	393
73.835995	398
73.856268	377
73.876541	390
73.896814	389
73.917087	355
73.93736	349
73.957633	396
73.977906	374
73.998179	406
74.018452	380
74.038725	377
74.058998	343
74.079271	388
74.099544	385
74.119817	404
74.14009	381
74.160363	362
74.180636	406
74.200909	374
74.221182	382
74.241455	363
74.261728	357
74.282001	379
74.302274	365
74.322547	393
74.34282	322
74.363093	358
74.383366	356
74.403639	354
74.423912	373
74.444185	366
74.464458	376
74.484731	364
74.505004	382
74.525277	399
74.54555	379
74.565823	375
74.586096	409
74.606369	389
74.626642	388
74.646915	376
74.667188	361
74.687461	381
74.707734	378
74.728007	376
74.74828	379
74.768553	366
74.788826	384
74.809099	346
74.829372	394
74.849645	392
74.869918	397
74.890191	361
74.910464	371
74.930737	388
74.95101	373
74.971283	379
74.991556	380
75.011829	394
75.032102	358
75.052375	405
75.072648	384
75.092921	406
75.113194	380
75.133467	365
75.15374	392
75.174013	368
75.194286	352
75.214559	408
75.234832	373
75.255105	367
75.275378	365
75.295651	333
75.315924	373
75.336197	362
75.35647	390
75.376743	364
75.397016	362
75.417289	379
75.437562	352
75.457835	368
75.478108	383
75.498381	343
75.518654	396
75.538927	390
75.5592	371
75.579473	369
75.599746	361
75.620019	386
75.640292	385
75.660565	355
75.680838	378
75.701111	345
75.721384	365
75.741657	375
75.76193	368
75.782203	360
75.802476	349
75.822749	384
75.843022	365
75.863295	376
75.883568	412
75.903841	362
75.924114	356
75.944387	372
75.96466	337
75.984933	379
76.005206	348
76.025479	356
76.045752	369
76.066025	356
76.086298	347
76.106571	361
76.126844	314
76.147117	394
76.16739	363
76.187663	362
76.207936	370
76.228209	349
76.248482	370
76.268755	358
76.289028	349
76.309301	377
76.329574	370
76.349847	356
76.37012	381
76.390393	382
76.410666	355
76.430939	392
76.451212	340
76.471485	383
76.491758	353
76.512031	384
76.532304	375
76.552577	343
76.57285	375
76.593123	368
76.613396	357
76.633669	366
76.653942	371
76.674215	386
76.694488	350
76.714761	351
76.735034	321
76.755307	362
76.77558	345
76.795853	366
76.816126	366
76.836399	358
76.856672	373
76.876945	372
76.897218	379
76.917491	372
76.937764	378
76.958037	397
76.97831	353
76.998583	363
77.018856	363
77.039129	396
77.059402	372
77.079675	346
77.099948	368
77.120221	336
77.140494	347
77.160767	341
77.18104	357
77.201313	357
77.221586	356
77.241859	367
77.262132	355
77.282405	369
77.302678	378
77.322951	351
77.343224	359
77.363497	364
77.38377	340
77.404043	363
77.424316	338
77.444589	341
77.464862	339
77.485135	354
77.505408	360
77.525681	310
77.545954	356
77.566227	370
77.5865	367
77.606773	358
77.627046	370
77.647319	350
77.667592	333
77.687865	347
77.708138	365
77.728411	363
77.748684	352
77.768957	367
77.78923	339
77.809503	364
77.829776	364
77.850049	332
77.870322	356
77.890595	315
77.910868	320
77.931141	341
77.951414	379
77.971687	374
77.99196	368
78.012233	321
78.032506	345
78.052779	345
78.073052	363
78.093325	342
78.113598	367
78.133871	350
78.154144	339
78.174417	335
78.19469	353
78.214963	349
78.235236	326
78.255509	361
78.275782	359
78.296055	355
78.316328	371
78.336601	370
78.356874	365
78.377147	355
78.39742	350
78.417693	341
78.437966	322
78.458239	337
78.478512	356
78.498785	359
78.519058	344
78.539331	328
78.559604	367
78.579877	330
78.60015	340
78.620423	373
78.640696	333
78.660969	333
78.681242	345
78.701515	370
78.721788	350
78.742061	333
78.762334	363
78.782607	311
78.80288	340
78.823153	362
78.843426	361
78.863699	375
78.883972	340
78.904245	352
78.924518	337
78.944791	312
78.965064	359
78.985337	336
79.00561	316
79.025883	372
79.046156	345
79.066429	352
79.086702	351
79.106975	338
79.127248	355
79.147521	344
79.167794	362
79.188067	345
79.20834	338
79.228613	326
79.248886	327
79.269159	346
79.289432	330
79.309705	347
79.329978	357
79.350251	356
79.370524	351
79.390797	312
79.41107	351
79.431343	347
79.451616	350
79.471889	346
79.492162	343
79.512435	352
79.532708	371
79.552981	334
79.573254	351
79.593527	340
79.6138	318
79.634073	353
79.654346	326
79.674619	343
79.694892	365
79.715165	322
79.735438	374
79.755711	345
79.775984	333
79.796257	337
79.81653	323
79.836803	373
79.857076	350
79.877349	345
79.897622	344
79.917895	367
79.938168	308
79.958441	366
79.978714	346
79.998987	341
80.01926	384
