10.097683	1
10.117956	12
10.138229	-4
10.158502	-42
10.178775	13
10.199048	5
10.219321	-10
10.239594	30
10.259867	0
10.28014	41
10.300413	44
10.320686	-12
10.340959	0
10.361232	0
10.381505	-38
10.401778	-11
10.422051	13
10.442324	31
10.462597	8
10.48287	3
10.503143	18
10.523416	27
10.543689	8
10.563962	74
10.584235	-39
10.604508	20
10.624781	-8
10.645054	-20
10.665327	-52
10.6856	23
10.705873	-8
10.726146	45
10.746419	-42
10.766692	28
10.786965	13
10.807238	37
10.827511	-3
10.847784	11
10.868057	14
10.88833	-46
10.908603	-40
10.928876	42
10.949149	-3
10.969422	-1
10.989695	-2
11.009968	-14
11.030241	-45
11.050514	80
11.070787	-17
11.09106	-9
11.111333	-16
11.131606	-9
11.151879	30
11.172152	-21
11.192425	35
11.212698	2
11.232971	49
11.253244	-20
11.273517	-42
11.29379	3
11.314063	14
11.334336	9
11.354609	1
11.374882	69
11.395155	35
11.415428	61
11.435701	-28
11.455974	-40
11.476247	43
11.49652	1
11.516793	50
11.537066	-34
11.557339	3
11.577612	-13
11.597885	-11
11.618158	14
11.638431	-17
11.658704	47
11.678977	-19
11.69925	-6
11.719523	-22
11.739796	8
11.760069	-45
11.780342	-17
11.800615	33
11.820888	53
11.841161	-1
11.861434	-41
11.881707	-21
11.90198	37
11.922253	43
11.942526	9
11.962799	31
11.983072	-44
12.003345	-31
12.023618	18
12.043891	66
12.064164	36
12.084437	18
12.10471	-8
12.124983	17
12.145256	18
12.165529	-20
12.185802	53
12.206075	6
12.226348	49
12.246621	-2
12.266894	68
12.287167	-17
12.30744	-48
12.327713	-38
12.347986	19
12.368259	-20
12.388532	-25
12.408805	59
12.429078	0
12.449351	47
12.469624	31
12.489897	52
12.51017	26
12.530443	10
12.550716	18
12.570989	-16
12.591262	0
12.611535	56
12.631808	11
12.652081	-25
12.672354	-29
12.692627	-18
12.7129	12
12.733173	-19
12.753446	24
12.773719	-17
12.793992	39
12.814265	-27
12.834538	23
12.854811	40
12.875084	1
12.895357	-41
12.91563	6
12.935903	7
12.956176	-1
12.976449	50
12.996722	-27
13.016995	21
13.037268	42
13.057541	-20
13.077814	-51
13.098087	-20
13.11836	-28
13.138633	-18
13.158906	-38
13.179179	0
13.199452	-29
13.219725	-13
13.239998	3
13.260271	-29
13.280544	-9
13.300817	40
13.32109	-15
13.341363	-9
13.361636	28
13.381909	14
13.402182	61
13.422455	-23
13.442728	57
13.463001	3
13.483274	-27
13.503547	-26
13.52382	4
13.544093	-11
13.564366	-35
13.584639	-24
13.604912	-30
13.625185	-25
13.645458	-43
13.665731	-8
13.686004	4
13.706277	32
13.72655	-20
13.746823	-25
13.767096	-32
13.787369	31
13.807642	45
13.827915	16
13.848188	0
13.868461	5
13.888734	-23
13.909007	-8
13.92928	-49
13.949553	-8
13.969826	19
13.990099	4
14.010372	-22
14.030645	16
14.050918	-23
14.071191	-40
14.091464	-8
14.111737	-1
14.13201	-50
14.152283	8
14.172556	-15
14.192829	41
14.213102	-9
14.233375	48
14.253648	44
14.273921	-16
14.294194	13
14.314467	32
14.33474	-40
14.355013	-16
14.375286	26
14.395559	-58
14.415832	13
14.436105	9
14.456378	-13
14.476651	3
14.496924	1
14.517197	-2
14.53747	-79
14.557743	4
14.578016	13
14.598289	-26
14.618562	-15
14.638835	-25
14.659108	-40
14.679381	-36
14.699654	22
14.719927	25
14.7402	-14
14.760473	-27
14.780746	7
14.801019	-14
14.821292	-35
14.841565	-15
14.861838	-74
14.882111	-47
14.902384	-16
14.922657	-1
14.94293	-73
14.963203	54
14.983476	-9
15.003749	21
15.024022	-6
15.044295	45
15.064568	-30
15.084841	-5
15.105114	3
15.125387	37
15.14566	36
15.165933	34
15.186206	-21
15.206479	-34
15.226752	-23
15.247025	8
15.267298	-58
15.287571	-39
15.307844	-36
15.328117	12
15.34839	30
15.368663	16
15.388936	-34
15.409209	-14
15.429482	-11
15.449755	-10
15.470028	-9
15.490301	11
15.510574	17
15.530847	-37
15.55112	0
15.571393	33
15.591666	-1
15.611939	-12
15.632212	-6
15.652485	-4
15.672758	-21
15.693031	-72
15.713304	10
15.733577	3
15.75385	-9
15.774123	14
15.794396	-56
15.814669	48
15.834942	-13
15.855215	14
15.875488	-10
15.895761	5
15.916034	-13
15.936307	-33
15.95658	10
15.976853	70
15.997126	22
16.017399	14
16.037672	-52
16.057945	21
16.078218	26
16.098491	37
16.118764	23
16.139037	35
16.15931	5
16.179583	-70
16.199856	14
16.220129	-51
16.240402	-1
16.260675	-8
16.280948	-24
16.301221	39
16.321494	-7
16.341767	-11
16.36204	-46
16.382313	-55
16.402586	80
16.422859	8
16.443132	-10
16.463405	-26
16.483678	37
16.503951	-12
16.524224	37
16.544497	-46
16.56477	0
16.585043	2
16.605316	-30
16.625589	-36
16.645862	18
16.666135	19
16.686408	-6
16.706681	-43
16.726954	-19
16.747227	-49
16.7675	-1
16.787773	13
16.808046	33
16.828319	16
16.848592	39
16.868865	-8
16.889138	-36
16.909411	7
16.929684	35
16.949957	27
16.97023	5
16.990503	28
17.010776	16
17.031049	31
17.051322	-8
17.071595	-1
17.091868	2
17.112141	-10
17.132414	77
17.152687	-45
17.17296	4
17.193233	-23
17.213506	-12
17.233779	13
17.254052	17
17.274325	14
17.294598	-47
17.314871	-7
17.335144	25
17.355417	-61
17.37569	-50
17.395963	-36
17.416236	7
17.436509	-15
17.456782	17
17.477055	36
17.497328	-5
17.517601	-44
17.537874	-70
17.558147	33
17.57842	-30
17.598693	40
17.618966	-57
17.639239	33
17.659512	-47
17.679785	4
17.700058	-84
17.720331	-2
17.740604	-35
17.760877	-22
17.78115	-19
17.801423	-45
17.821696	-2
17.841969	2
17.862242	78
17.882515	-13
17.902788	-28
17.923061	-41
17.943334	31
17.963607	17
17.98388	34
18.004153	4
18.024426	-87
18.044699	-28
18.064972	21
18.085245	-61
18.105518	-25
18.125791	52
18.146064	-53
18.166337	7
18.18661	4
18.206883	-23
18.227156	-15
18.247429	-61
18.267702	23
18.287975	-55
18.308248	-74
18.328521	-3
18.348794	-41
18.369067	-14
18.38934	-22
18.409613	-15
18.429886	5
18.450159	-11
18.470432	23
18.490705	-59
18.510978	-1
18.531251	-59
18.551524	-3
18.571797	5
18.59207	-5
18.612343	87
18.632616	-1
18.652889	-6
18.673162	27
18.693435	-43
18.713708	-35
18.733981	-72
18.754254	28
18.774527	-28
18.7948	6
18.815073	-39
18.835346	57
18.855619	-23
18.875892	1
18.896165	53
18.916438	-58
18.936711	-1
18.956984	-42
18.977257	54
18.99753	1
19.017803	-39
19.038076	18
19.058349	17
19.078622	6
19.098895	13
19.119168	-58
19.139441	-54
19.159714	25
19.179987	-57
19.20026	-6
19.220533	28
19.240806	-35
19.261079	-18
19.281352	27
19.301625	12
19.321898	-38
19.342171	-45
19.362444	-69
19.382717	0
19.40299	65
19.423263	-1
19.443536	23
19.463809	-25
19.484082	18
19.504355	51
19.524628	-12
19.544901	-19
19.565174	65
19.585447	13
19.60572	-43
19.625993	4
19.646266	60
19.666539	-36
19.686812	4
19.707085	-5
19.727358	-31
19.747631	19
19.767904	-11
19.788177	-34
19.80845	71
19.828723	-11
19.848996	-3
19.869269	27
19.889542	-14
19.909815	48
19.930088	45
19.950361	3
19.970634	46
19.990907	-5
20.01118	79
20.031453	27
20.051726	-74
20.071999	-40
20.092272	27
20.112545	-52
20.132818	6
20.153091	-17
20.173364	3
20.193637	22
20.21391	5
20.234183	-18
20.254456	-16
20.274729	-53
20.295002	-10
20.315275	-26
20.335548	30
20.355821	-29
20.376094	-21
20.396367	41
20.41664	-1
20.436913	37
20.457186	-54
20.477459	65
20.497732	32
20.518005	-24
20.538278	15
20.558551	9
20.578824	31
20.599097	-18
20.61937	29
20.639643	-12
20.659916	56
20.680189	-16
20.700462	-43
20.720735	16
20.741008	-24
20.761281	17
20.781554	26
20.801827	-33
20.8221	-36
20.842373	-35
20.862646	32
20.882919	7
20.903192	-31
20.923465	51
20.943738	12
20.964011	-43
20.984284	46
21.004557	-27
21.02483	-29
21.045103	-68
21.065376	-38
21.085649	-46
21.105922	19
21.126195	-73
21.146468	-24
21.166741	-75
21.187014	-61
21.207287	-36
21.22756	52
21.247833	-11
21.268106	-10
21.288379	-63
21.308652	75
21.328925	-18
21.349198	-69
21.369471	-36
21.389744	-28
21.410017	-37
21.43029	67
21.450563	46
21.470836	26
21.491109	32
21.511382	-31
21.531655	-70
21.551928	19
21.572201	-39
21.592474	11
21.612747	-44
21.63302	-70
21.653293	30
21.673566	56
21.693839	35
21.714112	-21
21.734385	12
21.754658	-51
21.774931	26
21.795204	58
21.815477	-90
21.83575	-35
21.856023	63
21.876296	12
21.896569	41
21.916842	-81
21.937115	-6
21.957388	27
21.977661	-68
21.997934	-60
22.018207	3
22.03848	10
22.058753	-19
22.079026	-89
22.099299	-50
22.119572	40
22.139845	-36
22.160118	35
22.180391	-18
22.200664	-30
22.220937	-74
22.24121	0
22.261483	88
22.281756	28
22.302029	-19
22.322302	-33
22.342575	44
22.362848	-41
22.383121	10
22.403394	-33
22.423667	-25
22.44394	29
22.464213	-15
22.484486	3
22.504759	-50
22.525032	-41
22.545305	-24
22.565578	30
22.585851	20
22.606124	73
22.626397	-66
22.64667	-25
22.666943	29
22.687216	5
22.707489	33
22.727762	-83
22.748035	-71
22.768308	10
22.788581	5
22.808854	2
22.829127	-43
22.8494	-22
22.869673	77
22.889946	-51
22.910219	14
22.930492	-13
22.950765	7
22.971038	-32
22.991311	-41
23.011584	-32
23.031857	80
23.05213	50
23.072403	-4
23.092676	4
23.112949	22
23.133222	-38
23.153495	73
23.173768	95
23.194041	52
23.214314	25
23.234587	72
23.25486	29
23.275133	18
23.295406	-60
23.315679	32
23.335952	-11
23.356225	31
23.376498	75
23.396771	62
23.417044	42
23.437317	55
23.45759	-7
23.477863	-7
23.498136	37
23.518409	72
23.538682	37
23.558955	-4
23.579228	0
23.599501	40
23.619774	3
23.640047	-13
23.66032	-28
23.680593	-23
23.700866	-14
23.721139	-14
23.741412	6
23.761685	28
23.781958	-4
23.802231	82
23.822504	31
23.842777	59
23.86305	8
23.883323	54
23.903596	19
23.923869	38
23.944142	21
23.964415	60
23.984688	8
24.004961	21
24.025234	-31
24.045507	2
24.06578	73
24.086053	1
24.106326	21
24.126599	-1
24.146872	23
24.167145	82
24.187418	46
24.207691	32
24.227964	40
24.248237	20
24.26851	22
24.288783	3
24.309056	9
24.329329	16
24.349602	1
24.369875	15
24.390148	-56
24.410421	7
24.430694	-50
24.450967	3
24.47124	34
24.491513	-60
24.511786	27
24.532059	-37
24.552332	38
24.572605	-44
24.592878	25
24.613151	-31
24.633424	15
24.653697	7
24.67397	2
24.694243	-73
24.714516	-37
24.734789	-5
24.755062	-53
24.775335	-1
24.795608	3
24.815881	-89
24.836154	-31
24.856427	-12
24.8767	0
24.896973	-85
24.917246	0
24.937519	-28
24.957792	-22
24.978065	-17
24.998338	27
25.018611	-37
25.038884	5
25.059157	-14
25.07943	17
25.099703	22
25.119976	-3
25.140249	-7
25.160522	-8
25.180795	-30
25.201068	12
25.221341	64
25.241614	3
25.261887	-46
25.28216	1
25.302433	87
25.322706	4
25.342979	25
25.363252	58
25.383525	96
25.403798	43
25.424071	28
25.444344	26
25.464617	38
25.48489	23
25.505163	25
25.525436	85
25.545709	37
25.565982	67
25.586255	41
25.606528	62
25.626801	82
25.647074	53
25.667347	9
25.68762	18
25.707893	52
25.728166	51
25.748439	-36
25.768712	43
25.788985	24
25.809258	-5
25.829531	-52
25.849804	-4
25.870077	9
25.89035	-16
25.910623	-42
25.930896	18
25.951169	-48
25.971442	48
25.991715	-11
26.011988	-48
26.032261	-13
26.052534	-1
26.072807	-32
26.09308	-47
26.113353	-30
26.133626	-28
26.153899	-77
26.174172	-1
26.194445	-87
26.214718	15
26.234991	-58
26.255264	-81
26.275537	50
26.29581	-63
26.316083	29
26.336356	-18
26.356629	32
26.376902	-13
26.397175	-26
26.417448	40
26.437721	-49
26.457994	-27
26.478267	49
26.49854	-10
26.518813	48
26.539086	34
26.559359	39
26.579632	-42
26.599905	-15
26.620178	21
26.640451	-30
26.660724	14
26.680997	-17
26.70127	-30
26.721543	-11
26.741816	-25
26.762089	55
26.782362	-40
26.802635	49
26.822908	2
26.843181	15
26.863454	-12
26.883727	-28
26.904	-32
26.924273	-54
26.944546	47
26.964819	-26
26.985092	-28
27.005365	-1
27.025638	-1
27.045911	52
27.066184	-6
27.086457	-2
27.10673	-37
27.127003	8
27.147276	26
27.167549	-7
27.187822	-25
27.208095	-28
27.228368	6
27.248641	-6
27.268914	12
27.289187	79
27.30946	-21
27.329733	15
27.350006	2
27.370279	65
27.390552	16
27.410825	43
27.431098	-10
27.451371	26
27.471644	-13
27.491917	32
27.51219	-39
27.532463	48
27.552736	33
27.573009	-29
27.593282	21
27.613555	-16
27.633828	81
27.654101	47
27.674374	84
27.694647	-26
27.71492	8
27.735193	32
27.755466	4
27.775739	3
27.796012	33
27.816285	61
27.836558	-3
27.856831	-16
27.877104	-7
27.897377	26
27.91765	-18
27.937923	1
27.958196	23
27.978469	20
27.998742	-15
28.019015	36
28.039288	-6
28.059561	48
28.079834	-37
28.100107	52
28.12038	2
28.140653	42
28.160926	58
28.181199	-37
28.201472	-23
28.221745	29
28.242018	30
28.262291	14
28.282564	-1
28.302837	29
28.32311	59
28.343383	-6
28.363656	-37
28.383929	-22
28.404202	27
28.424475	41
28.444748	44
28.465021	-43
28.485294	32
28.505567	-7
28.52584	1
28.546113	34
28.566386	-31
28.586659	-4
28.606932	-22
28.627205	37
28.647478	-24
28.667751	36
28.688024	37
28.708297	-27
28.72857	27
28.748843	-65
28.769116	25
28.789389	36
28.809662	-14
28.829935	28
28.850208	27
28.870481	43
28.890754	68
28.911027	54
28.9313	-16
28.951573	-62
28.971846	-12
28.992119	-24
29.012392	29
29.032665	43
29.052938	56
29.073211	8
29.093484	-1
29.113757	-40
29.13403	19
29.154303	14
29.174576	-57
29.194849	-30
29.215122	-4
29.235395	-31
29.255668	35
29.275941	-7
29.296214	37
29.316487	-39
29.33676	42
29.357033	10
29.377306	17
29.397579	-18
29.417852	-17
29.438125	41
29.458398	15
29.478671	42
29.498944	82
29.519217	54
29.53949	-11
29.559763	43
29.580036	75
29.600309	64
29.620582	-11
29.640855	49
29.661128	23
29.681401	15
29.701674	-36
29.721947	-18
29.74222	-23
29.762493	-18
29.782766	-38
29.803039	57
29.823312	48
29.843585	-7
29.863858	28
29.884131	55
29.904404	57
29.924677	12
29.94495	-27
29.965223	-22
29.985496	34
30.005769	13
30.026042	15
30.046315	-16
30.066588	17
30.086861	-25
30.107134	32
30.127407	-18
30.14768	-21
30.167953	23
30.188226	-2
30.208499	4
30.228772	51
30.249045	-19
30.269318	-3
30.289591	24
30.309864	98
30.330137	90
30.35041	-50
30.370683	22
30.390956	32
30.411229	13
30.431502	39
30.451775	-6
30.472048	-25
30.492321	-51
30.512594	-24
30.532867	-26
30.55314	21
30.573413	64
30.593686	47
30.613959	-26
30.634232	30
30.654505	-1
30.674778	10
30.695051	2
30.715324	-28
30.735597	7
30.75587	19
30.776143	76
30.796416	-24
30.816689	28
30.836962	-20
30.857235	38
30.877508	17
30.897781	-38
30.918054	57
30.938327	27
30.9586	43
30.978873	38
30.999146	37
31.019419	11
31.039692	80
31.059965	34
31.080238	29
31.100511	26
31.120784	21
31.141057	-17
31.16133	21
31.181603	54
31.201876	-11
31.222149	50
31.242422	33
31.262695	-31
31.282968	-12
31.303241	25
31.323514	31
31.343787	-4
31.36406	75
31.384333	49
31.404606	-36
31.424879	-6
31.445152	7
31.465425	-11
31.485698	-4
31.505971	19
31.526244	47
31.546517	-11
31.56679	46
31.587063	-13
31.607336	68
31.627609	57
31.647882	63
31.668155	17
31.688428	45
31.708701	43
31.728974	-12
31.749247	85
31.76952	14
31.789793	28
31.810066	61
31.830339	-19
31.850612	77
31.870885	9
31.891158	17
31.911431	97
31.931704	17
31.951977	-11
31.97225	-10
31.992523	-21
32.012796	-15
32.033069	-19
32.053342	34
32.073615	4
32.093888	13
32.114161	-13
32.134434	2
32.154707	23
32.17498	24
32.195253	-7
32.215526	22
32.235799	-6
32.256072	6
32.276345	24
32.296618	18
32.316891	33
32.337164	30
32.357437	13
32.37771	16
32.397983	18
32.418256	23
32.438529	-9
32.458802	58
32.479075	95
32.499348	41
32.519621	39
32.539894	-25
32.560167	75
32.58044	70
32.600713	49
32.620986	24
32.641259	57
32.661532	-4
32.681805	78
32.702078	38
32.722351	27
32.742624	-18
32.762897	20
32.78317	-39
32.803443	-2
32.823716	-14
32.843989	82
32.864262	4
32.884535	-15
32.904808	-17
32.925081	47
32.945354	-54
32.965627	12
32.9859	-12
33.006173	-5
33.026446	12
33.046719	-6
33.066992	-10
33.087265	32
33.107538	30
33.127811	11
33.148084	-24
33.168357	8
33.18863	37
33.208903	-8
33.229176	32
33.249449	-17
33.269722	43
33.289995	-18
33.310268	-14
33.330541	-21
33.350814	35
33.371087	24
33.39136	23
33.411633	7
33.431906	3
33.452179	13
33.472452	-23
33.492725	17
33.512998	66
33.533271	-8
33.553544	-63
33.573817	7
33.59409	1
33.614363	4
33.634636	39
33.654909	-13
33.675182	32
33.695455	25
33.715728	-27
33.736001	-3
33.756274	30
33.776547	-22
33.79682	-20
33.817093	20
33.837366	25
33.857639	50
33.877912	-12
33.898185	4
33.918458	-51
33.938731	81
33.959004	-78
33.979277	-8
33.99955	42
34.019823	89
34.040096	-51
34.060369	19
34.080642	6
34.100915	-18
34.121188	39
34.141461	-15
34.161734	-15
34.182007	24
34.20228	14
34.222553	34
34.242826	-30
34.263099	17
34.283372	21
34.303645	37
34.323918	-27
34.344191	30
34.364464	-11
34.384737	-5
34.40501	-14
34.425283	-40
34.445556	31
34.465829	1
34.486102	10
34.506375	-7
34.526648	13
34.546921	-21
34.567194	-27
34.587467	18
34.60774	-9
34.628013	-9
34.648286	10
34.668559	-38
34.688832	-26
34.709105	7
34.729378	-40
34.749651	43
34.769924	-16
34.790197	-7
34.81047	68
34.830743	-23
34.851016	-24
34.871289	2
34.891562	-8
34.911835	-9
34.932108	-47
34.952381	-26
34.972654	-8
34.992927	73
35.0132	5
35.033473	56
35.053746	-25
35.074019	14
35.094292	17
35.114565	48
35.134838	-28
35.155111	-25
35.175384	23
35.195657	-4
35.21593	31
35.236203	-27
35.256476	-30
35.276749	29
35.297022	15
35.317295	20
35.337568	-46
35.357841	11
35.378114	5
35.398387	6
35.41866	-12
35.438933	28
35.459206	9
35.479479	6
35.499752	-48
35.520025	73
35.540298	45
35.560571	-40
35.580844	-30
35.601117	-12
35.62139	8
35.641663	3
35.661936	4
35.682209	-8
35.702482	-29
35.722755	27
35.743028	34
35.763301	16
35.783574	-10
35.803847	25
35.82412	-11
35.844393	-30
35.864666	3
35.884939	44
35.905212	-19
35.925485	-2
35.945758	20
35.966031	15
35.986304	59
36.006577	-12
36.02685	6
36.047123	13
36.067396	50
36.087669	30
36.107942	27
36.128215	-39
36.148488	8
36.168761	4
36.189034	20
36.209307	-44
36.22958	43
36.249853	18
36.270126	31
36.290399	26
36.310672	40
36.330945	28
36.351218	42
36.371491	7
36.391764	37
36.412037	-30
36.43231	27
36.452583	-18
36.472856	28
36.493129	-40
36.513402	-4
36.533675	15
36.553948	70
36.574221	32
36.594494	66
36.614767	-1
36.63504	-22
36.655313	7
36.675586	-4
36.695859	50
36.716132	5
36.736405	40
36.756678	28
36.776951	18
36.797224	35
36.817497	-51
36.83777	-2
36.858043	81
36.878316	42
36.898589	-5
36.918862	-2
36.939135	23
36.959408	17
36.979681	-3
36.999954	77
37.020227	10
37.0405	-8
37.060773	-3
37.081046	-13
37.101319	55
37.121592	11
37.141865	10
37.162138	-40
37.182411	21
37.202684	11
37.222957	-23
37.24323	89
37.263503	27
37.283776	46
37.304049	-7
37.324322	13
37.344595	-11
37.364868	32
37.385141	42
37.405414	-10
37.425687	-9
37.44596	38
37.466233	40
37.486506	15
37.506779	7
37.527052	1
37.547325	28
37.567598	-12
37.587871	32
37.608144	-34
37.628417	-8
37.64869	39
37.668963	6
37.689236	6
37.709509	0
37.729782	1
37.750055	-3
37.770328	-8
37.790601	-27
37.810874	39
37.831147	-11
37.85142	11
37.871693	16
37.891966	-17
37.912239	28
37.932512	9
37.952785	17
37.973058	11
37.993331	12
38.013604	-7
38.033877	-24
38.05415	-14
38.074423	-51
38.094696	-13
38.114969	26
38.135242	39
38.155515	-25
38.175788	26
38.196061	-3
38.216334	19
38.236607	-54
38.25688	-11
38.277153	54
38.297426	16
38.317699	-10
38.337972	11
38.358245	-40
38.378518	-15
38.398791	13
38.419064	-29
38.439337	-11
38.45961	-2
38.479883	1
38.500156	30
38.520429	-2
38.540702	-6
38.560975	-17
38.581248	-4
38.601521	4
38.621794	18
38.642067	-3
38.66234	1
38.682613	6
38.702886	-10
38.723159	-19
38.743432	30
38.763705	44
38.783978	40
38.804251	-33
38.824524	-8
38.844797	14
38.86507	39
38.885343	23
38.905616	-24
38.925889	2
38.946162	27
38.966435	22
38.986708	-11
39.006981	22
39.027254	22
39.047527	-25
39.0678	-4
39.088073	19
39.108346	13
39.128619	-63
39.148892	-4
39.169165	37
39.189438	30
39.209711	-23
39.229984	55
39.250257	-6
39.27053	-14
39.290803	-4
39.311076	8
39.331349	-21
39.351622	-13
39.371895	30
39.392168	24
39.412441	1
39.432714	9
39.452987	15
39.47326	15
39.493533	34
39.513806	-4
39.534079	-33
39.554352	29
39.574625	-7
39.594898	26
39.615171	18
39.635444	12
39.655717	-49
39.67599	-12
39.696263	-1
39.716536	80
39.736809	-62
39.757082	7
39.777355	-37
39.797628	-29
39.817901	-25
39.838174	-41
39.858447	18
39.87872	5
39.898993	-18
39.919266	25
39.939539	15
39.959812	3
39.980085	24
40.000358	12
40.020631	-32
40.040904	-28
40.061177	15
40.08145	-8
40.101723	-25
40.121996	3
40.142269	38
40.162542	-10
40.182815	67
40.203088	15
40.223361	5
40.243634	8
40.263907	19
40.28418	-8
40.304453	-31
40.324726	18
40.344999	0
40.365272	-59
40.385545	8
40.405818	-3
40.426091	19
40.446364	13
40.466637	-24
40.48691	1
40.507183	-12
40.527456	-17
40.547729	0
40.568002	-15
40.588275	-2
40.608548	10
40.628821	66
40.649094	32
40.669367	-58
40.68964	-14
40.709913	-28
40.730186	-15
40.750459	7
40.770732	-5
40.791005	-36
40.811278	-4
40.831551	49
40.851824	39
40.872097	-16
40.89237	-12
40.912643	6
40.932916	-13
40.953189	-2
40.973462	-18
40.993735	-35
41.014008	-34
41.034281	-18
41.054554	-16
41.074827	-13
41.0951	2
41.115373	-52
41.135646	-22
41.155919	-13
41.176192	-24
41.196465	-2
41.216738	2
41.237011	21
41.257284	-8
41.277557	-8
41.29783	-30
41.318103	-9
41.338376	27
41.358649	7
41.378922	1
41.399195	-1
41.419468	-14
41.439741	4
41.460014	32
41.480287	-29
41.50056	-28
41.520833	1
41.541106	-22
41.561379	-37
41.581652	-26
41.601925	-36
41.622198	46
41.642471	-45
41.662744	-22
41.683017	-3
41.70329	-6
41.723563	-1
41.743836	-8
41.764109	33
41.784382	-6
41.804655	25
41.824928	8
41.845201	17
41.865474	-62
41.885747	-19
41.90602	9
41.926293	34
41.946566	-6
41.966839	31
41.987112	-9
42.007385	-10
42.027658	27
42.047931	-2
42.068204	0
42.088477	-42
42.10875	-7
42.129023	15
42.149296	-10
42.169569	39
42.189842	-2
42.210115	18
42.230388	-24
42.250661	34
42.270934	27
42.291207	22
42.31148	63
42.331753	18
42.352026	-9
42.372299	22
42.392572	-42
42.412845	20
42.433118	28
42.453391	-2
42.473664	-1
42.493937	37
42.51421	25
42.534483	-16
42.554756	-8
42.575029	27
42.595302	-9
42.615575	4
42.635848	11
42.656121	24
42.676394	15
42.696667	11
42.71694	14
42.737213	-35
42.757486	23
42.777759	-20
42.798032	6
42.818305	35
42.838578	-28
42.858851	6
42.879124	34
42.899397	-27
42.91967	11
42.939943	2
42.960216	43
42.980489	-3
43.000762	17
43.021035	31
43.041308	7
43.061581	17
43.081854	-3
43.102127	52
43.1224	22
43.142673	11
43.162946	-28
43.183219	48
43.203492	20
43.223765	3
43.244038	-22
43.264311	-23
43.284584	0
43.304857	11
43.32513	4
43.345403	-8
43.365676	45
43.385949	-70
43.406222	-21
43.426495	-60
43.446768	1
43.467041	71
43.487314	5
43.507587	0
43.52786	-11
43.548133	-1
43.568406	-8
43.588679	-5
43.608952	-33
43.629225	-3
43.649498	40
43.669771	-2
43.690044	-6
43.710317	11
43.73059	57
43.750863	5
43.771136	20
43.791409	-59
43.811682	-5
43.831955	-25
43.852228	13
43.872501	38
43.892774	56
43.913047	-39
43.93332	41
43.953593	-2
43.973866	-74
43.994139	2
44.014412	-19
44.034685	12
44.054958	5
44.075231	-3
44.095504	-36
44.115777	21
44.13605	-5
44.156323	-6
44.176596	-10
44.196869	16
44.217142	0
44.237415	-23
44.257688	-17
44.277961	39
44.298234	-8
44.318507	3
44.33878	-23
44.359053	-3
44.379326	32
44.399599	31
44.419872	-6
44.440145	23
44.460418	-13
44.480691	36
44.500964	1
44.521237	-28
44.54151	0
44.561783	-21
44.582056	14
44.602329	-54
44.622602	14
44.642875	-54
44.663148	-9
44.683421	-15
44.703694	-80
44.723967	-2
44.74424	-27
44.764513	-13
44.784786	-3
44.805059	-3
44.825332	-18
44.845605	1
44.865878	12
44.886151	42
44.906424	34
44.926697	-33
44.94697	7
44.967243	-30
44.987516	23
45.007789	-28
45.028062	29
45.048335	-47
45.068608	-38
45.088881	13
45.109154	-10
45.129427	45
45.1497	16
45.169973	-13
45.190246	-3
45.210519	4
45.230792	-14
45.251065	-17
45.271338	-7
45.291611	-3
45.311884	-32
45.332157	7
45.35243	10
45.372703	24
45.392976	40
45.413249	-5
45.433522	-7
45.453795	11
45.474068	20
45.494341	-3
45.514614	-7
45.534887	6
45.55516	22
45.575433	-35
45.595706	18
45.615979	28
45.636252	-6
45.656525	-39
45.676798	-28
45.697071	33
45.717344	-4
45.737617	44
45.75789	30
45.778163	-2
45.798436	50
45.818709	-8
45.838982	25
45.859255	4
45.879528	-31
45.899801	-12
45.920074	32
45.940347	68
45.96062	-7
45.980893	19
46.001166	26
46.021439	25
46.041712	13
46.061985	-7
46.082258	22
46.102531	34
46.122804	-6
46.143077	12
46.16335	-25
46.183623	-3
46.203896	-19
46.224169	30
46.244442	-10
46.264715	-2
46.284988	34
46.305261	11
46.325534	-5
46.345807	-38
46.36608	16
46.386353	24
46.406626	-5
46.426899	-4
46.447172	-17
46.467445	21
46.487718	16
46.507991	50
46.528264	15
46.548537	15
46.56881	37
46.589083	11
46.609356	65
46.629629	17
46.649902	19
46.670175	16
46.690448	62
46.710721	11
46.730994	19
46.751267	1
46.77154	32
46.791813	13
46.812086	9
46.832359	9
46.852632	19
46.872905	8
46.893178	63
46.913451	1
46.933724	11
46.953997	-12
46.97427	25
46.994543	41
47.014816	19
47.035089	-32
47.055362	38
47.075635	5
47.095908	-15
47.116181	19
47.136454	-27
47.156727	-54
47.177	-5
47.197273	-5
47.217546	-4
47.237819	-26
47.258092	2
47.278365	-22
47.298638	43
47.318911	-29
47.339184	52
47.359457	-27
47.37973	-21
47.400003	36
47.420276	-33
47.440549	9
47.460822	20
47.481095	-35
47.501368	18
47.521641	-17
47.541914	9
47.562187	7
47.58246	-28
47.602733	-40
47.623006	37
47.643279	-17
47.663552	-30
47.683825	-14
47.704098	-8
47.724371	21
47.744644	35
47.764917	7
47.78519	-5
47.805463	-40
47.825736	12
47.846009	-1
47.866282	-10
47.886555	-41
47.906828	-24
47.927101	-19
47.947374	-23
47.967647	15
47.98792	4
48.008193	-32
48.028466	58
48.048739	34
48.069012	-17
48.089285	5
48.109558	26
48.129831	23
48.150104	4
48.170377	-14
48.19065	-1
48.210923	45
48.231196	25
48.251469	31
48.271742	-20
48.292015	-6
48.312288	26
48.332561	21
48.352834	1
48.373107	4
48.39338	27
48.413653	-4
48.433926	-17
48.454199	-32
48.474472	0
48.494745	14
48.515018	17
48.535291	25
48.555564	30
48.575837	1
48.59611	-19
48.616383	65
48.636656	-5
48.656929	-33
48.677202	-39
48.697475	-26
48.717748	16
48.738021	16
48.758294	53
48.778567	20
48.79884	-25
48.819113	8
48.839386	-9
48.859659	-3
48.879932	-57
48.900205	-32
48.920478	2
48.940751	-46
48.961024	-24
48.981297	-22
49.00157	-4
49.021843	-7
49.042116	-48
49.062389	34
49.082662	-8
49.102935	35
49.123208	-10
49.143481	5
49.163754	13
49.184027	-6
49.2043	-4
49.224573	37
49.244846	-3
49.265119	8
49.285392	-20
49.305665	7
49.325938	29
49.346211	34
49.366484	14
49.386757	-1
49.40703	-22
49.427303	47
49.447576	28
49.467849	23
49.488122	-25
49.508395	-2
49.528668	30
49.548941	-37
49.569214	42
49.589487	-49
49.60976	12
49.630033	-6
49.650306	34
49.670579	18
49.690852	49
49.711125	-16
49.731398	-23
49.751671	-15
49.771944	36
49.792217	-3
49.81249	-11
49.832763	-12
49.853036	-26
49.873309	61
49.893582	-5
49.913855	18
49.934128	-29
49.954401	-45
49.974674	30
49.994947	0
50.01522	-13
50.035493	21
50.055766	-19
50.076039	2
50.096312	7
50.116585	22
50.136858	-25
50.157131	4
50.177404	-30
50.197677	48
50.21795	-41
50.238223	34
50.258496	36
50.278769	-2
50.299042	9
50.319315	-17
50.339588	-36
50.359861	42
50.380134	1
50.400407	-53
50.42068	6
50.440953	-32
50.461226	-7
50.481499	-33
50.501772	-36
50.522045	-1
50.542318	14
50.562591	-19
50.582864	16
50.603137	15
50.62341	-20
50.643683	11
50.663956	-20
50.684229	17
50.704502	7
50.724775	10
50.745048	32
50.765321	8
50.785594	-3
50.805867	-1
50.82614	0
50.846413	30
50.866686	-19
50.886959	13
50.907232	-5
50.927505	-15
50.947778	10
50.968051	-28
50.988324	-15
51.008597	6
51.02887	-20
51.049143	-5
51.069416	29
51.089689	-2
51.109962	33
51.130235	-5
51.150508	-15
51.170781	13
51.191054	7
51.211327	-20
51.2316	-1
51.251873	-39
51.272146	-6
51.292419	-21
51.312692	28
51.332965	6
51.353238	17
51.373511	-1
51.393784	19
51.414057	4
51.43433	13
51.454603	-22
51.474876	25
51.495149	8
51.515422	-21
51.535695	-22
51.555968	14
51.576241	-9
51.596514	32
51.616787	5
51.63706	31
51.657333	45
51.677606	9
51.697879	1
51.718152	7
51.738425	-3
51.758698	27
51.778971	20
51.799244	38
51.819517	28
51.83979	-4
51.860063	-2
51.880336	-35
51.900609	16
51.920882	1
51.941155	-13
51.961428	6
51.981701	-11
52.001974	-37
52.022247	14
52.04252	46
52.062793	-5
52.083066	36
52.103339	-26
52.123612	-23
52.143885	-11
52.164158	-27
52.184431	-42
52.204704	-37
52.224977	-3
52.24525	-16
52.265523	-1
52.285796	23
52.306069	2
52.326342	-46
52.346615	-6
52.366888	17
52.387161	38
52.407434	32
52.427707	28
52.44798	4
52.468253	6
52.488526	17
52.508799	39
52.529072	22
52.549345	4
52.569618	17
52.589891	-3
52.610164	36
52.630437	-29
52.65071	52
52.670983	-9
52.691256	6
52.711529	46
52.731802	-4
52.752075	-12
52.772348	-3
52.792621	14
52.812894	-7
52.833167	-10
52.85344	0
52.873713	4
52.893986	-5
52.914259	-20
52.934532	10
52.954805	-6
52.975078	32
52.995351	-34
53.015624	-7
53.035897	-9
53.05617	4
53.076443	16
53.096716	6
53.116989	31
53.137262	11
53.157535	15
53.177808	-15
53.198081	64
53.218354	-19
53.238627	-26
53.2589	-11
53.279173	31
53.299446	37
53.319719	67
53.339992	37
53.360265	-15
53.380538	26
53.400811	-15
53.421084	14
53.441357	-17
53.46163	-42
53.481903	19
53.502176	-16
53.522449	22
53.542722	-10
53.562995	-6
53.583268	42
53.603541	19
53.623814	38
53.644087	22
53.66436	7
53.684633	-34
53.704906	-4
53.725179	-44
53.745452	0
53.765725	51
53.785998	-19
53.806271	-34
53.826544	-4
53.846817	-42
53.86709	-30
53.887363	33
53.907636	38
53.927909	0
53.948182	-2
53.968455	-30
53.988728	-9
54.009001	13
54.029274	9
54.049547	8
54.06982	37
54.090093	-7
54.110366	20
54.130639	-1
54.150912	-29
54.171185	-3
54.191458	-8
54.211731	-11
54.232004	32
54.252277	19
54.27255	17
54.292823	1
54.313096	15
54.333369	-19
54.353642	11
54.373915	13
54.394188	-7
54.414461	16
54.434734	-42
54.455007	48
54.47528	10
54.495553	4
54.515826	25
54.536099	5
54.556372	2
54.576645	-28
54.596918	12
54.617191	2
54.637464	4
54.657737	-29
54.67801	6
54.698283	20
54.718556	-39
54.738829	9
54.759102	-1
54.779375	9
54.799648	-20
54.819921	50
54.840194	-52
54.860467	8
54.88074	31
54.901013	17
54.921286	-36
54.941559	-18
54.961832	17
54.982105	14
55.002378	-4
55.022651	0
55.042924	9
55.063197	0
55.08347	-7
55.103743	-22
55.124016	27
55.144289	19
55.164562	-9
55.184835	35
55.205108	10
55.225381	12
55.245654	8
55.265927	-4
55.2862	28
55.306473	-9
55.326746	-28
55.347019	-19
55.367292	-23
55.387565	1
55.407838	-21
55.428111	-26
55.448384	18
55.468657	10
55.48893	14
55.509203	44
55.529476	8
55.549749	42
55.570022	-3
55.590295	-28
55.610568	-8
55.630841	-26
55.651114	7
55.671387	-29
55.69166	-25
55.711933	1
55.732206	-23
55.752479	19
55.772752	-47
55.793025	-11
55.813298	-17
55.833571	10
55.853844	-34
55.874117	-37
55.89439	21
55.914663	12
55.934936	-31
55.955209	15
55.975482	-37
55.995755	17
56.016028	-6
56.036301	4
56.056574	-12
56.076847	-47
56.09712	-2
56.117393	-14
56.137666	-40
56.157939	-9
56.178212	5
56.198485	2
56.218758	-16
56.239031	-23
56.259304	-13
56.279577	37
56.29985	-20
56.320123	10
56.340396	11
56.360669	17
56.380942	13
56.401215	-31
56.421488	-29
56.441761	33
56.462034	-2
56.482307	-17
56.50258	0
56.522853	8
56.543126	-19
56.563399	-24
56.583672	-20
56.603945	-26
56.624218	2
56.644491	-21
56.664764	-6
56.685037	24
56.70531	-37
56.725583	-29
56.745856	14
56.766129	3
56.786402	-17
56.806675	26
56.826948	-7
56.847221	-10
56.867494	-11
56.887767	17
56.90804	-18
56.928313	0
56.948586	23
56.968859	6
56.989132	-5
57.009405	2
57.029678	-23
57.049951	-10
57.070224	19
57.090497	-6
57.11077	17
57.131043	-34
57.151316	2
57.171589	13
57.191862	34
57.212135	40
57.232408	-6
57.252681	6
57.272954	31
57.293227	0
57.3135	-31
57.333773	12
57.354046	14
57.374319	46
57.394592	-23
57.414865	-5
57.435138	8
57.455411	8
57.475684	-20
57.495957	3
57.51623	56
57.536503	-29
57.556776	-19
57.577049	-15
57.597322	10
57.617595	-12
57.637868	18
57.658141	-6
57.678414	-14
57.698687	-34
57.71896	4
57.739233	35
57.759506	12
57.779779	12
57.800052	-22
57.820325	-10
57.840598	-21
57.860871	27
57.881144	20
57.901417	35
57.92169	20
57.941963	-48
57.962236	36
57.982509	22
58.002782	10
58.023055	-11
58.043328	13
58.063601	-49
58.083874	12
58.104147	3
58.12442	48
58.144693	-32
58.164966	11
58.185239	41
58.205512	4
58.225785	4
58.246058	-33
58.266331	-24
58.286604	22
58.306877	17
58.32715	16
58.347423	21
58.367696	6
58.387969	9
58.408242	21
58.428515	-12
58.448788	9
58.469061	2
58.489334	-33
58.509607	-22
58.52988	-9
58.550153	26
58.570426	11
58.590699	10
58.610972	-19
58.631245	23
58.651518	0
58.671791	41
58.692064	43
58.712337	6
58.73261	-4
58.752883	25
58.773156	22
58.793429	-14
58.813702	22
58.833975	15
58.854248	-23
58.874521	-17
58.894794	48
58.915067	1
58.93534	1
58.955613	-23
58.975886	-55
58.996159	2
59.016432	57
59.036705	-7
59.056978	-1
59.077251	26
59.097524	-12
59.117797	5
59.13807	-28
59.158343	-2
59.178616	6
59.198889	6
59.219162	-1
59.239435	-6
59.259708	63
59.279981	5
59.300254	-11
59.320527	12
59.3408	-6
59.361073	7
59.381346	25
59.401619	12
59.421892	-40
59.442165	4
59.462438	-25
59.482711	6
59.502984	-15
59.523257	-22
59.54353	43
59.563803	29
59.584076	-10
59.604349	-6
59.624622	3
59.644895	13
59.665168	0
59.685441	-4
59.705714	28
59.725987	-9
59.74626	-5
59.766533	25
59.786806	12
59.807079	-5
59.827352	21
59.847625	-9
59.867898	-12
59.888171	1
59.908444	-6
59.928717	-27
59.94899	-4
59.969263	-15
59.989536	-28
60.009809	-8
60.030082	6
60.050355	15
60.070628	5
60.090901	46
60.111174	-38
60.131447	-31
60.15172	8
60.171993	18
60.192266	6
60.212539	-21
60.232812	9
60.253085	33
60.273358	-10
60.293631	-9
60.313904	-29
60.334177	2
60.35445	7
60.374723	-48
60.394996	-7
60.415269	11
60.435542	10
60.455815	40
60.476088	2
60.496361	1
60.516634	6
60.536907	-10
60.55718	10
60.577453	-22
60.597726	4
60.617999	-11
60.638272	21
60.658545	-19
60.678818	48
60.699091	0
60.719364	20
60.739637	34
60.75991	17
60.780183	7
60.800456	11
60.820729	4
60.841002	0
60.861275	-17
60.881548	-15
60.901821	29
60.922094	-4
60.942367	-30
60.96264	2
60.982913	27
61.003186	14
61.023459	-3
61.043732	6
61.064005	-6
61.084278	15
61.104551	-14
61.124824	-2
61.145097	-14
61.16537	-26
61.185643	-16
61.205916	5
61.226189	-18
61.246462	10
61.266735	-2
61.287008	-10
61.307281	21
61.327554	22
61.347827	-9
61.3681	-7
61.388373	-57
61.408646	8
61.428919	-17
61.449192	-5
61.469465	-1
61.489738	-4
61.510011	-3
61.530284	-5
61.550557	-10
61.57083	-5
61.591103	-11
61.611376	3
61.631649	-29
61.651922	-27
61.672195	27
61.692468	-6
61.712741	36
61.733014	35
61.753287	15
61.77356	13
61.793833	28
61.814106	13
61.834379	-10
61.854652	36
61.874925	-6
61.895198	-24
61.915471	-7
61.935744	-4
61.956017	44
61.97629	29
61.996563	-59
62.016836	35
62.037109	7
62.057382	-7
62.077655	34
62.097928	-34
62.118201	24
62.138474	0
62.158747	-2
62.17902	-39
62.199293	-32
62.219566	53
62.239839	-16
62.260112	20
62.280385	-5
62.300658	5
62.320931	9
62.341204	-41
62.361477	7
62.38175	-31
62.402023	-24
62.422296	-8
62.442569	-10
62.462842	16
62.483115	19
62.503388	22
62.523661	33
62.543934	26
62.564207	13
62.58448	11
62.604753	-6
62.625026	-54
62.645299	13
62.665572	25
62.685845	1
62.706118	33
62.726391	-10
62.746664	-38
62.766937	42
62.78721	16
62.807483	-26
62.827756	-4
62.848029	-12
62.868302	-4
62.888575	-1
62.908848	1
62.929121	11
62.949394	-30
62.969667	26
62.98994	16
63.010213	-18
63.030486	21
63.050759	-11
63.071032	-8
63.091305	0
63.111578	2
63.131851	-20
63.152124	4
63.172397	5
63.19267	21
63.212943	-6
63.233216	-10
63.253489	-28
63.273762	4
63.294035	0
63.314308	-4
63.334581	-2
63.354854	-11
63.375127	25
63.3954	-8
63.415673	-34
63.435946	-11
63.456219	31
63.476492	17
63.496765	-13
63.517038	-25
63.537311	12
63.557584	30
63.577857	-18
63.59813	-26
63.618403	3
63.638676	8
63.658949	2
63.679222	8
63.699495	-8
63.719768	-26
63.740041	20
63.760314	28
63.780587	-31
63.80086	-25
63.821133	9
63.841406	8
63.861679	39
63.881952	14
63.902225	1
63.922498	-9
63.942771	-19
63.963044	28
63.983317	21
64.00359	-11
64.023863	15
64.044136	16
64.064409	3
64.084682	-19
64.104955	-1
64.125228	-15
64.145501	-22
64.165774	39
64.186047	3
64.20632	-19
64.226593	-15
64.246866	-9
64.267139	-27
64.287412	-29
64.307685	2
64.327958	19
64.348231	4
64.368504	-20
64.388777	19
64.40905	-17
64.429323	-56
64.449596	20
64.469869	-4
64.490142	12
64.510415	-10
64.530688	-42
64.550961	2
64.571234	-31
64.591507	7
64.61178	9
64.632053	-2
64.652326	-11
64.672599	7
64.692872	-6
64.713145	41
64.733418	8
64.753691	12
64.773964	-44
64.794237	-1
64.81451	-17
64.834783	-2
64.855056	2
64.875329	26
64.895602	23
64.915875	-17
64.936148	16
64.956421	38
64.976694	33
64.996967	21
65.01724	8
65.037513	28
65.057786	2
65.078059	-17
65.098332	11
65.118605	32
65.138878	-24
65.159151	6
65.179424	-6
65.199697	52
65.21997	73
65.240243	2
65.260516	25
65.280789	-35
65.301062	9
65.321335	8
65.341608	17
65.361881	-24
65.382154	-19
65.402427	6
65.4227	15
65.442973	17
65.463246	1
65.483519	-12
65.503792	29
65.524065	-8
65.544338	-2
65.564611	-13
65.584884	-3
65.605157	4
65.62543	33
65.645703	9
65.665976	-5
65.686249	-6
65.706522	-56
65.726795	3
65.747068	5
65.767341	7
65.787614	25
65.807887	23
65.82816	-11
65.848433	-8
65.868706	25
65.888979	-15
65.909252	-30
65.929525	9
65.949798	-9
65.970071	-3
65.990344	-17
66.010617	-10
66.03089	-4
66.051163	18
66.071436	-12
66.091709	22
66.111982	1
66.132255	-7
66.152528	-5
66.172801	-7
66.193074	-26
66.213347	-24
66.23362	-2
66.253893	5
66.274166	4
66.294439	35
66.314712	26
66.334985	-3
66.355258	-2
66.375531	19
66.395804	8
66.416077	-19
66.43635	33
66.456623	-16
66.476896	-12
66.497169	-38
66.517442	12
66.537715	2
66.557988	9
66.578261	-24
66.598534	-14
66.618807	0
66.63908	23
66.659353	-35
66.679626	-14
66.699899	-5
66.720172	-33
66.740445	29
66.760718	0
66.780991	-36
66.801264	-30
66.821537	-57
66.84181	-20
66.862083	10
66.882356	26
66.902629	13
66.922902	1
66.943175	-27
66.963448	-5
66.983721	8
67.003994	0
67.024267	9
67.04454	11
67.064813	10
67.085086	15
67.105359	-16
67.125632	22
67.145905	20
67.166178	11
67.186451	-13
67.206724	42
67.226997	18
67.24727	13
67.267543	15
67.287816	9
67.308089	-10
67.328362	-1
67.348635	7
67.368908	28
67.389181	-12
67.409454	40
67.429727	33
67.45	16
67.470273	27
67.490546	19
67.510819	-13
67.531092	11
67.551365	18
67.571638	-14
67.591911	-9
67.612184	-9
67.632457	23
67.65273	-17
67.673003	5
67.693276	-23
67.713549	21
67.733822	13
67.754095	29
67.774368	6
67.794641	14
67.814914	6
67.835187	18
67.85546	-11
67.875733	19
67.896006	10
67.916279	5
67.936552	-14
67.956825	20
67.977098	60
67.997371	-7
68.017644	51
68.037917	29
68.05819	4
68.078463	14
68.098736	7
68.119009	7
68.139282	25
68.159555	-35
68.179828	-27
68.200101	-14
68.220374	9
68.240647	-4
68.26092	35
68.281193	2
68.301466	-13
68.321739	-19
68.342012	41
68.362285	34
68.382558	33
68.402831	-23
68.423104	-22
68.443377	-13
68.46365	-22
68.483923	13
68.504196	2
68.524469	-35
68.544742	-9
68.565015	15
68.585288	25
68.605561	16
68.625834	-1
68.646107	-10
68.66638	-23
68.686653	11
68.706926	31
68.727199	1
68.747472	-25
68.767745	8
68.788018	5
68.808291	51
68.828564	-12
68.848837	15
68.86911	-34
68.889383	-6
68.909656	31
68.929929	30
68.950202	18
68.970475	-18
68.990748	-18
69.011021	20
69.031294	25
69.051567	5
69.07184	20
69.092113	-30
69.112386	5
69.132659	-16
69.152932	-12
69.173205	-24
69.193478	-28
69.213751	50
69.234024	-7
69.254297	12
69.27457	-9
69.294843	14
69.315116	10
69.335389	36
69.355662	-9
69.375935	28
69.396208	-5
69.416481	23
69.436754	30
69.457027	-13
69.4773	19
69.497573	-31
69.517846	3
69.538119	-44
69.558392	-22
69.578665	12
69.598938	0
69.619211	4
69.639484	-17
69.659757	-16
69.68003	-3
69.700303	-9
69.720576	5
69.740849	-5
69.761122	18
69.781395	-23
69.801668	-28
69.821941	-6
69.842214	27
69.862487	39
69.88276	21
69.903033	-27
69.923306	2
69.943579	46
69.963852	-7
69.984125	2
70.004398	22
70.024671	-6
70.044944	17
70.065217	18
70.08549	-1
70.105763	-12
70.126036	-17
70.146309	-2
70.166582	13
70.186855	-8
70.207128	-21
70.227401	19
70.247674	6
70.267947	-29
70.28822	-3
70.308493	-7
70.328766	5
70.349039	7
70.369312	36
70.389585	33
70.409858	-3
70.430131	9
70.450404	-13
70.470677	15
70.49095	-19
70.511223	12
70.531496	15
70.551769	9
70.572042	-19
70.592315	-2
70.612588	-6
70.632861	-24
70.653134	21
70.673407	15
70.69368	15
70.713953	-18
70.734226	28
70.754499	2
70.774772	-4
70.795045	-9
70.815318	-46
70.835591	-18
70.855864	-20
70.876137	-3
70.89641	21
70.916683	-9
70.936956	32
70.957229	13
70.977502	0
70.997775	-7
71.018048	30
71.038321	-19
71.058594	-15
71.078867	-10
71.09914	23
71.119413	-9
71.139686	37
71.159959	-4
71.180232	17
71.200505	1
71.220778	-24
71.241051	-16
71.261324	1
71.281597	3
71.30187	18
71.322143	23
71.342416	-19
71.362689	37
71.382962	25
71.403235	-20
71.423508	-3
71.443781	0
71.464054	6
71.484327	32
71.5046	-10
71.524873	11
71.545146	40
71.565419	-27
71.585692	-3
71.605965	4
71.626238	-20
71.646511	-18
71.666784	-16
71.687057	-3
71.70733	24
71.727603	-1
71.747876	-38
71.768149	9
71.788422	-24
71.808695	7
71.828968	4
71.849241	30
71.869514	23
71.889787	-7
71.91006	-4
71.930333	22
71.950606	-42
71.970879	-1
71.991152	-6
72.011425	-7
72.031698	-6
72.051971	-13
72.072244	10
72.092517	-5
72.11279	19
72.133063	21
72.153336	2
72.173609	-2
72.193882	-4
72.214155	-16
72.234428	14
72.254701	2
72.274974	18
72.295247	10
72.31552	24
72.335793	6
72.356066	-38
72.376339	-25
72.396612	4
72.416885	-11
72.437158	-27
72.457431	10
72.477704	29
72.497977	-20
72.51825	22
72.538523	17
72.558796	26
72.579069	-22
72.599342	-6
72.619615	17
72.639888	-19
72.660161	-2
72.680434	2
72.700707	-7
72.72098	2
72.741253	23
72.761526	-19
72.781799	-1
72.802072	-3
72.822345	6
72.842618	21
72.862891	-35
72.883164	13
72.903437	2
72.92371	-2
72.943983	14
72.964256	-13
72.984529	27
73.004802	-19
73.025075	-28
73.045348	4
73.065621	-18
73.085894	-22
73.106167	7
73.12644	-18
73.146713	1
73.166986	34
73.187259	-26
73.207532	-5
73.227805	2
73.248078	2
73.268351	-12
73.288624	-11
73.308897	-12
73.32917	16
73.349443	-18
73.369716	10
73.389989	22
73.410262	13
73.430535	0
73.450808	-7
73.471081	-10
73.491354	16
73.511627	-22
73.5319	-17
73.552173	27
73.572446	12
73.592719	-17
73.612992	-36
73.633265	9
73.653538	26
73.673811	10
73.694084	-39
73.714357	-11
73.73463	27
73.754903	12
73.775176	20
73.795449	5
73.815722	-25
73.835995	-9
73.856268	4
73.876541	16
73.896814	15
73.917087	-13
73.93736	21
73.957633	12
73.977906	-25
73.998179	8
74.018452	29
74.038725	28
74.058998	-6
74.079271	-16
74.099544	-20
74.119817	-9
74.14009	32
74.160363	-16
74.180636	-18
74.200909	-7
74.221182	-8
74.241455	-13
74.261728	16
74.282001	1
74.302274	9
74.322547	-14
74.34282	-13
74.363093	-1
74.383366	-60
74.403639	4
74.423912	16
74.444185	14
74.464458	-1
74.484731	-7
74.505004	2
74.525277	3
74.54555	15
74.565823	29
74.586096	-5
74.606369	15
74.626642	-10
74.646915	-7
74.667188	29
74.687461	3
74.707734	-13
74.728007	-6
74.74828	7
74.768553	-5
74.788826	0
74.809099	-2
74.829372	-5
74.849645	-25
74.869918	20
74.890191	-6
74.910464	20
74.930737	18
74.95101	19
74.971283	1
74.991556	-6
75.011829	16
75.032102	27
75.052375	1
75.072648	-13
75.092921	11
75.113194	9
75.133467	37
75.15374	12
75.174013	-20
75.194286	7
75.214559	-14
75.234832	3
75.255105	2
75.275378	5
75.295651	-20
75.315924	-15
75.336197	-14
75.35647	3
75.376743	-6
75.397016	-29
75.417289	19
75.437562	-8
75.457835	10
75.478108	11
75.498381	-9
75.518654	1
75.538927	19
75.5592	37
75.579473	24
75.599746	8
75.620019	24
75.640292	3
75.660565	-47
75.680838	23
75.701111	-4
75.721384	2
75.741657	10
75.76193	0
75.782203	10
75.802476	12
75.822749	-26
75.843022	-8
75.863295	13
75.883568	-37
75.903841	1
75.924114	22
75.944387	3
75.96466	-1
75.984933	9
76.005206	-32
76.025479	-5
76.045752	-16
76.066025	43
76.086298	-11
76.106571	-16
76.126844	6
76.147117	-4
76.16739	-6
76.187663	-5
76.207936	4
76.228209	21
76.248482	18
76.268755	2
76.289028	-5
76.309301	16
76.329574	-27
76.349847	15
76.37012	25
76.390393	-7
76.410666	-20
76.430939	15
76.451212	8
76.471485	5
76.491758	-3
76.512031	-11
76.532304	-19
76.552577	-16
76.57285	-8
76.593123	1
76.613396	22
76.633669	-8
76.653942	-49
76.674215	-11
76.694488	11
76.714761	-8
76.735034	-21
76.755307	17
76.77558	-6
76.795853	-23
76.816126	3
76.836399	0
76.856672	5
76.876945	37
76.897218	8
76.917491	-22
76.937764	-11
76.958037	5
76.97831	-18
76.998583	-32
77.018856	4
77.039129	3
77.059402	7
77.079675	20
77.099948	14
77.120221	25
77.140494	-23
77.160767	-12
77.18104	15
77.201313	-4
77.221586	-8
77.241859	-10
77.262132	2
77.282405	-11
77.302678	6
77.322951	-19
77.343224	2
77.363497	6
77.38377	2
77.404043	-9
77.424316	-30
77.444589	4
77.464862	-13
77.485135	12
77.505408	24
77.525681	-9
77.545954	-2
77.566227	-7
77.5865	-13
77.606773	-11
77.627046	22
77.647319	4
77.667592	-10
77.687865	-7
77.708138	-38
77.728411	-13
77.748684	11
77.768957	2
77.78923	-5
77.809503	5
77.829776	0
77.850049	-25
77.870322	-36
77.890595	-17
77.910868	25
77.931141	-15
77.951414	-20
77.971687	-7
77.99196	-16
78.012233	-16
78.032506	-38
78.052779	-9
78.073052	-56
78.093325	-11
78.113598	-7
78.133871	7
78.154144	-24
78.174417	-11
78.19469	-8
78.214963	9
78.235236	-8
78.255509	-3
78.275782	4
78.296055	6
78.316328	-11
78.336601	1
78.356874	18
78.377147	1
78.39742	-10
78.417693	-1
78.437966	-3
78.458239	22
78.478512	-19
78.498785	-24
78.519058	2
78.539331	-7
78.559604	5
78.579877	36
78.60015	-15
78.620423	23
78.640696	3
78.660969	-46
78.681242	-27
78.701515	-23
78.721788	9
78.742061	4
78.762334	-19
78.782607	-16
78.80288	4
78.823153	32
78.843426	-22
78.863699	-8
78.883972	-14
78.904245	-1
78.924518	-12
78.944791	1
78.965064	3
78.985337	2
79.00561	-1
79.025883	0
79.046156	1
79.066429	8
79.086702	1
79.106975	14
79.127248	-3
79.147521	8
79.167794	-5
79.188067	14
79.20834	-19
79.228613	1
79.248886	18
79.269159	-12
79.289432	-36
79.309705	8
79.329978	1
79.350251	17
79.370524	1
79.390797	12
79.41107	14
79.431343	-22
79.451616	5
79.471889	-4
79.492162	31
79.512435	4
79.532708	1
79.552981	-11
79.573254	29
79.593527	37
79.6138	21
79.634073	24
79.654346	10
79.674619	-18
79.694892	26
79.715165	-16
79.735438	-8
79.755711	-9
79.775984	-30
79.796257	-13
79.81653	-21
79.836803	-16
79.857076	-5
79.877349	-18
79.897622	12
79.917895	12
79.938168	15
79.958441	-4
79.978714	10
79.998987	24
80.01926	-28
