10.097683	49
10.117956	-3
10.138229	43
10.158502	-25
10.178775	18
10.199048	-7
10.219321	-29
10.239594	-33
10.259867	-29
10.28014	-59
10.300413	-46
10.320686	26
10.340959	-18
10.361232	34
10.381505	-24
10.401778	-7
10.422051	30
10.442324	9
10.462597	-33
10.48287	-67
10.503143	24
10.523416	-34
10.543689	38
10.563962	33
10.584235	35
10.604508	-41
10.624781	25
10.645054	62
10.665327	11
10.6856	-14
10.705873	-4
10.726146	63
10.746419	89
10.766692	19
10.786965	35
10.807238	21
10.827511	-19
10.847784	-45
10.868057	-52
10.88833	-84
10.908603	-62
10.928876	-50
10.949149	-34
10.969422	-28
10.989695	-45
11.009968	-83
11.030241	-98
11.050514	-22
11.070787	-71
11.09106	-21
11.111333	-82
11.131606	-42
11.151879	-27
11.172152	-22
11.192425	-53
11.212698	-27
11.232971	-21
11.253244	-32
11.273517	-84
11.29379	-98
11.314063	-53
11.334336	-10
11.354609	11
11.374882	-24
11.395155	8
11.415428	71
11.435701	73
11.455974	20
11.476247	32
11.49652	87
11.516793	25
11.537066	95
11.557339	30
11.577612	33
11.597885	46
11.618158	-7
11.638431	28
11.658704	-59
11.678977	-67
11.69925	-25
11.719523	-96
11.739796	-27
11.760069	-26
11.780342	-41
11.800615	-46
11.820888	-32
11.841161	-37
11.861434	-34
11.881707	-54
11.90198	-23
11.922253	-26
11.942526	-21
11.962799	-35
11.983072	-21
12.003345	-74
12.023618	-23
12.043891	-31
12.064164	-52
12.084437	-64
12.10471	0
12.124983	-19
12.145256	-83
12.165529	4
12.185802	-3
12.206075	35
12.226348	-16
12.246621	14
12.266894	22
12.287167	75
12.30744	-6
12.327713	-98
12.347986	0
12.368259	-25
12.388532	-61
12.408805	2
12.429078	-59
12.449351	9
12.469624	8
12.489897	-62
12.51017	-3
12.530443	-6
12.550716	51
12.570989	-35
12.591262	-65
12.611535	-44
12.631808	-17
12.652081	-81
12.672354	2
12.692627	-48
12.7129	-24
12.733173	-84
12.753446	-29
12.773719	-17
12.793992	-16
12.814265	29
12.834538	0
12.854811	24
12.875084	-84
12.895357	13
12.91563	-68
12.935903	-18
12.956176	-33
12.976449	-17
12.996722	54
13.016995	22
13.037268	37
13.057541	9
13.077814	-37
13.098087	45
13.11836	-3
13.138633	18
13.158906	-24
13.179179	23
13.199452	4
13.219725	49
13.239998	22
13.260271	8
13.280544	-20
13.300817	-11
13.32109	-2
13.341363	-15
13.361636	2
13.381909	-16
13.402182	-5
13.422455	57
13.442728	34
13.463001	44
13.483274	-41
13.503547	-28
13.52382	25
13.544093	-25
13.564366	12
13.584639	-33
13.604912	52
13.625185	14
13.645458	23
13.665731	24
13.686004	-2
13.706277	16
13.72655	-15
13.746823	-10
13.767096	38
13.787369	-49
13.807642	10
13.827915	-7
13.848188	2
13.868461	14
13.888734	-35
13.909007	-3
13.92928	-16
13.949553	55
13.969826	36
13.990099	-47
14.010372	45
14.030645	-53
14.050918	-59
14.071191	6
14.091464	1
14.111737	32
14.13201	17
14.152283	-58
14.172556	-20
14.192829	-67
14.213102	41
14.233375	-43
14.253648	-22
14.273921	-31
14.294194	-93
14.314467	-10
14.33474	36
14.355013	35
14.375286	66
14.395559	10
14.415832	7
14.436105	-5
14.456378	-49
14.476651	-39
14.496924	24
14.517197	27
14.53747	-31
14.557743	-9
14.578016	-17
14.598289	11
14.618562	2
14.638835	-50
14.659108	-38
14.679381	18
14.699654	-33
14.719927	56
14.7402	-10
14.760473	4
14.780746	31
14.801019	32
14.821292	28
14.841565	-59
14.861838	-50
14.882111	63
14.902384	-11
14.922657	44
14.94293	38
14.963203	66
14.983476	-44
15.003749	-12
15.024022	-1
15.044295	-12
15.064568	-37
15.084841	40
15.105114	27
15.125387	27
15.14566	40
15.165933	-16
15.186206	-10
15.206479	-20
15.226752	-10
15.247025	6
15.267298	1
15.287571	-19
15.307844	26
15.328117	13
15.34839	-41
15.368663	24
15.388936	-24
15.409209	-7
15.429482	80
15.449755	-71
15.470028	-56
15.490301	-20
15.510574	48
15.530847	-15
15.55112	14
15.571393	7
15.591666	-15
15.611939	-22
15.632212	-52
15.652485	-29
15.672758	-26
15.693031	-9
15.713304	-40
15.733577	-18
15.75385	13
15.774123	-20
15.794396	-10
15.814669	2
15.834942	-5
15.855215	-38
15.875488	14
15.895761	26
15.916034	32
15.936307	-15
15.95658	8
15.976853	50
15.997126	34
16.017399	59
16.037672	9
16.057945	18
16.078218	45
16.098491	13
16.118764	-25
16.139037	64
16.15931	32
16.179583	34
16.199856	14
16.220129	48
16.240402	32
16.260675	-4
16.280948	27
16.301221	-4
16.321494	54
16.341767	21
16.36204	-1
16.382313	46
16.402586	33
16.422859	-15
16.443132	24
16.463405	10
16.483678	-3
16.503951	11
16.524224	-4
16.544497	-1
16.56477	22
16.585043	-23
16.605316	-23
16.625589	-43
16.645862	-5
16.666135	49
16.686408	-1
16.706681	77
16.726954	27
16.747227	-10
16.7675	-9
16.787773	20
16.808046	34
16.828319	-23
16.848592	30
16.868865	-13
16.889138	9
16.909411	46
16.929684	98
16.949957	43
16.97023	20
16.990503	-2
17.010776	-22
17.031049	47
17.051322	15
17.071595	-42
17.091868	18
17.112141	47
17.132414	16
17.152687	15
17.17296	6
17.193233	36
17.213506	-21
17.233779	-44
17.254052	9
17.274325	-38
17.294598	-35
17.314871	26
17.335144	15
17.355417	16
17.37569	-57
17.395963	-17
17.416236	-24
17.436509	-9
17.456782	-98
17.477055	-22
17.497328	-75
17.517601	7
17.537874	-17
17.558147	-24
17.57842	28
17.598693	-72
17.618966	6
17.639239	-17
17.659512	35
17.679785	7
17.700058	-29
17.720331	-35
17.740604	-10
17.760877	37
17.78115	-16
17.801423	9
17.821696	-27
17.841969	-5
17.862242	-99
17.882515	19
17.902788	17
17.923061	16
17.943334	-31
17.963607	30
17.98388	-86
18.004153	-45
18.024426	-6
18.044699	-6
18.064972	-65
18.085245	-22
18.105518	24
18.125791	53
18.146064	12
18.166337	16
18.18661	-34
18.206883	-44
18.227156	-20
18.247429	-22
18.267702	-21
18.287975	-80
18.308248	-83
18.328521	-53
18.348794	-47
18.369067	23
18.38934	-53
18.409613	-77
18.429886	-95
18.450159	-53
18.470432	-43
18.490705	-23
18.510978	-74
18.531251	-96
18.551524	-99
18.571797	-58
18.59207	-72
18.612343	59
18.632616	-70
18.652889	44
18.673162	67
18.693435	31
18.713708	13
18.733981	-59
18.754254	-25
18.774527	-74
18.7948	-62
18.815073	-84
18.835346	-89
18.855619	-20
18.875892	-24
18.896165	-61
18.916438	-96
18.936711	-59
18.956984	-53
18.977257	4
18.99753	-21
19.017803	-25
19.038076	-61
19.058349	-78
19.078622	-68
19.098895	-94
19.119168	-83
19.139441	-23
19.159714	-56
19.179987	-24
19.20026	-74
19.220533	-84
19.240806	-23
19.261079	-82
19.281352	64
19.301625	22
19.321898	28
19.342171	49
19.362444	5
19.382717	13
19.40299	0
19.423263	-46
19.443536	-52
19.463809	-2
19.484082	15
19.504355	-2
19.524628	19
19.544901	-35
19.565174	-72
19.585447	-15
19.60572	10
19.625993	-34
19.646266	-50
19.666539	35
19.686812	-44
19.707085	-64
19.727358	-47
19.747631	-13
19.767904	-39
19.788177	17
19.80845	-32
19.828723	-39
19.848996	-15
19.869269	-60
19.889542	4
19.909815	-51
19.930088	15
19.950361	7
19.970634	-58
19.990907	80
20.01118	-20
20.031453	22
20.051726	-22
20.071999	-21
20.092272	-13
20.112545	-36
20.132818	31
20.153091	-5
20.173364	-28
20.193637	-2
20.21391	30
20.234183	37
20.254456	63
20.274729	-26
20.295002	-48
20.315275	33
20.335548	-6
20.355821	4
20.376094	56
20.396367	43
20.41664	-12
20.436913	31
20.457186	38
20.477459	25
20.497732	50
20.518005	-34
20.538278	39
20.558551	22
20.578824	-7
20.599097	-19
20.61937	15
20.639643	-24
20.659916	-8
20.680189	18
20.700462	38
20.720735	58
20.741008	-3
20.761281	-30
20.781554	9
20.801827	-41
20.8221	-20
20.842373	58
20.862646	17
20.882919	-60
20.903192	1
20.923465	-67
20.943738	6
20.964011	4
20.984284	88
21.004557	-18
21.02483	-24
21.045103	-27
21.065376	-45
21.085649	58
21.105922	-28
21.126195	2
21.146468	-38
21.166741	2
21.187014	1
21.207287	37
21.22756	-15
21.247833	-21
21.268106	10
21.288379	-15
21.308652	20
21.328925	-21
21.349198	-33
21.369471	-38
21.389744	-44
21.410017	27
21.43029	-13
21.450563	-26
21.470836	-36
21.491109	4
21.511382	40
21.531655	68
21.551928	25
21.572201	-11
21.592474	-85
21.612747	-21
21.63302	-52
21.653293	8
21.673566	40
21.693839	36
21.714112	-21
21.734385	-3
21.754658	55
21.774931	46
21.795204	-55
21.815477	-61
21.83575	-53
21.856023	-28
21.876296	53
21.896569	4
21.916842	-96
21.937115	-25
21.957388	42
21.977661	-34
21.997934	51
22.018207	-75
22.03848	51
22.058753	53
22.079026	58
22.099299	45
22.119572	-79
22.139845	-42
22.160118	-15
22.180391	10
22.200664	-24
22.220937	1
22.24121	2
22.261483	-11
22.281756	-4
22.302029	-52
22.322302	18
22.342575	81
22.362848	-30
22.383121	30
22.403394	-76
22.423667	-32
22.44394	4
22.464213	-46
22.484486	-47
22.504759	-44
22.525032	11
22.545305	23
22.565578	29
22.585851	-38
22.606124	8
22.626397	-35
22.64667	13
22.666943	89
22.687216	25
22.707489	-17
22.727762	21
22.748035	-19
22.768308	-6
22.788581	-9
22.808854	-19
22.829127	4
22.8494	4
22.869673	-41
22.889946	49
22.910219	23
22.930492	40
22.950765	-40
22.971038	17
22.991311	-24
23.011584	-8
23.031857	-5
23.05213	0
23.072403	0
23.092676	-76
23.112949	-29
23.133222	24
23.153495	51
23.173768	22
23.194041	-6
23.214314	15
23.234587	-30
23.25486	13
23.275133	64
23.295406	-21
23.315679	-14
23.335952	-56
23.356225	15
23.376498	5
23.396771	4
23.417044	24
23.437317	4
23.45759	-35
23.477863	4
23.498136	-13
23.518409	-10
23.538682	4
23.558955	46
23.579228	-18
23.599501	39
23.619774	-4
23.640047	38
23.66032	-14
23.680593	-54
23.700866	2
23.721139	-33
23.741412	22
23.761685	-4
23.781958	-15
23.802231	33
23.822504	-58
23.842777	30
23.86305	-15
23.883323	27
23.903596	-23
23.923869	-26
23.944142	36
23.964415	30
23.984688	-35
24.004961	-11
24.025234	32
24.045507	5
24.06578	94
24.086053	-14
24.106326	-39
24.126599	-33
24.146872	-33
24.167145	-32
24.187418	40
24.207691	36
24.227964	-10
24.248237	7
24.26851	-3
24.288783	-5
24.309056	36
24.329329	-64
24.349602	-48
24.369875	35
24.390148	-48
24.410421	-23
24.430694	1
24.450967	66
24.47124	-13
24.491513	36
24.511786	-88
24.532059	-14
24.552332	8
24.572605	1
24.592878	-84
24.613151	15
24.633424	-56
24.653697	-69
24.67397	-45
24.694243	20
24.714516	-90
24.734789	6
24.755062	6
24.775335	-30
24.795608	-17
24.815881	-86
24.836154	77
24.856427	-28
24.8767	-38
24.896973	20
24.917246	-20
24.937519	-14
24.957792	-93
24.978065	-5
24.998338	1
25.018611	-23
25.038884	69
25.059157	50
25.07943	11
25.099703	27
25.119976	-82
25.140249	2
25.160522	-12
25.180795	58
25.201068	54
25.221341	98
25.241614	46
25.261887	38
25.28216	93
25.302433	19
25.322706	83
25.342979	22
25.363252	11
25.383525	88
25.403798	23
25.424071	72
25.444344	11
25.464617	16
25.48489	23
25.505163	27
25.525436	72
25.545709	58
25.565982	32
25.586255	44
25.606528	59
25.626801	57
25.647074	-5
25.667347	11
25.68762	-52
25.707893	4
25.728166	-2
25.748439	4
25.768712	33
25.788985	3
25.809258	49
25.829531	3
25.849804	-2
25.870077	1
25.89035	-46
25.910623	-61
25.930896	-2
25.951169	-47
25.971442	-22
25.991715	-58
26.011988	-18
26.032261	-9
26.052534	-90
26.072807	-4
26.09308	-45
26.113353	21
26.133626	-8
26.153899	2
26.174172	-44
26.194445	-36
26.214718	2
26.234991	19
26.255264	37
26.275537	-39
26.29581	45
26.316083	-48
26.336356	-19
26.356629	-38
26.376902	30
26.397175	31
26.417448	20
26.437721	8
26.457994	47
26.478267	27
26.49854	-9
26.518813	50
26.539086	-79
26.559359	37
26.579632	-37
26.599905	43
26.620178	47
26.640451	17
26.660724	-21
26.680997	-6
26.70127	22
26.721543	21
26.741816	19
26.762089	-41
26.782362	-59
26.802635	-3
26.822908	6
26.843181	70
26.863454	24
26.883727	0
26.904	-28
26.924273	-19
26.944546	-8
26.964819	-21
26.985092	38
27.005365	-20
27.025638	30
27.045911	-33
27.066184	20
27.086457	0
27.10673	-15
27.127003	-39
27.147276	46
27.167549	22
27.187822	-38
27.208095	67
27.228368	0
27.248641	-11
27.268914	20
27.289187	-18
27.30946	97
27.329733	-10
27.350006	-10
27.370279	-7
27.390552	88
27.410825	59
27.431098	32
27.451371	-7
27.471644	20
27.491917	18
27.51219	-13
27.532463	89
27.552736	-12
27.573009	23
27.593282	-47
27.613555	-26
27.633828	29
27.654101	68
27.674374	-26
27.694647	-11
27.71492	0
27.735193	36
27.755466	9
27.775739	-18
27.796012	27
27.816285	45
27.836558	8
27.856831	26
27.877104	-12
27.897377	39
27.91765	-80
27.937923	-47
27.958196	-49
27.978469	-46
27.998742	12
28.019015	-65
28.039288	-21
28.059561	-58
28.079834	-13
28.100107	-22
28.12038	-46
28.140653	-95
28.160926	-35
28.181199	-2
28.201472	-55
28.221745	6
28.242018	-54
28.262291	-82
28.282564	-60
28.302837	-6
28.32311	-35
28.343383	-22
28.363656	-92
28.383929	-84
28.404202	-89
28.424475	-79
28.444748	-52
28.465021	-46
28.485294	-23
28.505567	-78
28.52584	-77
28.546113	-83
28.566386	-44
28.586659	-6
28.606932	-56
28.627205	-11
28.647478	12
28.667751	3
28.688024	22
28.708297	34
28.72857	50
28.748843	43
28.769116	46
28.789389	45
28.809662	32
28.829935	43
28.850208	27
28.870481	80
28.890754	68
28.911027	40
28.9313	42
28.951573	-72
28.971846	11
28.992119	-40
29.012392	-52
29.032665	-37
29.052938	-12
29.073211	-32
29.093484	-63
29.113757	69
29.13403	50
29.154303	54
29.174576	40
29.194849	99
29.215122	20
29.235395	64
29.255668	-14
29.275941	68
29.296214	38
29.316487	-60
29.33676	10
29.357033	55
29.377306	25
29.397579	18
29.417852	6
29.438125	55
29.458398	72
29.478671	89
29.498944	43
29.519217	-6
29.53949	89
29.559763	73
29.580036	-17
29.600309	37
29.620582	-56
29.640855	-23
29.661128	-22
29.681401	-41
29.701674	-32
29.721947	20
29.74222	-49
29.762493	-15
29.782766	-37
29.803039	-27
29.823312	-9
29.843585	10
29.863858	-8
29.884131	-13
29.904404	17
29.924677	-48
29.94495	24
29.965223	-30
29.985496	-36
30.005769	13
30.026042	37
30.046315	37
30.066588	62
30.086861	7
30.107134	2
30.127407	-32
30.14768	8
30.167953	1
30.188226	-19
30.208499	5
30.228772	-24
30.249045	-14
30.269318	5
30.289591	27
30.309864	-66
30.330137	0
30.35041	-68
30.370683	-48
30.390956	-34
30.411229	-21
30.431502	-60
30.451775	94
30.472048	-19
30.492321	-21
30.512594	60
30.532867	-42
30.55314	-5
30.573413	24
30.593686	-60
30.613959	35
30.634232	-13
30.654505	-93
30.674778	-56
30.695051	-50
30.715324	55
30.735597	-28
30.75587	-56
30.776143	24
30.796416	38
30.816689	-11
30.836962	46
30.857235	56
30.877508	47
30.897781	15
30.918054	3
30.938327	43
30.9586	-6
30.978873	-6
30.999146	54
31.019419	-7
31.039692	68
31.059965	4
31.080238	32
31.100511	39
31.120784	54
31.141057	-16
31.16133	-25
31.181603	-13
31.201876	4
31.222149	46
31.242422	14
31.262695	34
31.282968	53
31.303241	47
31.323514	-7
31.343787	-6
31.36406	52
31.384333	-51
31.404606	-2
31.424879	22
31.445152	37
31.465425	4
31.485698	43
31.505971	-7
31.526244	-22
31.546517	60
31.56679	35
31.587063	16
31.607336	65
31.627609	-37
31.647882	16
31.668155	-8
31.688428	18
31.708701	-20
31.728974	-7
31.749247	-12
31.76952	39
31.789793	-10
31.810066	-25
31.830339	-76
31.850612	-10
31.870885	22
31.891158	-3
31.911431	-14
31.931704	-1
31.951977	-12
31.97225	17
31.992523	-20
32.012796	30
32.033069	17
32.053342	-51
32.073615	5
32.093888	2
32.114161	-27
32.134434	17
32.154707	65
32.17498	13
32.195253	40
32.215526	-19
32.235799	4
32.256072	-54
32.276345	15
32.296618	26
32.316891	-33
32.337164	-41
32.357437	8
32.37771	22
32.397983	-25
32.418256	22
32.438529	-29
32.458802	-34
32.479075	30
32.499348	4
32.519621	-7
32.539894	53
32.560167	21
32.58044	23
32.600713	31
32.620986	-14
32.641259	-39
32.661532	15
32.681805	-8
32.702078	16
32.722351	-20
32.742624	-38
32.762897	-34
32.78317	-5
32.803443	11
32.823716	-25
32.843989	0
32.864262	9
32.884535	8
32.904808	20
32.925081	10
32.945354	21
32.965627	14
32.9859	20
33.006173	-18
33.026446	1
33.046719	8
33.066992	24
33.087265	-4
33.107538	-6
33.127811	51
33.148084	-73
33.168357	66
33.18863	-30
33.208903	-16
33.229176	0
33.249449	30
33.269722	-2
33.289995	-76
33.310268	45
33.330541	-4
33.350814	5
33.371087	-25
33.39136	-22
33.411633	1
33.431906	26
33.452179	83
33.472452	-23
33.492725	31
33.512998	-21
33.533271	60
33.553544	35
33.573817	9
33.59409	-6
33.614363	-24
33.634636	-19
33.654909	-23
33.675182	27
33.695455	-13
33.715728	-25
33.736001	-26
33.756274	-18
33.776547	-24
33.79682	-10
33.817093	13
33.837366	6
33.857639	-45
33.877912	13
33.898185	-5
33.918458	-34
33.938731	-12
33.959004	-19
33.979277	10
33.99955	-71
34.019823	44
34.040096	-49
34.060369	-64
34.080642	-59
34.100915	17
34.121188	-25
34.141461	17
34.161734	-12
34.182007	-23
34.20228	-4
34.222553	-31
34.242826	-7
34.263099	9
34.283372	31
34.303645	-4
34.323918	26
34.344191	13
34.364464	12
34.384737	29
34.40501	-3
34.425283	-8
34.445556	-44
34.465829	4
34.486102	-30
34.506375	-13
34.526648	-7
34.546921	6
34.567194	38
34.587467	-46
34.60774	45
34.628013	46
34.648286	33
34.668559	0
34.688832	42
34.709105	-14
34.729378	8
34.749651	-13
34.769924	-40
34.790197	-34
34.81047	30
34.830743	30
34.851016	-32
34.871289	19
34.891562	1
34.911835	-4
34.932108	1
34.952381	-18
34.972654	23
34.992927	27
35.0132	-63
35.033473	-25
35.053746	1
35.074019	33
35.094292	1
35.114565	68
35.134838	-7
35.155111	-23
35.175384	-14
35.195657	-17
35.21593	-63
35.236203	-11
35.256476	-27
35.276749	23
35.297022	14
35.317295	-34
35.337568	12
35.357841	10
35.378114	-25
35.398387	-10
35.41866	-57
35.438933	15
35.459206	-68
35.479479	40
35.499752	31
35.520025	21
35.540298	25
35.560571	12
35.580844	4
35.601117	-69
35.62139	38
35.641663	3
35.661936	18
35.682209	21
35.702482	-9
35.722755	57
35.743028	24
35.763301	3
35.783574	-57
35.803847	-21
35.82412	21
35.844393	-2
35.864666	-10
35.884939	67
35.905212	8
35.925485	-13
35.945758	6
35.966031	14
35.986304	30
36.006577	14
36.02685	40
36.047123	52
36.067396	7
36.087669	11
36.107942	-22
36.128215	-7
36.148488	3
36.168761	52
36.189034	-11
36.209307	-22
36.22958	-24
36.249853	17
36.270126	24
36.290399	-1
36.310672	25
36.330945	-16
36.351218	-13
36.371491	35
36.391764	8
36.412037	-34
36.43231	38
36.452583	-25
36.472856	3
36.493129	7
36.513402	21
36.533675	-5
36.553948	-8
36.574221	23
36.594494	39
36.614767	42
36.63504	23
36.655313	37
36.675586	23
36.695859	-42
36.716132	-22
36.736405	-42
36.756678	8
36.776951	35
36.797224	26
36.817497	-5
36.83777	-22
36.858043	-52
36.878316	14
36.898589	-21
36.918862	17
36.939135	-15
36.959408	29
36.979681	-19
36.999954	51
37.020227	2
37.0405	-6
37.060773	-4
37.081046	-36
37.101319	21
37.121592	25
37.141865	6
37.162138	-34
37.182411	25
37.202684	-20
37.222957	49
37.24323	1
37.263503	-10
37.283776	14
37.304049	-42
37.324322	-11
37.344595	-3
37.364868	-54
37.385141	36
37.405414	-12
37.425687	29
37.44596	17
37.466233	2
37.486506	3
37.506779	25
37.527052	-6
37.547325	2
37.567598	-12
37.587871	27
37.608144	-7
37.628417	-24
37.64869	-17
37.668963	0
37.689236	1
37.709509	28
37.729782	-18
37.750055	8
37.770328	-35
37.790601	-15
37.810874	-39
37.831147	12
37.85142	19
37.871693	43
37.891966	23
37.912239	-2
37.932512	-8
37.952785	-1
37.973058	42
37.993331	27
38.013604	31
38.033877	-22
38.05415	-8
38.074423	-8
38.094696	-29
38.114969	-22
38.135242	-38
38.155515	-49
38.175788	-43
38.196061	-61
38.216334	-17
38.236607	-36
38.25688	-39
38.277153	-52
38.297426	-5
38.317699	-49
38.337972	-32
38.358245	-22
38.378518	-20
38.398791	65
38.419064	-4
38.439337	-15
38.45961	-20
38.479883	9
38.500156	21
38.520429	6
38.540702	7
38.560975	5
38.581248	20
38.601521	10
38.621794	-53
38.642067	19
38.66234	-28
38.682613	5
38.702886	39
38.723159	-18
38.743432	-24
38.763705	0
38.783978	-45
38.804251	-30
38.824524	35
38.844797	9
38.86507	-20
38.885343	18
38.905616	-38
38.925889	-12
38.946162	-19
38.966435	-29
38.986708	-30
39.006981	-34
39.027254	21
39.047527	-13
39.0678	7
39.088073	5
39.108346	-28
39.128619	22
39.148892	30
39.169165	34
39.189438	-5
39.209711	-14
39.229984	-39
39.250257	2
39.27053	-4
39.290803	36
39.311076	-5
39.331349	19
39.351622	21
39.371895	-19
39.392168	-19
39.412441	-15
39.432714	-7
39.452987	-37
39.47326	4
39.493533	-18
39.513806	40
39.534079	-18
39.554352	-24
39.574625	-41
39.594898	-7
39.615171	-21
39.635444	-25
39.655717	-31
39.67599	-9
39.696263	34
39.716536	-20
39.736809	4
39.757082	-35
39.777355	0
39.797628	7
39.817901	-47
39.838174	-16
39.858447	-3
39.87872	-15
39.898993	-21
39.919266	-3
39.939539	14
39.959812	-10
39.980085	17
40.000358	15
40.020631	60
40.040904	-28
40.061177	-4
40.08145	7
40.101723	1
40.121996	32
40.142269	-26
40.162542	0
40.182815	-22
40.203088	-52
40.223361	-30
40.243634	-17
40.263907	8
40.28418	-19
40.304453	25
40.324726	-16
40.344999	-5
40.365272	-24
40.385545	31
40.405818	-13
40.426091	-19
40.446364	32
40.466637	-4
40.48691	-46
40.507183	6
40.527456	-16
40.547729	8
40.568002	-10
40.588275	-12
40.608548	-60
40.628821	52
40.649094	31
40.669367	-12
40.68964	11
40.709913	23
40.730186	7
40.750459	-43
40.770732	13
40.791005	-22
40.811278	-41
40.831551	20
40.851824	0
40.872097	-4
40.89237	-34
40.912643	-23
40.932916	26
40.953189	53
40.973462	-4
40.993735	-27
41.014008	-21
41.034281	2
41.054554	-1
41.074827	25
41.0951	39
41.115373	-18
41.135646	26
41.155919	12
41.176192	-32
41.196465	36
41.216738	42
41.237011	-23
41.257284	-20
41.277557	24
41.29783	-55
41.318103	-57
41.338376	25
41.358649	15
41.378922	24
41.399195	-11
41.419468	8
41.439741	-8
41.460014	7
41.480287	-13
41.50056	-5
41.520833	-34
41.541106	-1
41.561379	23
41.581652	2
41.601925	-8
41.622198	0
41.642471	-15
41.662744	3
41.683017	-42
41.70329	-42
41.723563	9
41.743836	26
41.764109	2
41.784382	16
41.804655	-12
41.824928	8
41.845201	-13
41.865474	-45
41.885747	5
41.90602	40
41.926293	18
41.946566	-31
41.966839	-26
41.987112	-18
42.007385	3
42.027658	-7
42.047931	17
42.068204	7
42.088477	-26
42.10875	-5
42.129023	22
42.149296	24
42.169569	-2
42.189842	-14
42.210115	14
42.230388	39
42.250661	-10
42.270934	-62
42.291207	13
42.31148	1
42.331753	1
42.352026	-63
42.372299	11
42.392572	-24
42.412845	-17
42.433118	24
42.453391	-23
42.473664	12
42.493937	25
42.51421	45
42.534483	8
42.554756	-17
42.575029	16
42.595302	-16
42.615575	-39
42.635848	-10
42.656121	-10
42.676394	8
42.696667	-18
42.71694	-2
42.737213	-7
42.757486	2
42.777759	26
42.798032	-27
42.818305	-12
42.838578	35
42.858851	-21
42.879124	-17
42.899397	7
42.91967	21
42.939943	7
42.960216	16
42.980489	23
43.000762	-43
43.021035	-8
43.041308	33
43.061581	8
43.081854	-4
43.102127	-29
43.1224	-4
43.142673	-23
43.162946	-18
43.183219	-33
43.203492	26
43.223765	-11
43.244038	7
43.264311	-9
43.284584	-19
43.304857	-38
43.32513	-50
43.345403	-2
43.365676	-88
43.385949	11
43.406222	10
43.426495	-4
43.446768	-36
43.467041	-1
43.487314	6
43.507587	-31
43.52786	6
43.548133	58
43.568406	11
43.588679	-18
43.608952	26
43.629225	-22
43.649498	2
43.669771	8
43.690044	-8
43.710317	9
43.73059	-16
43.750863	-34
43.771136	-7
43.791409	-28
43.811682	25
43.831955	-47
43.852228	24
43.872501	-29
43.892774	-31
43.913047	-13
43.93332	-22
43.953593	-18
43.973866	-20
43.994139	3
44.014412	-10
44.034685	-2
44.054958	11
44.075231	24
44.095504	-18
44.115777	-14
44.13605	9
44.156323	-30
44.176596	-7
44.196869	7
44.217142	-1
44.237415	14
44.257688	17
44.277961	13
44.298234	14
44.318507	-10
44.33878	-43
44.359053	23
44.379326	11
44.399599	24
44.419872	-49
44.440145	-3
44.460418	-17
44.480691	-5
44.500964	-1
44.521237	-38
44.54151	-14
44.561783	-1
44.582056	6
44.602329	-33
44.622602	-12
44.642875	-16
44.663148	6
44.683421	6
44.703694	30
44.723967	19
44.74424	-54
44.764513	3
44.784786	53
44.805059	-28
44.825332	-22
44.845605	49
44.865878	41
44.886151	6
44.906424	21
44.926697	-7
44.94697	-15
44.967243	43
44.987516	-25
45.007789	-43
45.028062	-2
45.048335	-4
45.068608	-12
45.088881	18
45.109154	-6
45.129427	-4
45.1497	1
45.169973	-71
45.190246	-5
45.210519	-10
45.230792	-6
45.251065	-15
45.271338	5
45.291611	-15
45.311884	6
45.332157	9
45.35243	-11
45.372703	5
45.392976	8
45.413249	-7
45.433522	22
45.453795	-10
45.474068	13
45.494341	31
45.514614	-10
45.534887	-9
45.55516	-2
45.575433	10
45.595706	3
45.615979	-26
45.636252	44
45.656525	2
45.676798	-1
45.697071	27
45.717344	0
45.737617	-34
45.75789	-9
45.778163	15
45.798436	-1
45.818709	18
45.838982	19
45.859255	14
45.879528	-12
45.899801	-1
45.920074	-11
45.940347	2
45.96062	42
45.980893	25
46.001166	-36
46.021439	49
46.041712	-4
46.061985	39
46.082258	8
46.102531	-14
46.122804	35
46.143077	2
46.16335	-5
46.183623	-4
46.203896	64
46.224169	-5
46.244442	11
46.264715	2
46.284988	32
46.305261	18
46.325534	-7
46.345807	14
46.36608	-3
46.386353	-33
46.406626	-5
46.426899	-9
46.447172	-48
46.467445	8
46.487718	-8
46.507991	-1
46.528264	-38
46.548537	11
46.56881	-23
46.589083	-21
46.609356	-18
46.629629	5
46.649902	-40
46.670175	38
46.690448	1
46.710721	-46
46.730994	-20
46.751267	-22
46.77154	-27
46.791813	-8
46.812086	12
46.832359	-24
46.852632	-7
46.872905	-28
46.893178	-9
46.913451	-18
46.933724	-13
46.953997	11
46.97427	-62
46.994543	-28
47.014816	8
47.035089	32
47.055362	-20
47.075635	-15
47.095908	29
47.116181	-11
47.136454	-4
47.156727	43
47.177	48
47.197273	16
47.217546	-5
47.237819	8
47.258092	-54
47.278365	13
47.298638	-17
47.318911	-39
47.339184	-27
47.359457	-1
47.37973	22
47.400003	-1
47.420276	4
47.440549	-9
47.460822	-7
47.481095	-35
47.501368	-54
47.521641	-18
47.541914	22
47.562187	2
47.58246	7
47.602733	34
47.623006	-39
47.643279	-17
47.663552	27
47.683825	-21
47.704098	13
47.724371	-60
47.744644	14
47.764917	15
47.78519	2
47.805463	10
47.825736	3
47.846009	0
47.866282	22
47.886555	19
47.906828	15
47.927101	24
47.947374	30
47.967647	27
47.98792	-7
48.008193	-1
48.028466	4
48.048739	33
48.069012	16
48.089285	41
48.109558	-36
48.129831	1
48.150104	-4
48.170377	17
48.19065	-1
48.210923	42
48.231196	27
48.251469	-12
48.271742	-21
48.292015	14
48.312288	12
48.332561	1
48.352834	-7
48.373107	10
48.39338	5
48.413653	-19
48.433926	24
48.454199	-7
48.474472	-37
48.494745	23
48.515018	-4
48.535291	-13
48.555564	40
48.575837	-5
48.59611	46
48.616383	1
48.636656	-51
48.656929	-8
48.677202	-23
48.697475	31
48.717748	25
48.738021	-12
48.758294	-5
48.778567	-17
48.79884	15
48.819113	4
48.839386	-50
48.859659	-33
48.879932	-42
48.900205	-1
48.920478	-18
48.940751	-36
48.961024	11
48.981297	-58
49.00157	-22
49.021843	-17
49.042116	-53
49.062389	-29
49.082662	-45
49.102935	-15
49.123208	23
49.143481	9
49.163754	-7
49.184027	1
49.2043	12
49.224573	-10
49.244846	33
49.265119	-2
49.285392	-18
49.305665	19
49.325938	34
49.346211	-19
49.366484	-32
49.386757	49
49.40703	-6
49.427303	1
49.447576	-16
49.467849	6
49.488122	-23
49.508395	4
49.528668	-4
49.548941	-18
49.569214	25
49.589487	-11
49.60976	-3
49.630033	-31
49.650306	6
49.670579	-2
49.690852	0
49.711125	-23
49.731398	-37
49.751671	7
49.771944	-51
49.792217	-63
49.81249	-35
49.832763	-6
49.853036	-14
49.873309	20
49.893582	-35
49.913855	21
49.934128	1
49.954401	-5
49.974674	4
49.994947	29
50.01522	-2
50.035493	20
50.055766	22
50.076039	-14
50.096312	1
50.116585	-1
50.136858	0
50.157131	-15
50.177404	16
50.197677	16
50.21795	22
50.238223	-25
50.258496	26
50.278769	-46
50.299042	7
50.319315	-51
50.339588	10
50.359861	-9
50.380134	-21
50.400407	-4
50.42068	9
50.440953	-16
50.461226	-50
50.481499	-29
50.501772	12
50.522045	-9
50.542318	0
50.562591	-4
50.582864	0
50.603137	1
50.62341	-3
50.643683	-2
50.663956	-5
50.684229	34
50.704502	-12
50.724775	-1
50.745048	19
50.765321	-3
50.785594	0
50.805867	-17
50.82614	10
50.846413	5
50.866686	3
50.886959	39
50.907232	-9
50.927505	1
50.947778	25
50.968051	-19
50.988324	10
51.008597	29
51.02887	3
51.049143	2
51.069416	13
51.089689	-79
51.109962	12
51.130235	-6
51.150508	11
51.170781	29
51.191054	7
51.211327	0
51.2316	16
51.251873	-14
51.272146	11
51.292419	-6
51.312692	8
51.332965	0
51.353238	13
51.373511	15
51.393784	-13
51.414057	10
51.43433	6
51.454603	-11
51.474876	-8
51.495149	9
51.515422	3
51.535695	22
51.555968	-11
51.576241	36
51.596514	37
51.616787	-6
51.63706	-14
51.657333	8
51.677606	16
51.697879	10
51.718152	6
51.738425	2
51.758698	42
51.778971	-9
51.799244	-10
51.819517	-30
51.83979	10
51.860063	35
51.880336	5
51.900609	14
51.920882	5
51.941155	4
51.961428	-2
51.981701	-13
52.001974	15
52.022247	-22
52.04252	32
52.062793	21
52.083066	-10
52.103339	-33
52.123612	-9
52.143885	-3
52.164158	34
52.184431	-26
52.204704	-29
52.224977	66
52.24525	-22
52.265523	8
52.285796	11
52.306069	-32
52.326342	5
52.346615	5
52.366888	35
52.387161	0
52.407434	-16
52.427707	17
52.44798	-8
52.468253	27
52.488526	2
52.508799	-21
52.529072	8
52.549345	-28
52.569618	0
52.589891	-41
52.610164	6
52.630437	26
52.65071	-35
52.670983	-4
52.691256	-18
52.711529	19
52.731802	7
52.752075	-10
52.772348	-14
52.792621	-6
52.812894	28
52.833167	4
52.85344	28
52.873713	-5
52.893986	-34
52.914259	18
52.934532	-46
52.954805	-58
52.975078	-23
52.995351	-37
53.015624	-29
53.035897	-23
53.05617	-47
53.076443	-32
53.096716	-3
53.116989	-62
53.137262	-13
53.157535	18
53.177808	-21
53.198081	23
53.218354	-19
53.238627	-23
53.2589	-6
53.279173	4
53.299446	-6
53.319719	-18
53.339992	6
53.360265	-35
53.380538	35
53.400811	-5
53.421084	1
53.441357	-5
53.46163	-16
53.481903	-4
53.502176	22
53.522449	-21
53.542722	-20
53.562995	-29
53.583268	60
53.603541	-42
53.623814	2
53.644087	-5
53.66436	2
53.684633	0
53.704906	-14
53.725179	-45
53.745452	-13
53.765725	10
53.785998	-31
53.806271	-12
53.826544	-26
53.846817	-33
53.86709	19
53.887363	-3
53.907636	-1
53.927909	-26
53.948182	53
53.968455	16
53.988728	-2
54.009001	11
54.029274	-5
54.049547	5
54.06982	-13
54.090093	-12
54.110366	18
54.130639	1
54.150912	-37
54.171185	28
54.191458	4
54.211731	-12
54.232004	8
54.252277	22
54.27255	8
54.292823	-7
54.313096	28
54.333369	-6
54.353642	-19
54.373915	65
54.394188	-14
54.414461	-25
54.434734	-9
54.455007	17
54.47528	1
54.495553	-15
54.515826	-20
54.536099	10
54.556372	5
54.576645	10
54.596918	-20
54.617191	-6
54.637464	-37
54.657737	-18
54.67801	11
54.698283	-3
54.718556	24
54.738829	6
54.759102	30
54.779375	38
54.799648	5
54.819921	28
54.840194	-24
54.860467	-12
54.88074	-12
54.901013	-11
54.921286	32
54.941559	-2
54.961832	10
54.982105	13
55.002378	48
55.022651	-9
55.042924	-4
55.063197	30
55.08347	13
55.103743	12
55.124016	-2
55.144289	-22
55.164562	30
55.184835	-14
55.205108	34
55.225381	-5
55.245654	17
55.265927	-12
55.2862	17
55.306473	13
55.326746	8
55.347019	13
55.367292	12
55.387565	37
55.407838	-3
55.428111	-8
55.448384	-20
55.468657	1
55.48893	11
55.509203	49
55.529476	-18
55.549749	-7
55.570022	-21
55.590295	2
55.610568	-20
55.630841	-3
55.651114	9
55.671387	7
55.69166	-6
55.711933	32
55.732206	-7
55.752479	-17
55.772752	-50
55.793025	-1
55.813298	0
55.833571	14
55.853844	-6
55.874117	-30
55.89439	6
55.914663	23
55.934936	4
55.955209	-15
55.975482	-10
55.995755	4
56.016028	26
56.036301	-25
56.056574	16
56.076847	-12
56.09712	12
56.117393	-19
56.137666	4
56.157939	11
56.178212	32
56.198485	11
56.218758	-12
56.239031	13
56.259304	25
56.279577	-27
56.29985	31
56.320123	-17
56.340396	-8
56.360669	-14
56.380942	5
56.401215	-19
56.421488	3
56.441761	8
56.462034	-20
56.482307	-62
56.50258	-8
56.522853	-19
56.543126	24
56.563399	34
56.583672	13
56.603945	10
56.624218	-1
56.644491	-3
56.664764	-27
56.685037	22
56.70531	-11
56.725583	-20
56.745856	16
56.766129	-8
56.786402	-64
56.806675	17
56.826948	-9
56.847221	-30
56.867494	14
56.887767	-24
56.90804	-53
56.928313	9
56.948586	10
56.968859	-7
56.989132	0
57.009405	-32
57.029678	31
57.049951	-2
57.070224	-21
57.090497	19
57.11077	-29
57.131043	-18
57.151316	-38
57.171589	-39
57.191862	-25
57.212135	-19
57.232408	6
57.252681	21
57.272954	14
57.293227	1
57.3135	6
57.333773	12
57.354046	4
57.374319	-16
57.394592	25
57.414865	15
57.435138	-17
57.455411	-6
57.475684	-5
57.495957	-12
57.51623	-38
57.536503	-15
57.556776	-47
57.577049	18
57.597322	-3
57.617595	-61
57.637868	3
57.658141	10
57.678414	33
57.698687	-29
57.71896	4
57.739233	-35
57.759506	-31
57.779779	44
57.800052	-2
57.820325	-36
57.840598	-47
57.860871	10
57.881144	49
57.901417	37
57.92169	1
57.941963	7
57.962236	7
57.982509	2
58.002782	25
58.023055	21
58.043328	9
58.063601	22
58.083874	73
58.104147	12
58.12442	9
58.144693	-1
58.164966	-11
58.185239	22
58.205512	34
58.225785	4
58.246058	-1
58.266331	35
58.286604	-12
58.306877	9
58.32715	-16
58.347423	57
58.367696	24
58.387969	-23
58.408242	26
58.428515	9
58.448788	-20
58.469061	-21
58.489334	-35
58.509607	15
58.52988	-11
58.550153	6
58.570426	-46
58.590699	-8
58.610972	-21
58.631245	49
58.651518	55
58.671791	4
58.692064	28
58.712337	40
58.73261	31
58.752883	35
58.773156	7
58.793429	-37
58.813702	-12
58.833975	13
58.854248	55
58.874521	-8
58.894794	43
58.915067	-28
58.93534	-12
58.955613	10
58.975886	2
58.996159	-13
59.016432	23
59.036705	-13
59.056978	0
59.077251	-13
59.097524	18
59.117797	21
59.13807	24
59.158343	15
59.178616	-23
59.198889	-41
59.219162	-13
59.239435	21
59.259708	12
59.279981	-3
59.300254	-26
59.320527	37
59.3408	-33
59.361073	-6
59.381346	15
59.401619	18
59.421892	-28
59.442165	20
59.462438	3
59.482711	-2
59.502984	-8
59.523257	-26
59.54353	-7
59.563803	3
59.584076	-25
59.604349	-5
59.624622	1
59.644895	1
59.665168	-7
59.685441	20
59.705714	2
59.725987	18
59.74626	-26
59.766533	-13
59.786806	37
59.807079	19
59.827352	3
59.847625	-28
59.867898	14
59.888171	0
59.908444	8
59.928717	-31
59.94899	16
59.969263	11
59.989536	-26
60.009809	-5
60.030082	4
60.050355	2
60.070628	-18
60.090901	47
60.111174	26
60.131447	16
60.15172	16
60.171993	8
60.192266	-17
60.212539	41
60.232812	-75
60.253085	7
60.273358	14
60.293631	19
60.313904	10
60.334177	-43
60.35445	3
60.374723	-1
60.394996	4
60.415269	17
60.435542	-13
60.455815	8
60.476088	24
60.496361	0
60.516634	-2
60.536907	-19
60.55718	15
60.577453	-21
60.597726	33
60.617999	-51
60.638272	27
60.658545	17
60.678818	-8
60.699091	-33
60.719364	21
60.739637	16
60.75991	-11
60.780183	-1
60.800456	4
60.820729	-7
60.841002	11
60.861275	-7
60.881548	-14
60.901821	21
60.922094	0
60.942367	8
60.96264	-14
60.982913	-25
61.003186	-27
61.023459	18
61.043732	0
61.064005	-16
61.084278	4
61.104551	-2
61.124824	-27
61.145097	9
61.16537	-26
61.185643	38
61.205916	-38
61.226189	-34
61.246462	49
61.266735	-16
61.287008	-1
61.307281	-11
61.327554	33
61.347827	-16
61.3681	16
61.388373	-22
61.408646	-7
61.428919	-34
61.449192	7
61.469465	-5
61.489738	-7
61.510011	7
61.530284	-48
61.550557	-19
61.57083	-52
61.591103	-21
61.611376	-7
61.631649	17
61.651922	-47
61.672195	22
61.692468	-21
61.712741	-29
61.733014	-24
61.753287	12
61.77356	-37
61.793833	-26
61.814106	3
61.834379	-11
61.854652	-38
61.874925	-8
61.895198	-35
61.915471	-4
61.935744	19
61.956017	-11
61.97629	12
61.996563	22
62.016836	36
62.037109	-8
62.057382	-33
62.077655	-12
62.097928	-2
62.118201	-2
62.138474	6
62.158747	-54
62.17902	-5
62.199293	2
62.219566	26
62.239839	-13
62.260112	-14
62.280385	-22
62.300658	27
62.320931	-35
62.341204	-42
62.361477	-15
62.38175	21
62.402023	-2
62.422296	22
62.442569	-10
62.462842	0
62.483115	-42
62.503388	-12
62.523661	0
62.543934	4
62.564207	-48
62.58448	-16
62.604753	5
62.625026	-5
62.645299	11
62.665572	25
62.685845	50
62.706118	-28
62.726391	-16
62.746664	-20
62.766937	0
62.78721	-14
62.807483	11
62.827756	9
62.848029	-17
62.868302	-25
62.888575	-10
62.908848	-36
62.929121	-1
62.949394	-20
62.969667	16
62.98994	-18
63.010213	-23
63.030486	-1
63.050759	41
63.071032	2
63.091305	23
63.111578	-17
63.131851	-20
63.152124	1
63.172397	17
63.19267	20
63.212943	-9
63.233216	-18
63.253489	6
63.273762	-17
63.294035	8
63.314308	14
63.334581	-31
63.354854	-5
63.375127	-26
63.3954	17
63.415673	1
63.435946	18
63.456219	28
63.476492	9
63.496765	18
63.517038	11
63.537311	-39
63.557584	-22
63.577857	-27
63.59813	-21
63.618403	14
63.638676	16
63.658949	-2
63.679222	11
63.699495	26
63.719768	-2
63.740041	-4
63.760314	-25
63.780587	24
63.80086	13
63.821133	11
63.841406	1
63.861679	-18
63.881952	-6
63.902225	19
63.922498	47
63.942771	0
63.963044	64
63.983317	18
64.00359	-46
64.023863	39
64.044136	-33
64.064409	1
64.084682	37
64.104955	-2
64.125228	-16
64.145501	8
64.165774	-8
64.186047	4
64.20632	-7
64.226593	19
64.246866	2
64.267139	29
64.287412	10
64.307685	-4
64.327958	-11
64.348231	-5
64.368504	11
64.388777	37
64.40905	28
64.429323	42
64.449596	29
64.469869	-10
64.490142	15
64.510415	60
64.530688	64
64.550961	-11
64.571234	-40
64.591507	-5
64.61178	30
64.632053	-7
64.652326	4
64.672599	40
64.692872	15
64.713145	28
64.733418	17
64.753691	-25
64.773964	2
64.794237	-2
64.81451	-8
64.834783	22
64.855056	-11
64.875329	-2
64.895602	2
64.915875	7
64.936148	55
64.956421	22
64.976694	20
64.996967	59
65.01724	28
65.037513	14
65.057786	29
65.078059	-7
65.098332	39
65.118605	17
65.138878	30
65.159151	9
65.179424	24
65.199697	5
65.21997	4
65.240243	3
65.260516	-7
65.280789	-2
65.301062	9
65.321335	27
65.341608	12
65.361881	15
65.382154	47
65.402427	19
65.4227	-1
65.442973	-2
65.463246	6
65.483519	10
65.503792	-36
65.524065	4
65.544338	0
65.564611	-14
65.584884	29
65.605157	10
65.62543	-23
65.645703	22
65.665976	22
65.686249	14
65.706522	0
65.726795	2
65.747068	-9
65.767341	7
65.787614	4
65.807887	8
65.82816	-20
65.848433	-19
65.868706	-24
65.888979	10
65.909252	16
65.929525	4
65.949798	-4
65.970071	51
65.990344	-13
66.010617	-3
66.03089	-15
66.051163	3
66.071436	-23
66.091709	-39
66.111982	17
66.132255	13
66.152528	-15
66.172801	5
66.193074	12
66.213347	-11
66.23362	-33
66.253893	5
66.274166	45
66.294439	-13
66.314712	9
66.334985	-10
66.355258	-11
66.375531	-7
66.395804	-32
66.416077	3
66.43635	12
66.456623	15
66.476896	30
66.497169	5
66.517442	-11
66.537715	21
66.557988	39
66.578261	2
66.598534	7
66.618807	15
66.63908	4
66.659353	-10
66.679626	-17
66.699899	-6
66.720172	-4
66.740445	3
66.760718	-14
66.780991	8
66.801264	-15
66.821537	2
66.84181	20
66.862083	10
66.882356	14
66.902629	7
66.922902	13
66.943175	13
66.963448	19
66.983721	-7
67.003994	-34
67.024267	-15
67.04454	-6
67.064813	-34
67.085086	-4
67.105359	18
67.125632	-17
67.145905	21
67.166178	15
67.186451	-20
67.206724	-39
67.226997	9
67.24727	11
67.267543	4
67.287816	0
67.308089	34
67.328362	14
67.348635	15
67.368908	-5
67.389181	-17
67.409454	13
67.429727	-8
67.45	14
67.470273	14
67.490546	-22
67.510819	12
67.531092	-14
67.551365	1
67.571638	30
67.591911	-11
67.612184	20
67.632457	11
67.65273	-24
67.673003	-8
67.693276	-25
67.713549	29
67.733822	5
67.754095	9
67.774368	37
67.794641	-15
67.814914	-6
67.835187	-29
67.85546	26
67.875733	45
67.896006	4
67.916279	-5
67.936552	4
67.956825	30
67.977098	-33
67.997371	-5
68.017644	5
68.037917	-17
68.05819	21
68.078463	10
68.098736	16
68.119009	15
68.139282	36
68.159555	18
68.179828	13
68.200101	25
68.220374	41
68.240647	-17
68.26092	-6
68.281193	-31
68.301466	33
68.321739	16
68.342012	-13
68.362285	-14
68.382558	17
68.402831	8
68.423104	-14
68.443377	-2
68.46365	-7
68.483923	6
68.504196	43
68.524469	17
68.544742	21
68.565015	8
68.585288	27
68.605561	-18
68.625834	16
68.646107	-4
68.66638	17
68.686653	-16
68.706926	3
68.727199	12
68.747472	2
68.767745	-16
68.788018	29
68.808291	20
68.828564	-10
68.848837	-26
68.86911	-7
68.889383	45
68.909656	1
68.929929	-49
68.950202	19
68.970475	26
68.990748	2
69.011021	11
69.031294	33
69.051567	-10
69.07184	-32
69.092113	15
69.112386	-5
69.132659	-18
69.152932	8
69.173205	-37
69.193478	-8
69.213751	-11
69.234024	-15
69.254297	4
69.27457	-17
69.294843	-13
69.315116	-11
69.335389	-1
69.355662	34
69.375935	20
69.396208	46
69.416481	3
69.436754	-28
69.457027	-1
69.4773	-5
69.497573	-32
69.517846	20
69.538119	8
69.558392	14
69.578665	-36
69.598938	10
69.619211	-2
69.639484	29
69.659757	8
69.68003	33
69.700303	-8
69.720576	-8
69.740849	-25
69.761122	30
69.781395	9
69.801668	-25
69.821941	10
69.842214	13
69.862487	25
69.88276	-18
69.903033	18
69.923306	15
69.943579	5
69.963852	1
69.984125	0
70.004398	-43
70.024671	23
70.044944	-3
70.065217	-25
70.08549	42
70.105763	6
70.126036	-33
70.146309	21
70.166582	3
70.186855	10
70.207128	1
70.227401	13
70.247674	13
70.267947	-34
70.28822	11
70.308493	28
70.328766	-13
70.349039	50
70.369312	-36
70.389585	15
70.409858	12
70.430131	-12
70.450404	-23
70.470677	15
70.49095	3
70.511223	7
70.531496	36
70.551769	-1
70.572042	-21
70.592315	22
70.612588	-8
70.632861	3
70.653134	-33
70.673407	42
70.69368	18
70.713953	21
70.734226	-16
70.754499	-12
70.774772	23
70.795045	39
70.815318	3
70.835591	4
70.855864	2
70.876137	1
70.89641	23
70.916683	-15
70.936956	10
70.957229	-6
70.977502	12
70.997775	5
71.018048	8
71.038321	4
71.058594	22
71.078867	26
71.09914	-5
71.119413	-3
71.139686	26
71.159959	-23
71.180232	-4
71.200505	-4
71.220778	10
71.241051	-17
71.261324	2
71.281597	26
71.30187	5
71.322143	36
71.342416	-13
71.362689	13
71.382962	-24
71.403235	3
71.423508	4
71.443781	15
71.464054	7
71.484327	8
71.5046	-3
71.524873	-21
71.545146	10
71.565419	-30
71.585692	-9
71.605965	36
71.626238	19
71.646511	22
71.666784	8
71.687057	11
71.70733	-41
71.727603	30
71.747876	25
71.768149	7
71.788422	26
71.808695	-6
71.828968	23
71.849241	17
71.869514	18
71.889787	-44
71.91006	-11
71.930333	-14
71.950606	-4
71.970879	0
71.991152	10
72.011425	-9
72.031698	22
72.051971	10
72.072244	32
72.092517	-15
72.11279	-14
72.133063	14
72.153336	10
72.173609	6
72.193882	-4
72.214155	-9
72.234428	6
72.254701	-30
72.274974	13
72.295247	17
72.31552	-28
72.335793	-17
72.356066	13
72.376339	20
72.396612	-26
72.416885	-7
72.437158	-3
72.457431	19
72.477704	-2
72.497977	-24
72.51825	17
72.538523	41
72.558796	-28
72.579069	-22
72.599342	-4
72.619615	-3
72.639888	33
72.660161	23
72.680434	-21
72.700707	8
72.72098	27
72.741253	-21
72.761526	-20
72.781799	-17
72.802072	-3
72.822345	-4
72.842618	14
72.862891	-7
72.883164	31
72.903437	34
72.92371	-35
72.943983	-3
72.964256	-13
72.984529	-3
73.004802	-22
73.025075	5
73.045348	-5
73.065621	-12
73.085894	15
73.106167	-1
73.12644	-6
73.146713	17
73.166986	1
73.187259	10
73.207532	39
73.227805	40
73.248078	4
73.268351	-6
73.288624	37
73.308897	9
73.32917	-25
73.349443	-26
73.369716	15
73.389989	-14
73.410262	2
73.430535	-12
73.450808	25
73.471081	23
73.491354	32
73.511627	13
73.5319	-7
73.552173	-12
73.572446	45
73.592719	-25
73.612992	-2
73.633265	-18
73.653538	-14
73.673811	-16
73.694084	43
73.714357	-2
73.73463	-15
73.754903	8
73.775176	14
73.795449	-12
73.815722	9
73.835995	-33
73.856268	-7
73.876541	-11
73.896814	-40
73.917087	-7
73.93736	-30
73.957633	-7
73.977906	25
73.998179	-24
74.018452	-27
74.038725	0
74.058998	-25
74.079271	29
74.099544	45
74.119817	8
74.14009	11
74.160363	2
74.180636	-4
74.200909	22
74.221182	-14
74.241455	-9
74.261728	-10
74.282001	-10
74.302274	-13
74.322547	-20
74.34282	-21
74.363093	-11
74.383366	11
74.403639	9
74.423912	44
74.444185	27
74.464458	15
74.484731	-29
74.505004	-10
74.525277	-27
74.54555	13
74.565823	-8
74.586096	-15
74.606369	0
74.626642	47
74.646915	3
74.667188	-1
74.687461	-1
74.707734	-10
74.728007	11
74.74828	-13
74.768553	-7
74.788826	-24
74.809099	23
74.829372	11
74.849645	-12
74.869918	-12
74.890191	3
74.910464	-20
74.930737	7
74.95101	-7
74.971283	-7
74.991556	-1
75.011829	-47
75.032102	1
75.052375	25
75.072648	22
75.092921	12
75.113194	19
75.133467	-15
75.15374	20
75.174013	5
75.194286	-6
75.214559	-1
75.234832	-6
75.255105	-14
75.275378	-5
75.295651	-16
75.315924	2
75.336197	-8
75.35647	-15
75.376743	-4
75.397016	-4
75.417289	39
75.437562	18
75.457835	-7
75.478108	-8
75.498381	14
75.518654	-21
75.538927	-13
75.5592	-8
75.579473	18
75.599746	-10
75.620019	14
75.640292	-20
75.660565	-9
75.680838	4
75.701111	6
75.721384	25
75.741657	-53
75.76193	25
75.782203	-15
75.802476	-29
75.822749	-4
75.843022	-12
75.863295	-22
75.883568	-10
75.903841	19
75.924114	-5
75.944387	-21
75.96466	29
75.984933	-29
76.005206	5
76.025479	-24
76.045752	15
76.066025	-31
76.086298	-6
76.106571	-24
76.126844	-4
76.147117	10
76.16739	-4
76.187663	-2
76.207936	7
76.228209	28
76.248482	-1
76.268755	-15
76.289028	-10
76.309301	-10
76.329574	30
76.349847	2
76.37012	21
76.390393	-1
76.410666	1
76.430939	4
76.451212	-9
76.471485	-21
76.491758	-1
76.512031	-6
76.532304	12
76.552577	-40
76.57285	-20
76.593123	20
76.613396	-39
76.633669	5
76.653942	5
76.674215	7
76.694488	-11
76.714761	12
76.735034	0
76.755307	-16
76.77558	-22
76.795853	30
76.816126	13
76.836399	27
76.856672	-21
76.876945	-3
76.897218	-4
76.917491	5
76.937764	3
76.958037	-23
76.97831	-28
76.998583	-25
77.018856	21
77.039129	-22
77.059402	-1
77.079675	-25
77.099948	2
77.120221	-1
77.140494	-9
77.160767	-22
77.18104	8
77.201313	-9
77.221586	-14
77.241859	-26
77.262132	-25
77.282405	-19
77.302678	-41
77.322951	-9
77.343224	10
77.363497	-4
77.38377	-5
77.404043	12
77.424316	8
77.444589	-10
77.464862	-7
77.485135	1
77.505408	32
77.525681	-11
77.545954	39
77.566227	-14
77.5865	-13
77.606773	-9
77.627046	-2
77.647319	-13
77.667592	6
77.687865	-1
77.708138	3
77.728411	-8
77.748684	8
77.768957	55
77.78923	17
77.809503	14
77.829776	-30
77.850049	7
77.870322	17
77.890595	6
77.910868	3
77.931141	10
77.951414	19
77.971687	26
77.99196	1
78.012233	35
78.032506	5
78.052779	-12
78.073052	-25
78.093325	-17
78.113598	34
78.133871	11
78.154144	29
78.174417	-8
78.19469	-4
78.214963	24
78.235236	1
78.255509	-25
78.275782	5
78.296055	-3
78.316328	-15
78.336601	1
78.356874	-17
78.377147	33
78.39742	14
78.417693	-4
78.437966	3
78.458239	-6
78.478512	-15
78.498785	-20
78.519058	-27
78.539331	-20
78.559604	18
78.579877	18
78.60015	12
78.620423	-2
78.640696	30
78.660969	22
78.681242	-16
78.701515	17
78.721788	-14
78.742061	33
78.762334	-6
78.782607	4
78.80288	-22
78.823153	-7
78.843426	0
78.863699	39
78.883972	-14
78.904245	-9
78.924518	1
78.944791	17
78.965064	-3
78.985337	25
79.00561	-7
79.025883	-14
79.046156	-29
79.066429	-6
79.086702	22
79.106975	4
79.127248	19
79.147521	-20
79.167794	3
79.188067	-5
79.20834	-6
79.228613	-24
79.248886	17
79.269159	-4
79.289432	12
79.309705	-12
79.329978	9
79.350251	14
79.370524	7
79.390797	-8
79.41107	23
79.431343	12
79.451616	25
79.471889	31
79.492162	-3
79.512435	-38
79.532708	-18
79.552981	11
79.573254	-4
79.593527	7
79.6138	-14
79.634073	1
79.654346	-8
79.674619	-16
79.694892	-11
79.715165	8
79.735438	-10
79.755711	-23
79.775984	-15
79.796257	-34
79.81653	8
79.836803	-8
79.857076	-12
79.877349	-15
79.897622	6
79.917895	4
79.938168	47
79.958441	14
79.978714	31
79.998987	-49
80.01926	-11
