10.097683	21
10.117956	-30
10.138229	-8
10.158502	-16
10.178775	-7
10.199048	34
10.219321	1
10.239594	-1
10.259867	-14
10.28014	-41
10.300413	-25
10.320686	4
10.340959	-44
10.361232	-10
10.381505	-79
10.401778	-9
10.422051	-48
10.442324	-16
10.462597	-34
10.48287	-45
10.503143	-66
10.523416	-38
10.543689	-53
10.563962	-58
10.584235	-34
10.604508	-27
10.624781	-36
10.645054	-1
10.665327	-95
10.6856	-39
10.705873	-63
10.726146	-16
10.746419	-46
10.766692	-53
10.786965	-12
10.807238	-8
10.827511	8
10.847784	-57
10.868057	-37
10.88833	8
10.908603	-6
10.928876	27
10.949149	-55
10.969422	-14
10.989695	-43
11.009968	-49
11.030241	41
11.050514	-57
11.070787	-78
11.09106	-77
11.111333	-55
11.131606	-55
11.151879	-78
11.172152	-21
11.192425	-22
11.212698	18
11.232971	-21
11.253244	10
11.273517	24
11.29379	59
11.314063	26
11.334336	23
11.354609	68
11.374882	65
11.395155	23
11.415428	35
11.435701	22
11.455974	31
11.476247	38
11.49652	31
11.516793	25
11.537066	85
11.557339	26
11.577612	73
11.597885	50
11.618158	-66
11.638431	-34
11.658704	-20
11.678977	-45
11.69925	-84
11.719523	-34
11.739796	-97
11.760069	-23
11.780342	-79
11.800615	-24
11.820888	-79
11.841161	-23
11.861434	-12
11.881707	-84
11.90198	-82
11.922253	-85
11.942526	-16
11.962799	-61
11.983072	-49
12.003345	-56
12.023618	-11
12.043891	-21
12.064164	-32
12.084437	-80
12.10471	-32
12.124983	-60
12.145256	-10
12.165529	10
12.185802	39
12.206075	23
12.226348	75
12.246621	1
12.266894	-24
12.287167	26
12.30744	-35
12.327713	-35
12.347986	20
12.368259	-72
12.388532	-2
12.408805	31
12.429078	-6
12.449351	-35
12.469624	-92
12.489897	-59
12.51017	5
12.530443	6
12.550716	-48
12.570989	12
12.591262	-40
12.611535	-52
12.631808	-37
12.652081	-43
12.672354	24
12.692627	-41
12.7129	-8
12.733173	-50
12.753446	-5
12.773719	-12
12.793992	-36
12.814265	-79
12.834538	-23
12.854811	-13
12.875084	42
12.895357	-33
12.91563	-11
12.935903	-5
12.956176	-33
12.976449	-37
12.996722	-8
13.016995	11
13.037268	74
13.057541	-20
13.077814	-21
13.098087	20
13.11836	-20
13.138633	-48
13.158906	-23
13.179179	20
13.199452	48
13.219725	-26
13.239998	-60
13.260271	7
13.280544	-31
13.300817	3
13.32109	-7
13.341363	12
13.361636	-13
13.381909	-20
13.402182	-47
13.422455	-2
13.442728	24
13.463001	5
13.483274	-36
13.503547	-49
13.52382	-2
13.544093	-25
13.564366	-76
13.584639	7
13.604912	-7
13.625185	74
13.645458	24
13.665731	11
13.686004	-16
13.706277	-60
13.72655	14
13.746823	-24
13.767096	55
13.787369	-1
13.807642	21
13.827915	38
13.848188	38
13.868461	38
13.888734	-7
13.909007	-13
13.92928	31
13.949553	76
13.969826	8
13.990099	-4
14.010372	60
14.030645	-17
14.050918	14
14.071191	40
14.091464	34
14.111737	52
14.13201	64
14.152283	-43
14.172556	25
14.192829	59
14.213102	6
14.233375	14
14.253648	64
14.273921	12
14.294194	0
14.314467	30
14.33474	-39
14.355013	-19
14.375286	16
14.395559	40
14.415832	8
14.436105	7
14.456378	47
14.476651	-30
14.496924	11
14.517197	-15
14.53747	84
14.557743	23
14.578016	-44
14.598289	-8
14.618562	-20
14.638835	-13
14.659108	47
14.679381	7
14.699654	30
14.719927	10
14.7402	-17
14.760473	14
14.780746	22
14.801019	-24
14.821292	-25
14.841565	-1
14.861838	22
14.882111	-47
14.902384	-19
14.922657	-36
14.94293	10
14.963203	16
14.983476	10
15.003749	-8
15.024022	-8
15.044295	29
15.064568	-27
15.084841	-22
15.105114	75
15.125387	11
15.14566	12
15.165933	-25
15.186206	22
15.206479	-27
15.226752	-2
15.247025	-37
15.267298	9
15.287571	25
15.307844	12
15.328117	-73
15.34839	-8
15.368663	-21
15.388936	-15
15.409209	16
15.429482	35
15.449755	18
15.470028	-9
15.490301	-61
15.510574	55
15.530847	2
15.55112	-59
15.571393	9
15.591666	19
15.611939	-62
15.632212	-15
15.652485	-6
15.672758	65
15.693031	-20
15.713304	-22
15.733577	-41
15.75385	-57
15.774123	0
15.794396	-52
15.814669	-7
15.834942	-39
15.855215	47
15.875488	-20
15.895761	14
15.916034	67
15.936307	-23
15.95658	23
15.976853	26
15.997126	25
16.017399	-30
16.037672	-39
16.057945	-39
16.078218	-7
16.098491	16
16.118764	-26
16.139037	18
16.15931	-1
16.179583	21
16.199856	-18
16.220129	-34
16.240402	-32
16.260675	-45
16.280948	-1
16.301221	55
16.321494	73
16.341767	-8
16.36204	-49
16.382313	-16
16.402586	-26
16.422859	-62
16.443132	35
16.463405	-34
16.483678	-15
16.503951	9
16.524224	-27
16.544497	15
16.56477	-51
16.585043	10
16.605316	-12
16.625589	9
16.645862	0
16.666135	-25
16.686408	14
16.706681	33
16.726954	58
16.747227	21
16.7675	33
16.787773	22
16.808046	49
16.828319	-12
16.848592	32
16.868865	-24
16.889138	1
16.909411	26
16.929684	1
16.949957	40
16.97023	-20
16.990503	48
17.010776	-66
17.031049	-50
17.051322	-41
17.071595	-17
17.091868	0
17.112141	-47
17.132414	-78
17.152687	12
17.17296	-42
17.193233	-25
17.213506	28
17.233779	40
17.254052	-53
17.274325	-15
17.294598	-7
17.314871	25
17.335144	-30
17.355417	-22
17.37569	-18
17.395963	-16
17.416236	-20
17.436509	10
17.456782	-3
17.477055	6
17.497328	18
17.517601	-33
17.537874	1
17.558147	-3
17.57842	1
17.598693	88
17.618966	-57
17.639239	80
17.659512	17
17.679785	1
17.700058	4
17.720331	22
17.740604	-36
17.760877	-39
17.78115	-34
17.801423	-67
17.821696	-4
17.841969	-5
17.862242	-60
17.882515	34
17.902788	18
17.923061	-3
17.943334	-29
17.963607	-13
17.98388	-36
18.004153	-3
18.024426	10
18.044699	-50
18.064972	-5
18.085245	-9
18.105518	-47
18.125791	-21
18.146064	-54
18.166337	-23
18.18661	-66
18.206883	-14
18.227156	-90
18.247429	-25
18.267702	-43
18.287975	59
18.308248	5
18.328521	-28
18.348794	15
18.369067	39
18.38934	-22
18.409613	40
18.429886	-2
18.450159	-23
18.470432	90
18.490705	3
18.510978	36
18.531251	18
18.551524	23
18.571797	81
18.59207	7
18.612343	24
18.632616	-21
18.652889	-37
18.673162	19
18.693435	13
18.713708	-16
18.733981	-23
18.754254	-51
18.774527	-8
18.7948	39
18.815073	-42
18.835346	34
18.855619	-9
18.875892	-72
18.896165	-60
18.916438	-60
18.936711	-44
18.956984	22
18.977257	14
18.99753	-19
19.017803	-50
19.038076	38
19.058349	12
19.078622	12
19.098895	-49
19.119168	45
19.139441	7
19.159714	51
19.179987	41
19.20026	38
19.220533	23
19.240806	-17
19.261079	-47
19.281352	13
19.301625	25
19.321898	49
19.342171	3
19.362444	25
19.382717	-50
19.40299	-50
19.423263	-43
19.443536	-59
19.463809	17
19.484082	24
19.504355	78
19.524628	37
19.544901	40
19.565174	-59
19.585447	20
19.60572	42
19.625993	-20
19.646266	29
19.666539	-11
19.686812	-12
19.707085	6
19.727358	43
19.747631	29
19.767904	0
19.788177	-20
19.80845	-40
19.828723	-19
19.848996	65
19.869269	-62
19.889542	46
19.909815	-25
19.930088	-26
19.950361	-63
19.970634	-30
19.990907	-27
20.01118	3
20.031453	-25
20.051726	-11
20.071999	39
20.092272	15
20.112545	-65
20.132818	49
20.153091	-1
20.173364	-65
20.193637	-6
20.21391	-22
20.234183	-32
20.254456	10
20.274729	80
20.295002	-84
20.315275	-53
20.335548	13
20.355821	5
20.376094	42
20.396367	17
20.41664	-16
20.436913	-11
20.457186	-8
20.477459	-10
20.497732	16
20.518005	-10
20.538278	3
20.558551	-9
20.578824	-8
20.599097	26
20.61937	-2
20.639643	-61
20.659916	-67
20.680189	-41
20.700462	2
20.720735	-5
20.741008	4
20.761281	-49
20.781554	14
20.801827	-19
20.8221	-41
20.842373	11
20.862646	37
20.882919	2
20.903192	-25
20.923465	-55
20.943738	-14
20.964011	35
20.984284	-61
21.004557	39
21.02483	42
21.045103	28
21.065376	26
21.085649	47
21.105922	31
21.126195	48
21.146468	-11
21.166741	41
21.187014	8
21.207287	-13
21.22756	38
21.247833	-21
21.268106	0
21.288379	28
21.308652	-19
21.328925	8
21.349198	60
21.369471	-6
21.389744	36
21.410017	-26
21.43029	-43
21.450563	-10
21.470836	24
21.491109	-56
21.511382	-12
21.531655	9
21.551928	30
21.572201	-37
21.592474	11
21.612747	-28
21.63302	-34
21.653293	-62
21.673566	-53
21.693839	9
21.714112	-31
21.734385	12
21.754658	-18
21.774931	-8
21.795204	-20
21.815477	11
21.83575	-91
21.856023	9
21.876296	-4
21.896569	-15
21.916842	0
21.937115	85
21.957388	23
21.977661	36
21.997934	-17
22.018207	-15
22.03848	-73
22.058753	-25
22.079026	-67
22.099299	-27
22.119572	-44
22.139845	23
22.160118	85
22.180391	24
22.200664	-27
22.220937	30
22.24121	31
22.261483	-23
22.281756	-6
22.302029	-51
22.322302	22
22.342575	-71
22.362848	-42
22.383121	16
22.403394	-18
22.423667	-70
22.44394	-31
22.464213	-54
22.484486	-24
22.504759	-23
22.525032	21
22.545305	12
22.565578	-12
22.585851	-15
22.606124	-44
22.626397	7
22.64667	-26
22.666943	-45
22.687216	45
22.707489	-13
22.727762	22
22.748035	36
22.768308	61
22.788581	23
22.808854	52
22.829127	-59
22.8494	-9
22.869673	33
22.889946	39
22.910219	19
22.930492	-34
22.950765	-46
22.971038	30
22.991311	-19
23.011584	-20
23.031857	-11
23.05213	76
23.072403	22
23.092676	-71
23.112949	-18
23.133222	49
23.153495	37
23.173768	-32
23.194041	44
23.214314	37
23.234587	-22
23.25486	84
23.275133	29
23.295406	-47
23.315679	-34
23.335952	28
23.356225	3
23.376498	33
23.396771	-10
23.417044	-33
23.437317	4
23.45759	1
23.477863	-10
23.498136	-35
23.518409	-68
23.538682	-54
23.558955	25
23.579228	35
23.599501	-18
23.619774	19
23.640047	-1
23.66032	-4
23.680593	-11
23.700866	-31
23.721139	-7
23.741412	28
23.761685	36
23.781958	4
23.802231	-15
23.822504	93
23.842777	30
23.86305	65
23.883323	22
23.903596	-40
23.923869	25
23.944142	35
23.964415	29
23.984688	-5
24.004961	15
24.025234	77
24.045507	3
24.06578	9
24.086053	-27
24.106326	55
24.126599	-2
24.146872	33
24.167145	26
24.187418	-23
24.207691	17
24.227964	-14
24.248237	31
24.26851	24
24.288783	10
24.309056	36
24.329329	-4
24.349602	-2
24.369875	-12
24.390148	-22
24.410421	-71
24.430694	35
24.450967	10
24.47124	-1
24.491513	77
24.511786	30
24.532059	38
24.552332	-11
24.572605	-33
24.592878	0
24.613151	47
24.633424	71
24.653697	21
24.67397	62
24.694243	-14
24.714516	56
24.734789	-14
24.755062	59
24.775335	28
24.795608	-31
24.815881	-39
24.836154	26
24.856427	-14
24.8767	36
24.896973	-18
24.917246	18
24.937519	15
24.957792	35
24.978065	28
24.998338	-35
25.018611	4
25.038884	31
25.059157	54
25.07943	-60
25.099703	-55
25.119976	-11
25.140249	35
25.160522	66
25.180795	3
25.201068	-61
25.221341	25
25.241614	20
25.261887	-10
25.28216	60
25.302433	28
25.322706	57
25.342979	74
25.363252	8
25.383525	23
25.403798	44
25.424071	31
25.444344	87
25.464617	-50
25.48489	-48
25.505163	-12
25.525436	19
25.545709	53
25.565982	9
25.586255	2
25.606528	-31
25.626801	9
25.647074	81
25.667347	90
25.68762	48
25.707893	-19
25.728166	-15
25.748439	23
25.768712	63
25.788985	-13
25.809258	92
25.829531	-99
25.849804	30
25.870077	6
25.89035	17
25.910623	65
25.930896	-16
25.951169	27
25.971442	3
25.991715	39
26.011988	34
26.032261	72
26.052534	-39
26.072807	20
26.09308	78
26.113353	35
26.133626	47
26.153899	-25
26.174172	17
26.194445	15
26.214718	34
26.234991	76
26.255264	1
26.275537	35
26.29581	69
26.316083	19
26.336356	25
26.356629	-5
26.376902	-21
26.397175	20
26.417448	-24
26.437721	-4
26.457994	-19
26.478267	-23
26.49854	17
26.518813	64
26.539086	10
26.559359	81
26.579632	-53
26.599905	37
26.620178	-8
26.640451	-19
26.660724	16
26.680997	6
26.70127	-62
26.721543	38
26.741816	-20
26.762089	-6
26.782362	-57
26.802635	-17
26.822908	-13
26.843181	-19
26.863454	21
26.883727	-28
26.904	-14
26.924273	64
26.944546	25
26.964819	15
26.985092	-22
27.005365	47
27.025638	28
27.045911	-17
27.066184	-3
27.086457	-31
27.10673	-33
27.127003	69
27.147276	-68
27.167549	-20
27.187822	-49
27.208095	-13
27.228368	58
27.248641	37
27.268914	58
27.289187	-27
27.30946	24
27.329733	34
27.350006	11
27.370279	-18
27.390552	36
27.410825	59
27.431098	-11
27.451371	11
27.471644	48
27.491917	-56
27.51219	42
27.532463	75
27.552736	72
27.573009	10
27.593282	-5
27.613555	1
27.633828	23
27.654101	77
27.674374	63
27.694647	57
27.71492	22
27.735193	37
27.755466	50
27.775739	28
27.796012	65
27.816285	72
27.836558	31
27.856831	-3
27.877104	0
27.897377	-16
27.91765	-8
27.937923	-49
27.958196	-20
27.978469	-14
27.998742	9
28.019015	33
28.039288	-5
28.059561	-53
28.079834	-48
28.100107	-26
28.12038	-35
28.140653	24
28.160926	11
28.181199	-51
28.201472	-9
28.221745	-59
28.242018	-52
28.262291	-32
28.282564	-84
28.302837	13
28.32311	-24
28.343383	-41
28.363656	-25
28.383929	-54
28.404202	-29
28.424475	-64
28.444748	-48
28.465021	-45
28.485294	-27
28.505567	-23
28.52584	-28
28.546113	-43
28.566386	1
28.586659	-24
28.606932	-10
28.627205	32
28.647478	-17
28.667751	25
28.688024	41
28.708297	25
28.72857	28
28.748843	67
28.769116	90
28.789389	72
28.809662	46
28.829935	34
28.850208	-11
28.870481	30
28.890754	-26
28.911027	32
28.9313	22
28.951573	39
28.971846	34
28.992119	-19
29.012392	-25
29.032665	28
29.052938	4
29.073211	35
29.093484	21
29.113757	-12
29.13403	46
29.154303	71
29.174576	50
29.194849	-2
29.215122	6
29.235395	-40
29.255668	-42
29.275941	0
29.296214	-17
29.316487	-26
29.33676	58
29.357033	9
29.377306	-36
29.397579	34
29.417852	66
29.438125	76
29.458398	-18
29.478671	95
29.498944	17
29.519217	81
29.53949	54
29.559763	28
29.580036	82
29.600309	7
29.620582	38
29.640855	21
29.661128	16
29.681401	-31
29.701674	-50
29.721947	-67
29.74222	11
29.762493	8
29.782766	-47
29.803039	79
29.823312	-10
29.843585	-25
29.863858	62
29.884131	25
29.904404	-52
29.924677	72
29.94495	-9
29.965223	-18
29.985496	-42
30.005769	-51
30.026042	44
30.046315	5
30.066588	-8
30.086861	13
30.107134	59
30.127407	17
30.14768	-57
30.167953	-3
30.188226	-64
30.208499	78
30.228772	-87
30.249045	-68
30.269318	30
30.289591	-32
30.309864	-31
30.330137	-30
30.35041	-61
30.370683	23
30.390956	48
30.411229	21
30.431502	-53
30.451775	15
30.472048	-11
30.492321	-42
30.512594	-96
30.532867	-10
30.55314	39
30.573413	2
30.593686	3
30.613959	-86
30.634232	-17
30.654505	-19
30.674778	6
30.695051	-36
30.715324	-9
30.735597	-29
30.75587	9
30.776143	6
30.796416	5
30.816689	5
30.836962	-27
30.857235	-6
30.877508	33
30.897781	10
30.918054	0
30.938327	-36
30.9586	33
30.978873	25
30.999146	-48
31.019419	-20
31.039692	40
31.059965	21
31.080238	33
31.100511	36
31.120784	53
31.141057	71
31.16133	92
31.181603	119
31.201876	178
31.222149	187
31.242422	168
31.262695	145
31.282968	138
31.303241	127
31.323514	90
31.343787	61
31.36406	24
31.384333	36
31.404606	42
31.424879	55
31.445152	-6
31.465425	36
31.485698	4
31.505971	-43
31.526244	-68
31.546517	50
31.56679	-40
31.587063	-41
31.607336	-81
31.627609	-60
31.647882	-21
31.668155	-98
31.688428	-4
31.708701	-26
31.728974	-45
31.749247	-54
31.76952	-83
31.789793	-68
31.810066	-59
31.830339	29
31.850612	-84
31.870885	-19
31.891158	-40
31.911431	33
31.931704	-30
31.951977	3
31.97225	-16
31.992523	18
32.012796	29
32.033069	-11
32.053342	32
32.073615	22
32.093888	23
32.114161	57
32.134434	-26
32.154707	12
32.17498	7
32.195253	-43
32.215526	-8
32.235799	0
32.256072	35
32.276345	10
32.296618	-76
32.316891	70
32.337164	30
32.357437	29
32.37771	22
32.397983	64
32.418256	46
32.438529	10
32.458802	3
32.479075	31
32.499348	51
32.519621	54
32.539894	22
32.560167	11
32.58044	6
32.600713	10
32.620986	-19
32.641259	-4
32.661532	25
32.681805	2
32.702078	-17
32.722351	33
32.742624	-34
32.762897	28
32.78317	4
32.803443	16
32.823716	6
32.843989	32
32.864262	-19
32.884535	14
32.904808	28
32.925081	7
32.945354	18
32.965627	-30
32.9859	40
33.006173	-1
33.026446	27
33.046719	62
33.066992	-9
33.087265	62
33.107538	24
33.127811	26
33.148084	64
33.168357	39
33.18863	24
33.208903	9
33.229176	39
33.249449	49
33.269722	45
33.289995	-33
33.310268	18
33.330541	-40
33.350814	9
33.371087	31
33.39136	-37
33.411633	35
33.431906	40
33.452179	-11
33.472452	28
33.492725	-25
33.512998	-61
33.533271	36
33.553544	20
33.573817	-29
33.59409	45
33.614363	27
33.634636	15
33.654909	-25
33.675182	20
33.695455	-3
33.715728	24
33.736001	-13
33.756274	-12
33.776547	76
33.79682	36
33.817093	-33
33.837366	17
33.857639	-41
33.877912	53
33.898185	44
33.918458	2
33.938731	51
33.959004	-40
33.979277	27
33.99955	-21
34.019823	-23
34.040096	26
34.060369	-7
34.080642	-61
34.100915	23
34.121188	68
34.141461	-16
34.161734	-14
34.182007	12
34.20228	-4
34.222553	19
34.242826	-23
34.263099	-30
34.283372	64
34.303645	55
34.323918	18
34.344191	28
34.364464	-67
34.384737	6
34.40501	46
34.425283	49
34.445556	28
34.465829	-35
34.486102	-21
34.506375	-47
34.526648	8
34.546921	-26
34.567194	-23
34.587467	2
34.60774	-5
34.628013	-25
34.648286	-45
34.668559	7
34.688832	32
34.709105	-26
34.729378	-2
34.749651	22
34.769924	11
34.790197	-5
34.81047	-3
34.830743	40
34.851016	-35
34.871289	57
34.891562	-12
34.911835	56
34.932108	48
34.952381	-20
34.972654	13
34.992927	18
35.0132	26
35.033473	-42
35.053746	21
35.074019	-52
35.094292	60
35.114565	1
35.134838	3
35.155111	-13
35.175384	-7
35.195657	-9
35.21593	-9
35.236203	-27
35.256476	-5
35.276749	71
35.297022	-10
35.317295	-37
35.337568	6
35.357841	-28
35.378114	7
35.398387	8
35.41866	-26
35.438933	25
35.459206	-3
35.479479	-34
35.499752	-6
35.520025	1
35.540298	0
35.560571	24
35.580844	-7
35.601117	43
35.62139	-48
35.641663	-18
35.661936	45
35.682209	13
35.702482	3
35.722755	-15
35.743028	4
35.763301	-11
35.783574	3
35.803847	27
35.82412	-18
35.844393	-15
35.864666	-16
35.884939	5
35.905212	8
35.925485	64
35.945758	43
35.966031	19
35.986304	7
36.006577	46
36.02685	37
36.047123	31
36.067396	-5
36.087669	-7
36.107942	22
36.128215	-20
36.148488	28
36.168761	-7
36.189034	-11
36.209307	64
36.22958	16
36.249853	61
36.270126	35
36.290399	50
36.310672	61
36.330945	22
36.351218	-5
36.371491	-8
36.391764	38
36.412037	-33
36.43231	-62
36.452583	34
36.472856	16
36.493129	11
36.513402	57
36.533675	36
36.553948	-13
36.574221	4
36.594494	-12
36.614767	11
36.63504	-13
36.655313	26
36.675586	-14
36.695859	-7
36.716132	15
36.736405	-9
36.756678	-58
36.776951	63
36.797224	10
36.817497	-8
36.83777	-24
36.858043	9
36.878316	-3
36.898589	5
36.918862	24
36.939135	54
36.959408	38
36.979681	8
36.999954	32
37.020227	-66
37.0405	38
37.060773	54
37.081046	-17
37.101319	-9
37.121592	12
37.141865	-9
37.162138	-52
37.182411	0
37.202684	62
37.222957	-1
37.24323	-27
37.263503	22
37.283776	6
37.304049	15
37.324322	-11
37.344595	54
37.364868	4
37.385141	38
37.405414	-10
37.425687	-36
37.44596	65
37.466233	35
37.486506	-13
37.506779	20
37.527052	21
37.547325	-34
37.567598	-5
37.587871	21
37.608144	23
37.628417	-3
37.64869	18
37.668963	28
37.689236	30
37.709509	-34
37.729782	12
37.750055	-16
37.770328	-9
37.790601	63
37.810874	-2
37.831147	25
37.85142	-34
37.871693	-4
37.891966	-18
37.912239	0
37.932512	16
37.952785	4
37.973058	29
37.993331	-46
38.013604	29
38.033877	-27
38.05415	-16
38.074423	1
38.094696	0
38.114969	18
38.135242	14
38.155515	42
38.175788	-36
38.196061	10
38.216334	-2
38.236607	-22
38.25688	-10
38.277153	-8
38.297426	16
38.317699	8
38.337972	-12
38.358245	-14
38.378518	-27
38.398791	-71
38.419064	37
38.439337	-1
38.45961	-23
38.479883	-63
38.500156	-47
38.520429	6
38.540702	4
38.560975	35
38.581248	38
38.601521	20
38.621794	27
38.642067	-5
38.66234	-4
38.682613	57
38.702886	53
38.723159	-10
38.743432	44
38.763705	10
38.783978	29
38.804251	56
38.824524	8
38.844797	-25
38.86507	13
38.885343	-13
38.905616	-35
38.925889	-15
38.946162	-44
38.966435	14
38.986708	-2
39.006981	-17
39.027254	3
39.047527	23
39.0678	-9
39.088073	-43
39.108346	-43
39.128619	13
39.148892	8
39.169165	-11
39.189438	-8
39.209711	-9
39.229984	-16
39.250257	9
39.27053	36
39.290803	9
39.311076	7
39.331349	-25
39.351622	2
39.371895	51
39.392168	8
39.412441	-34
39.432714	-12
39.452987	-2
39.47326	-66
39.493533	-8
39.513806	-18
39.534079	-47
39.554352	-18
39.574625	-10
39.594898	-26
39.615171	15
39.635444	-10
39.655717	-34
39.67599	-19
39.696263	-10
39.716536	-6
39.736809	-11
39.757082	27
39.777355	-62
39.797628	-10
39.817901	19
39.838174	-18
39.858447	-30
39.87872	-5
39.898993	1
39.919266	-20
39.939539	39
39.959812	-4
39.980085	-8
40.000358	23
40.020631	15
40.040904	-12
40.061177	-4
40.08145	-27
40.101723	2
40.121996	14
40.142269	-2
40.162542	-4
40.182815	-65
40.203088	3
40.223361	6
40.243634	1
40.263907	2
40.28418	8
40.304453	-2
40.324726	-52
40.344999	31
40.365272	-11
40.385545	-9
40.405818	-8
40.426091	22
40.446364	-5
40.466637	-19
40.48691	-1
40.507183	15
40.527456	11
40.547729	-17
40.568002	6
40.588275	19
40.608548	-4
40.628821	2
40.649094	-2
40.669367	12
40.68964	3
40.709913	-38
40.730186	-1
40.750459	14
40.770732	19
40.791005	-54
40.811278	-40
40.831551	27
40.851824	-32
40.872097	-19
40.89237	-1
40.912643	-5
40.932916	29
40.953189	54
40.973462	-3
40.993735	-17
41.014008	40
41.034281	7
41.054554	26
41.074827	10
41.0951	-20
41.115373	28
41.135646	-20
41.155919	-2
41.176192	13
41.196465	25
41.216738	-68
41.237011	-15
41.257284	-5
41.277557	-14
41.29783	-3
41.318103	3
41.338376	-11
41.358649	14
41.378922	-23
41.399195	42
41.419468	-16
41.439741	-4
41.460014	3
41.480287	-3
41.50056	37
41.520833	21
41.541106	17
41.561379	31
41.581652	44
41.601925	26
41.622198	-18
41.642471	-1
41.662744	5
41.683017	-11
41.70329	-13
41.723563	21
41.743836	7
41.764109	9
41.784382	-47
41.804655	-32
41.824928	10
41.845201	-16
41.865474	41
41.885747	16
41.90602	44
41.926293	5
41.946566	31
41.966839	-7
41.987112	-9
42.007385	62
42.027658	11
42.047931	30
42.068204	1
42.088477	-63
42.10875	-20
42.129023	-3
42.149296	45
42.169569	-17
42.189842	26
42.210115	-20
42.230388	-14
42.250661	19
42.270934	3
42.291207	11
42.31148	22
42.331753	25
42.352026	11
42.372299	43
42.392572	-24
42.412845	-10
42.433118	65
42.453391	33
42.473664	0
42.493937	42
42.51421	2
42.534483	-38
42.554756	56
42.575029	59
42.595302	-45
42.615575	11
42.635848	21
42.656121	-34
42.676394	20
42.696667	40
42.71694	-11
42.737213	-22
42.757486	-14
42.777759	-12
42.798032	22
42.818305	-26
42.838578	39
42.858851	24
42.879124	11
42.899397	-23
42.91967	10
42.939943	-44
42.960216	25
42.980489	37
43.000762	-9
43.021035	-15
43.041308	28
43.061581	2
43.081854	-50
43.102127	-4
43.1224	-6
43.142673	55
43.162946	-3
43.183219	-49
43.203492	-17
43.223765	-15
43.244038	-28
43.264311	1
43.284584	-20
43.304857	14
43.32513	-36
43.345403	-18
43.365676	18
43.385949	-9
43.406222	6
43.426495	-4
43.446768	-10
43.467041	7
43.487314	22
43.507587	-42
43.52786	-23
43.548133	28
43.568406	19
43.588679	-5
43.608952	14
43.629225	-15
43.649498	-4
43.669771	-36
43.690044	-6
43.710317	30
43.73059	11
43.750863	-4
43.771136	-19
43.791409	1
43.811682	28
43.831955	0
43.852228	-11
43.872501	-24
43.892774	-29
43.913047	7
43.93332	-3
43.953593	-18
43.973866	-30
43.994139	-6
44.014412	-28
44.034685	-30
44.054958	-7
44.075231	20
44.095504	19
44.115777	45
44.13605	17
44.156323	8
44.176596	25
44.196869	5
44.217142	4
44.237415	-13
44.257688	-12
44.277961	-5
44.298234	8
44.318507	-2
44.33878	-4
44.359053	6
44.379326	11
44.399599	10
44.419872	44
44.440145	6
44.460418	43
44.480691	-7
44.500964	2
44.521237	45
44.54151	-8
44.561783	47
44.582056	-49
44.602329	6
44.622602	-10
44.642875	6
44.663148	22
44.683421	16
44.703694	-14
44.723967	1
44.74424	-17
44.764513	51
44.784786	-34
44.805059	8
44.825332	-2
44.845605	7
44.865878	-9
44.886151	10
44.906424	5
44.926697	15
44.94697	10
44.967243	7
44.987516	-1
45.007789	2
45.028062	-22
45.048335	-20
45.068608	36
45.088881	4
45.109154	-18
45.129427	-8
45.1497	-5
45.169973	22
45.190246	-11
45.210519	-13
45.230792	-31
45.251065	0
45.271338	0
45.291611	-5
45.311884	47
45.332157	-39
45.35243	9
45.372703	18
45.392976	-4
45.413249	23
45.433522	0
45.453795	-10
45.474068	-5
45.494341	12
45.514614	-3
45.534887	19
45.55516	-13
45.575433	29
45.595706	28
45.615979	-1
45.636252	-6
45.656525	14
45.676798	51
45.697071	-21
45.717344	2
45.737617	-56
45.75789	-6
45.778163	-1
45.798436	13
45.818709	6
45.838982	8
45.859255	9
45.879528	71
45.899801	-29
45.920074	-40
45.940347	-6
45.96062	43
45.980893	22
46.001166	11
46.021439	-15
46.041712	-17
46.061985	22
46.082258	3
46.102531	57
46.122804	-3
46.143077	20
46.16335	8
46.183623	-21
46.203896	17
46.224169	-11
46.244442	22
46.264715	23
46.284988	35
46.305261	-26
46.325534	47
46.345807	-30
46.36608	-28
46.386353	44
46.406626	-9
46.426899	10
46.447172	-60
46.467445	10
46.487718	29
46.507991	-13
46.528264	-8
46.548537	-2
46.56881	22
46.589083	29
46.609356	22
46.629629	43
46.649902	24
46.670175	-13
46.690448	-27
46.710721	2
46.730994	-9
46.751267	-35
46.77154	-26
46.791813	-40
46.812086	-23
46.832359	9
46.852632	24
46.872905	22
46.893178	-1
46.913451	9
46.933724	-16
46.953997	5
46.97427	4
46.994543	-11
47.014816	-9
47.035089	-7
47.055362	28
47.075635	-9
47.095908	-11
47.116181	-5
47.136454	-19
47.156727	62
47.177	26
47.197273	-24
47.217546	-5
47.237819	7
47.258092	-47
47.278365	-7
47.298638	-27
47.318911	0
47.339184	-11
47.359457	6
47.37973	31
47.400003	-13
47.420276	-18
47.440549	35
47.460822	-17
47.481095	-2
47.501368	-53
47.521641	20
47.541914	-7
47.562187	36
47.58246	3
47.602733	-10
47.623006	7
47.643279	-31
47.663552	-44
47.683825	29
47.704098	-22
47.724371	7
47.744644	42
47.764917	24
47.78519	43
47.805463	-38
47.825736	0
47.846009	6
47.866282	-20
47.886555	-16
47.906828	15
47.927101	29
47.947374	48
47.967647	15
47.98792	20
48.008193	1
48.028466	1
48.048739	-12
48.069012	-11
48.089285	41
48.109558	41
48.129831	40
48.150104	42
48.170377	-19
48.19065	2
48.210923	-19
48.231196	18
48.251469	18
48.271742	-38
48.292015	17
48.312288	-27
48.332561	42
48.352834	29
48.373107	-14
48.39338	28
48.413653	-8
48.433926	8
48.454199	23
48.474472	6
48.494745	8
48.515018	-3
48.535291	-33
48.555564	16
48.575837	-11
48.59611	-18
48.616383	30
48.636656	21
48.656929	-5
48.677202	11
48.697475	-27
48.717748	-14
48.738021	-8
48.758294	9
48.778567	20
48.79884	5
48.819113	13
48.839386	-49
48.859659	22
48.879932	20
48.900205	15
48.920478	-15
48.940751	6
48.961024	3
48.981297	11
49.00157	26
49.021843	36
49.042116	-43
49.062389	0
49.082662	50
49.102935	-14
49.123208	51
49.143481	-30
49.163754	-2
49.184027	-45
49.2043	3
49.224573	-3
49.244846	31
49.265119	21
49.285392	-17
49.305665	27
49.325938	-11
49.346211	2
49.366484	-16
49.386757	33
49.40703	39
49.427303	25
49.447576	22
49.467849	-27
49.488122	54
49.508395	-19
49.528668	3
49.548941	-7
49.569214	-5
49.589487	-5
49.60976	16
49.630033	12
49.650306	-41
49.670579	-21
49.690852	-5
49.711125	2
49.731398	7
49.751671	27
49.771944	13
49.792217	29
49.81249	-6
49.832763	20
49.853036	43
49.873309	-24
49.893582	-5
49.913855	3
49.934128	14
49.954401	-32
49.974674	-13
49.994947	7
50.01522	11
50.035493	-38
50.055766	-23
50.076039	-19
50.096312	-27
50.116585	13
50.136858	-7
50.157131	-17
50.177404	-11
50.197677	37
50.21795	32
50.238223	2
50.258496	-24
50.278769	15
50.299042	30
50.319315	-42
50.339588	16
50.359861	18
50.380134	45
50.400407	7
50.42068	-31
50.440953	-41
50.461226	54
50.481499	9
50.501772	-15
50.522045	7
50.542318	-9
50.562591	19
50.582864	-18
50.603137	-27
50.62341	-1
50.643683	-17
50.663956	-1
50.684229	-1
50.704502	50
50.724775	-3
50.745048	-17
50.765321	29
50.785594	-27
50.805867	21
50.82614	-8
50.846413	27
50.866686	18
50.886959	21
50.907232	-3
50.927505	-7
50.947778	26
50.968051	-21
50.988324	-19
51.008597	-14
51.02887	-9
51.049143	-17
51.069416	10
51.089689	-2
51.109962	-2
51.130235	-12
51.150508	21
51.170781	-5
51.191054	-13
51.211327	-19
51.2316	-23
51.251873	1
51.272146	-28
51.292419	15
51.312692	9
51.332965	12
51.353238	-10
51.373511	-36
51.393784	-1
51.414057	23
51.43433	-28
51.454603	-16
51.474876	-7
51.495149	-41
51.515422	-20
51.535695	-11
51.555968	15
51.576241	-28
51.596514	4
51.616787	-22
51.63706	12
51.657333	2
51.677606	2
51.697879	-24
51.718152	32
51.738425	12
51.758698	-33
51.778971	-20
51.799244	-5
51.819517	63
51.83979	59
51.860063	53
51.880336	14
51.900609	-14
51.920882	-4
51.941155	16
51.961428	-2
51.981701	33
52.001974	62
52.022247	2
52.04252	-22
52.062793	7
52.083066	-18
52.103339	8
52.123612	-32
52.143885	-27
52.164158	-8
52.184431	-13
52.204704	7
52.224977	-15
52.24525	-41
52.265523	14
52.285796	9
52.306069	38
52.326342	-8
52.346615	3
52.366888	45
52.387161	-13
52.407434	-31
52.427707	1
52.44798	-55
52.468253	-35
52.488526	-19
52.508799	-22
52.529072	-6
52.549345	-30
52.569618	5
52.589891	-33
52.610164	20
52.630437	10
52.65071	12
52.670983	30
52.691256	-4
52.711529	3
52.731802	-7
52.752075	-25
52.772348	-15
52.792621	26
52.812894	3
52.833167	4
52.85344	11
52.873713	16
52.893986	15
52.914259	41
52.934532	-19
52.954805	-3
52.975078	39
52.995351	4
53.015624	24
53.035897	13
53.05617	0
53.076443	6
53.096716	-58
53.116989	52
53.137262	0
53.157535	28
53.177808	20
53.198081	4
53.218354	-13
53.238627	-2
53.2589	8
53.279173	31
53.299446	-1
53.319719	31
53.339992	17
53.360265	-6
53.380538	-19
53.400811	9
53.421084	-38
53.441357	60
53.46163	-11
53.481903	-28
53.502176	48
53.522449	-24
53.542722	-8
53.562995	-10
53.583268	15
53.603541	21
53.623814	-9
53.644087	17
53.66436	-3
53.684633	41
53.704906	-11
53.725179	1
53.745452	53
53.765725	23
53.785998	14
53.806271	25
53.826544	84
53.846817	-12
53.86709	-31
53.887363	16
53.907636	1
53.927909	32
53.948182	-2
53.968455	12
53.988728	37
54.009001	33
54.029274	35
54.049547	81
54.06982	52
54.090093	2
54.110366	4
54.130639	-23
54.150912	-10
54.171185	0
54.191458	2
54.211731	21
54.232004	-16
54.252277	38
54.27255	28
54.292823	19
54.313096	24
54.333369	-22
54.353642	1
54.373915	7
54.394188	5
54.414461	43
54.434734	10
54.455007	31
54.47528	22
54.495553	11
54.515826	36
54.536099	43
54.556372	-17
54.576645	21
54.596918	2
54.617191	35
54.637464	3
54.657737	8
54.67801	-20
54.698283	-3
54.718556	21
54.738829	-3
54.759102	3
54.779375	9
54.799648	0
54.819921	2
54.840194	-13
54.860467	27
54.88074	-7
54.901013	-24
54.921286	-21
54.941559	22
54.961832	3
54.982105	13
55.002378	21
55.022651	-23
55.042924	-52
55.063197	16
55.08347	7
55.103743	24
55.124016	13
55.144289	-34
55.164562	-34
55.184835	8
55.205108	-45
55.225381	1
55.245654	36
55.265927	-6
55.2862	-26
55.306473	25
55.326746	40
55.347019	31
55.367292	-3
55.387565	19
55.407838	-5
55.428111	-10
55.448384	-7
55.468657	-4
55.48893	20
55.509203	-13
55.529476	-6
55.549749	-2
55.570022	-4
55.590295	41
55.610568	-13
55.630841	12
55.651114	32
55.671387	-33
55.69166	-2
55.711933	17
55.732206	-50
55.752479	-9
55.772752	20
55.793025	15
55.813298	1
55.833571	6
55.853844	-8
55.874117	-30
55.89439	-35
55.914663	18
55.934936	-49
55.955209	12
55.975482	9
55.995755	1
56.016028	-8
56.036301	1
56.056574	-21
56.076847	-13
56.09712	-8
56.117393	35
56.137666	-42
56.157939	26
56.178212	-2
56.198485	38
56.218758	14
56.239031	6
56.259304	4
56.279577	10
56.29985	28
56.320123	-4
56.340396	-6
56.360669	-7
56.380942	-28
56.401215	-5
56.421488	-19
56.441761	14
56.462034	35
56.482307	6
56.50258	7
56.522853	39
56.543126	-19
56.563399	-7
56.583672	14
56.603945	13
56.624218	-11
56.644491	-3
56.664764	10
56.685037	20
56.70531	9
56.725583	5
56.745856	-21
56.766129	7
56.786402	5
56.806675	30
56.826948	39
56.847221	11
56.867494	15
56.887767	-17
56.90804	14
56.928313	7
56.948586	7
56.968859	29
56.989132	-3
57.009405	-20
57.029678	-8
57.049951	-15
57.070224	-20
57.090497	12
57.11077	9
57.131043	-25
57.151316	-3
57.171589	1
57.191862	4
57.212135	-25
57.232408	34
57.252681	19
57.272954	29
57.293227	54
57.3135	-11
57.333773	3
57.354046	-3
57.374319	33
57.394592	-17
57.414865	62
57.435138	12
57.455411	34
57.475684	-25
57.495957	8
57.51623	14
57.536503	-10
57.556776	-37
57.577049	4
57.597322	42
57.617595	-3
57.637868	-28
57.658141	-5
57.678414	17
57.698687	59
57.71896	-9
57.739233	-9
57.759506	-1
57.779779	12
57.800052	-21
57.820325	0
57.840598	-12
57.860871	-34
57.881144	-11
57.901417	23
57.92169	24
57.941963	3
57.962236	-1
57.982509	35
58.002782	-23
58.023055	19
58.043328	-1
58.063601	-2
58.083874	-10
58.104147	48
58.12442	11
58.144693	53
58.164966	-25
58.185239	55
58.205512	5
58.225785	13
58.246058	-1
58.266331	26
58.286604	-11
58.306877	15
58.32715	-18
58.347423	-23
58.367696	-6
58.387969	24
58.408242	6
58.428515	-1
58.448788	15
58.469061	7
58.489334	-13
58.509607	1
58.52988	67
58.550153	-36
58.570426	-2
58.590699	-8
58.610972	-26
58.631245	-20
58.651518	-16
58.671791	28
58.692064	-47
58.712337	-12
58.73261	18
58.752883	-1
58.773156	-21
58.793429	28
58.813702	6
58.833975	1
58.854248	31
58.874521	-7
58.894794	-2
58.915067	6
58.93534	-11
58.955613	14
58.975886	-8
58.996159	14
59.016432	23
59.036705	22
59.056978	18
59.077251	5
59.097524	32
59.117797	-11
59.13807	-38
59.158343	-38
59.178616	13
59.198889	6
59.219162	-2
59.239435	-16
59.259708	50
59.279981	4
59.300254	40
59.320527	15
59.3408	-3
59.361073	45
59.381346	10
59.401619	-9
59.421892	-20
59.442165	-15
59.462438	-9
59.482711	-1
59.502984	-27
59.523257	-15
59.54353	-7
59.563803	-1
59.584076	-37
59.604349	27
59.624622	-19
59.644895	17
59.665168	-22
59.685441	0
59.705714	-37
59.725987	-6
59.74626	2
59.766533	-9
59.786806	-45
59.807079	3
59.827352	18
59.847625	-16
59.867898	39
59.888171	-17
59.908444	30
59.928717	15
59.94899	-25
59.969263	-8
59.989536	12
60.009809	29
60.030082	13
60.050355	5
60.070628	6
60.090901	-14
60.111174	26
60.131447	22
60.15172	-39
60.171993	-32
60.192266	-7
60.212539	19
60.232812	-18
60.253085	-27
60.273358	-16
60.293631	21
60.313904	2
60.334177	6
60.35445	26
60.374723	-4
60.394996	6
60.415269	20
60.435542	1
60.455815	4
60.476088	3
60.496361	-2
60.516634	-59
60.536907	4
60.55718	10
60.577453	17
60.597726	-5
60.617999	21
60.638272	23
60.658545	-15
60.678818	-15
60.699091	-39
60.719364	23
60.739637	-20
60.75991	10
60.780183	7
60.800456	-23
60.820729	9
60.841002	-33
60.861275	13
60.881548	1
60.901821	10
60.922094	14
60.942367	-38
60.96264	7
60.982913	-44
61.003186	15
61.023459	18
61.043732	-63
61.064005	-12
61.084278	-7
61.104551	4
61.124824	-15
61.145097	-11
61.16537	-3
61.185643	-4
61.205916	2
61.226189	-35
61.246462	-20
61.266735	-22
61.287008	20
61.307281	2
61.327554	54
61.347827	17
61.3681	2
61.388373	9
61.408646	-33
61.428919	-23
61.449192	-27
61.469465	16
61.489738	-5
61.510011	-4
61.530284	8
61.550557	-23
61.57083	-8
61.591103	-19
61.611376	29
61.631649	26
61.651922	28
61.672195	5
61.692468	28
61.712741	1
61.733014	12
61.753287	51
61.77356	2
61.793833	30
61.814106	44
61.834379	38
61.854652	12
61.874925	27
61.895198	-18
61.915471	0
61.935744	10
61.956017	3
61.97629	-19
61.996563	-8
62.016836	26
62.037109	0
62.057382	8
62.077655	-16
62.097928	-30
62.118201	28
62.138474	5
62.158747	26
62.17902	7
62.199293	23
62.219566	84
62.239839	27
62.260112	1
62.280385	54
62.300658	18
62.320931	12
62.341204	21
62.361477	36
62.38175	-2
62.402023	10
62.422296	-5
62.442569	21
62.462842	37
62.483115	-2
62.503388	-1
62.523661	1
62.543934	17
62.564207	21
62.58448	-36
62.604753	-26
62.625026	18
62.645299	0
62.665572	-5
62.685845	31
62.706118	-14
62.726391	11
62.746664	-2
62.766937	-10
62.78721	15
62.807483	-13
62.827756	24
62.848029	61
62.868302	14
62.888575	34
62.908848	25
62.929121	18
62.949394	19
62.969667	-4
62.98994	-1
63.010213	37
63.030486	20
63.050759	-19
63.071032	2
63.091305	13
63.111578	5
63.131851	28
63.152124	-13
63.172397	13
63.19267	-8
63.212943	20
63.233216	22
63.253489	17
63.273762	31
63.294035	-24
63.314308	-15
63.334581	-26
63.354854	3
63.375127	-3
63.3954	16
63.415673	-5
63.435946	18
63.456219	9
63.476492	11
63.496765	24
63.517038	12
63.537311	-16
63.557584	-32
63.577857	1
63.59813	18
63.618403	-5
63.638676	-18
63.658949	-20
63.679222	10
63.699495	20
63.719768	-1
63.740041	-11
63.760314	8
63.780587	33
63.80086	-6
63.821133	11
63.841406	24
63.861679	-25
63.881952	2
63.902225	-51
63.922498	14
63.942771	-7
63.963044	12
63.983317	22
64.00359	-7
64.023863	16
64.044136	20
64.064409	-17
64.084682	-24
64.104955	22
64.125228	25
64.145501	-27
64.165774	0
64.186047	-8
64.20632	23
64.226593	-8
64.246866	-4
64.267139	-4
64.287412	8
64.307685	-6
64.327958	-32
64.348231	-6
64.368504	-10
64.388777	-35
64.40905	18
64.429323	-7
64.449596	-22
64.469869	-6
64.490142	34
64.510415	-9
64.530688	19
64.550961	-14
64.571234	7
64.591507	-10
64.61178	-29
64.632053	19
64.652326	34
64.672599	-26
64.692872	23
64.713145	-16
64.733418	-20
64.753691	21
64.773964	-44
64.794237	-10
64.81451	9
64.834783	-15
64.855056	10
64.875329	-3
64.895602	70
64.915875	16
64.936148	-1
64.956421	-5
64.976694	1
64.996967	-6
65.01724	25
65.037513	17
65.057786	47
65.078059	20
65.098332	29
65.118605	31
65.138878	23
65.159151	47
65.179424	38
65.199697	29
65.21997	44
65.240243	14
65.260516	21
65.280789	39
65.301062	-5
65.321335	24
65.341608	17
65.361881	70
65.382154	13
65.402427	41
65.4227	33
65.442973	15
65.463246	34
65.483519	25
65.503792	4
65.524065	-19
65.544338	27
65.564611	-10
65.584884	-31
65.605157	-25
65.62543	3
65.645703	-28
65.665976	28
65.686249	-3
65.706522	11
65.726795	22
65.747068	-18
65.767341	22
65.787614	24
65.807887	-21
65.82816	18
65.848433	0
65.868706	8
65.888979	-17
65.909252	4
65.929525	40
65.949798	12
65.970071	-13
65.990344	30
66.010617	17
66.03089	21
66.051163	-13
66.071436	-6
66.091709	21
66.111982	-24
66.132255	0
66.152528	32
66.172801	-2
66.193074	-2
66.213347	-4
66.23362	4
66.253893	-14
66.274166	-9
66.294439	7
66.314712	-23
66.334985	-30
66.355258	18
66.375531	-15
66.395804	0
66.416077	9
66.43635	-12
66.456623	11
66.476896	1
66.497169	21
66.517442	-26
66.537715	15
66.557988	-15
66.578261	-1
66.598534	6
66.618807	-1
66.63908	9
66.659353	-5
66.679626	-13
66.699899	-1
66.720172	-11
66.740445	5
66.760718	-30
66.780991	1
66.801264	-23
66.821537	-42
66.84181	-46
66.862083	7
66.882356	24
66.902629	26
66.922902	-18
66.943175	4
66.963448	1
66.983721	-5
67.003994	-17
67.024267	-2
67.04454	-47
67.064813	12
67.085086	-46
67.105359	-29
67.125632	20
67.145905	4
67.166178	2
67.186451	-10
67.206724	-21
67.226997	3
67.24727	-9
67.267543	-7
67.287816	3
67.308089	-8
67.328362	-16
67.348635	-18
67.368908	-17
67.389181	21
67.409454	6
67.429727	22
67.45	4
67.470273	-23
67.490546	11
67.510819	5
67.531092	6
67.551365	7
67.571638	13
67.591911	4
67.612184	-10
67.632457	-21
67.65273	19
67.673003	12
67.693276	4
67.713549	7
67.733822	-15
67.754095	-17
67.774368	3
67.794641	-15
67.814914	-19
67.835187	10
67.85546	-4
67.875733	41
67.896006	3
67.916279	27
67.936552	-10
67.956825	0
67.977098	-5
67.997371	-18
68.017644	-12
68.037917	-1
68.05819	8
68.078463	21
68.098736	-7
68.119009	16
68.139282	1
68.159555	7
68.179828	39
68.200101	5
68.220374	18
68.240647	-19
68.26092	5
68.281193	15
68.301466	1
68.321739	-2
68.342012	-34
68.362285	44
68.382558	23
68.402831	-19
68.423104	7
68.443377	-29
68.46365	-26
68.483923	-6
68.504196	-10
68.524469	-4
68.544742	25
68.565015	-5
68.585288	0
68.605561	12
68.625834	14
68.646107	-34
68.66638	-23
68.686653	-24
68.706926	5
68.727199	-8
68.747472	-8
68.767745	-5
68.788018	-20
68.808291	-49
68.828564	23
68.848837	-12
68.86911	-4
68.889383	50
68.909656	-1
68.929929	-24
68.950202	22
68.970475	27
68.990748	-5
69.011021	14
69.031294	32
69.051567	-20
69.07184	-2
69.092113	29
69.112386	-10
69.132659	-22
69.152932	8
69.173205	4
69.193478	18
69.213751	3
69.234024	1
69.254297	19
69.27457	4
69.294843	0
69.315116	3
69.335389	11
69.355662	0
69.375935	-19
69.396208	8
69.416481	6
69.436754	43
69.457027	17
69.4773	-9
69.497573	-21
69.517846	0
69.538119	12
69.558392	-34
69.578665	9
69.598938	14
69.619211	-5
69.639484	40
69.659757	-33
69.68003	-5
69.700303	-3
69.720576	10
69.740849	3
69.761122	-7
69.781395	21
69.801668	-20
69.821941	-9
69.842214	-10
69.862487	18
69.88276	17
69.903033	-35
69.923306	-14
69.943579	20
69.963852	6
69.984125	-6
70.004398	8
70.024671	-20
70.044944	7
70.065217	21
70.08549	-9
70.105763	-9
70.126036	25
70.146309	-10
70.166582	18
70.186855	12
70.207128	-8
70.227401	-23
70.247674	6
70.267947	33
70.28822	6
70.308493	-21
70.328766	13
70.349039	23
70.369312	0
70.389585	-38
70.409858	-28
70.430131	-4
70.450404	23
70.470677	-3
70.49095	24
70.511223	-2
70.531496	-17
70.551769	13
70.572042	10
70.592315	2
70.612588	-17
70.632861	-20
70.653134	-4
70.673407	14
70.69368	-24
70.713953	-14
70.734226	19
70.754499	-2
70.774772	-6
70.795045	-21
70.815318	9
70.835591	-19
70.855864	-2
70.876137	-35
70.89641	-6
70.916683	6
70.936956	16
70.957229	13
70.977502	1
70.997775	37
71.018048	6
71.038321	-19
71.058594	-18
71.078867	19
71.09914	-13
71.119413	-9
71.139686	9
71.159959	11
71.180232	16
71.200505	7
71.220778	-12
71.241051	-15
71.261324	-6
71.281597	7
71.30187	-11
71.322143	5
71.342416	-21
71.362689	-39
71.382962	14
71.403235	2
71.423508	-34
71.443781	3
71.464054	24
71.484327	1
71.5046	13
71.524873	4
71.545146	29
71.565419	27
71.585692	-32
71.605965	-2
71.626238	27
71.646511	-19
71.666784	-19
71.687057	17
71.70733	42
71.727603	3
71.747876	-6
71.768149	5
71.788422	-18
71.808695	12
71.828968	-22
71.849241	-14
71.869514	12
71.889787	-3
71.91006	-24
71.930333	-12
71.950606	25
71.970879	17
71.991152	29
72.011425	19
72.031698	-4
72.051971	4
72.072244	10
72.092517	13
72.11279	-31
72.133063	39
72.153336	1
72.173609	19
72.193882	28
72.214155	-25
72.234428	12
72.254701	-7
72.274974	-9
72.295247	-24
72.31552	-32
72.335793	-9
72.356066	11
72.376339	-10
72.396612	9
72.416885	-15
72.437158	-40
72.457431	32
72.477704	-1
72.497977	22
72.51825	24
72.538523	-6
72.558796	-12
72.579069	-3
72.599342	9
72.619615	-7
72.639888	0
72.660161	26
72.680434	-3
72.700707	11
72.72098	9
72.741253	-11
72.761526	27
72.781799	-24
72.802072	-10
72.822345	-25
72.842618	48
72.862891	10
72.883164	2
72.903437	-38
72.92371	11
72.943983	-30
72.964256	-11
72.984529	-16
73.004802	14
73.025075	-2
73.045348	-3
73.065621	-8
73.085894	-15
73.106167	-29
73.12644	-21
73.146713	-3
73.166986	-4
73.187259	-26
73.207532	-36
73.227805	32
73.248078	17
73.268351	-23
73.288624	-6
73.308897	-15
73.32917	10
73.349443	-5
73.369716	37
73.389989	9
73.410262	-17
73.430535	1
73.450808	-2
73.471081	9
73.491354	2
73.511627	20
73.5319	17
73.552173	-6
73.572446	-2
73.592719	-14
73.612992	-3
73.633265	-7
73.653538	14
73.673811	-31
73.694084	-16
73.714357	-7
73.73463	-11
73.754903	-13
73.775176	-39
73.795449	10
73.815722	-28
73.835995	-3
73.856268	36
73.876541	-4
73.896814	-8
73.917087	-3
73.93736	-9
73.957633	-21
73.977906	37
73.998179	12
74.018452	-5
74.038725	2
74.058998	-12
74.079271	39
74.099544	-32
74.119817	4
74.14009	-1
74.160363	25
74.180636	-24
74.200909	-6
74.221182	3
74.241455	1
74.261728	14
74.282001	-1
74.302274	-18
74.322547	-11
74.34282	26
74.363093	38
74.383366	25
74.403639	8
74.423912	-23
74.444185	28
74.464458	-10
74.484731	-35
74.505004	23
74.525277	-6
74.54555	-4
74.565823	19
74.586096	32
74.606369	15
74.626642	14
74.646915	0
74.667188	-4
74.687461	-28
74.707734	-20
74.728007	-18
74.74828	1
74.768553	32
74.788826	8
74.809099	16
74.829372	26
74.849645	21
74.869918	-6
74.890191	-39
74.910464	8
74.930737	9
74.95101	-8
74.971283	-13
74.991556	-8
75.011829	-10
75.032102	5
75.052375	-5
75.072648	-18
75.092921	5
75.113194	10
75.133467	11
75.15374	-8
75.174013	23
75.194286	17
75.214559	-27
75.234832	-5
75.255105	8
75.275378	10
75.295651	3
75.315924	17
75.336197	10
75.35647	36
75.376743	10
75.397016	-13
75.417289	-28
75.437562	4
75.457835	-18
75.478108	16
75.498381	9
75.518654	-2
75.538927	25
75.5592	-10
75.579473	8
75.599746	61
75.620019	-1
75.640292	35
75.660565	-6
75.680838	24
75.701111	6
75.721384	-25
75.741657	21
75.76193	2
75.782203	37
75.802476	10
75.822749	3
75.843022	-6
75.863295	3
75.883568	18
75.903841	-4
75.924114	3
75.944387	-5
75.96466	-5
75.984933	-8
76.005206	13
76.025479	9
76.045752	-17
76.066025	42
76.086298	15
76.106571	-9
76.126844	-21
76.147117	-18
76.16739	3
76.187663	0
76.207936	24
76.228209	11
76.248482	-4
76.268755	20
76.289028	1
76.309301	-1
76.329574	23
76.349847	2
76.37012	-19
76.390393	-6
76.410666	-22
76.430939	-32
76.451212	-10
76.471485	-13
76.491758	-10
76.512031	0
76.532304	3
76.552577	-6
76.57285	-15
76.593123	10
76.613396	-12
76.633669	0
76.653942	-31
76.674215	-14
76.694488	27
76.714761	-6
76.735034	-14
76.755307	9
76.77558	-1
76.795853	30
76.816126	20
76.836399	18
76.856672	0
76.876945	-18
76.897218	10
76.917491	4
76.937764	-15
76.958037	-31
76.97831	-13
76.998583	6
77.018856	22
77.039129	-17
77.059402	-23
77.079675	-7
77.099948	10
77.120221	-3
77.140494	7
77.160767	-26
77.18104	6
77.201313	-12
77.221586	3
77.241859	-17
77.262132	-33
77.282405	27
77.302678	-31
77.322951	7
77.343224	-2
77.363497	-21
77.38377	9
77.404043	16
77.424316	-10
77.444589	15
77.464862	-4
77.485135	12
77.505408	13
77.525681	-3
77.545954	-8
77.566227	-5
77.5865	4
77.606773	14
77.627046	1
77.647319	-35
77.667592	29
77.687865	-6
77.708138	12
77.728411	7
77.748684	-2
77.768957	0
77.78923	8
77.809503	37
77.829776	-19
77.850049	12
77.870322	11
77.890595	3
77.910868	-26
77.931141	6
77.951414	10
77.971687	30
77.99196	27
78.012233	20
78.032506	-13
78.052779	4
78.073052	-30
78.093325	-2
78.113598	-10
78.133871	11
78.154144	30
78.174417	-10
78.19469	-18
78.214963	-7
78.235236	26
78.255509	20
78.275782	18
78.296055	9
78.316328	-31
78.336601	-43
78.356874	10
78.377147	28
78.39742	17
78.417693	18
78.437966	27
78.458239	16
78.478512	-2
78.498785	-5
78.519058	7
78.539331	-5
78.559604	40
78.579877	-5
78.60015	23
78.620423	-4
78.640696	-2
78.660969	31
78.681242	8
78.701515	14
78.721788	11
78.742061	40
78.762334	-2
78.782607	22
78.80288	32
78.823153	11
78.843426	-11
78.863699	12
78.883972	32
78.904245	15
78.924518	-19
78.944791	26
78.965064	0
78.985337	-16
79.00561	17
79.025883	9
79.046156	-19
79.066429	8
79.086702	-10
79.106975	20
79.127248	25
79.147521	7
79.167794	42
79.188067	23
79.20834	32
79.228613	31
79.248886	11
79.269159	-8
79.289432	10
79.309705	17
79.329978	-3
79.350251	7
79.370524	8
79.390797	9
79.41107	7
79.431343	3
79.451616	-14
79.471889	-7
79.492162	16
79.512435	27
79.532708	-20
79.552981	-7
79.573254	-5
79.593527	36
79.6138	28
79.634073	-4
79.654346	18
79.674619	29
79.694892	13
79.715165	-18
79.735438	27
79.755711	2
79.775984	-21
79.796257	27
79.81653	-25
79.836803	3
79.857076	-22
79.877349	18
79.897622	-22
79.917895	-7
79.938168	7
79.958441	17
79.978714	2
79.998987	-3
80.01926	22
