10.097683	-10
10.117956	-1
10.138229	-13
10.158502	7
10.178775	24
10.199048	0
10.219321	-20
10.239594	-9
10.259867	-10
10.28014	6
10.300413	-19
10.320686	27
10.340959	48
10.361232	37
10.381505	18
10.401778	-21
10.422051	-36
10.442324	12
10.462597	78
10.48287	66
10.503143	13
10.523416	-52
10.543689	-7
10.563962	-39
10.584235	-53
10.604508	10
10.624781	6
10.645054	-25
10.665327	9
10.6856	-30
10.705873	-40
10.726146	1
10.746419	12
10.766692	9
10.786965	-5
10.807238	-9
10.827511	-40
10.847784	12
10.868057	5
10.88833	-15
10.908603	-51
10.928876	-40
10.949149	-12
10.969422	-1
10.989695	-88
11.009968	-7
11.030241	-44
11.050514	-4
11.070787	21
11.09106	-36
11.111333	-5
11.131606	-20
11.151879	32
11.172152	11
11.192425	25
11.212698	67
11.232971	-22
11.253244	50
11.273517	14
11.29379	60
11.314063	84
11.334336	20
11.354609	62
11.374882	85
11.395155	36
11.415428	62
11.435701	27
11.455974	42
11.476247	20
11.49652	36
11.516793	97
11.537066	95
11.557339	64
11.577612	54
11.597885	66
11.618158	1
11.638431	-31
11.658704	-16
11.678977	-49
11.69925	-46
11.719523	-39
11.739796	-62
11.760069	-34
11.780342	-35
11.800615	-51
11.820888	-68
11.841161	-82
11.861434	-98
11.881707	-21
11.90198	-20
11.922253	-71
11.942526	-20
11.962799	-97
11.983072	-97
12.003345	34
12.023618	1
12.043891	2
12.064164	-37
12.084437	-68
12.10471	-25
12.124983	8
12.145256	-11
12.165529	-16
12.185802	-25
12.206075	-6
12.226348	-9
12.246621	-16
12.266894	-11
12.287167	30
12.30744	-1
12.327713	-21
12.347986	-37
12.368259	49
12.388532	38
12.408805	-53
12.429078	-35
12.449351	15
12.469624	2
12.489897	16
12.51017	-33
12.530443	-14
12.550716	-13
12.570989	8
12.591262	7
12.611535	51
12.631808	-15
12.652081	-3
12.672354	9
12.692627	34
12.7129	-41
12.733173	12
12.753446	8
12.773719	8
12.793992	1
12.814265	1
12.834538	-38
12.854811	15
12.875084	-12
12.895357	36
12.91563	-6
12.935903	51
12.956176	15
12.976449	-33
12.996722	8
13.016995	53
13.037268	0
13.057541	-50
13.077814	13
13.098087	-28
13.11836	1
13.138633	-64
13.158906	-8
13.179179	32
13.199452	-6
13.219725	25
13.239998	-27
13.260271	15
13.280544	16
13.300817	-17
13.32109	-53
13.341363	47
13.361636	40
13.381909	9
13.402182	11
13.422455	1
13.442728	0
13.463001	-63
13.483274	8
13.503547	3
13.52382	-38
13.544093	41
13.564366	-19
13.584639	-3
13.604912	-32
13.625185	-11
13.645458	-3
13.665731	-20
13.686004	22
13.706277	15
13.72655	36
13.746823	-31
13.767096	-27
13.787369	0
13.807642	19
13.827915	-30
13.848188	-86
13.868461	-3
13.888734	3
13.909007	-22
13.92928	-66
13.949553	41
13.969826	-57
13.990099	-25
14.010372	28
14.030645	44
14.050918	-29
14.071191	44
14.091464	-8
14.111737	50
14.13201	-14
14.152283	36
14.172556	-30
14.192829	-7
14.213102	23
14.233375	68
14.253648	16
14.273921	-55
14.294194	-18
14.314467	2
14.33474	41
14.355013	-9
14.375286	13
14.395559	21
14.415832	-36
14.436105	34
14.456378	-22
14.476651	6
14.496924	-20
14.517197	-18
14.53747	-8
14.557743	-11
14.578016	-19
14.598289	-49
14.618562	-79
14.638835	-50
14.659108	6
14.679381	10
14.699654	-27
14.719927	18
14.7402	-25
14.760473	28
14.780746	11
14.801019	-13
14.821292	25
14.841565	-9
14.861838	-14
14.882111	53
14.902384	-18
14.922657	52
14.94293	-43
14.963203	-24
14.983476	-46
15.003749	-4
15.024022	17
15.044295	-63
15.064568	4
15.084841	24
15.105114	-5
15.125387	-22
15.14566	37
15.165933	-35
15.186206	-26
15.206479	11
15.226752	18
15.247025	22
15.267298	17
15.287571	39
15.307844	21
15.328117	17
15.34839	-20
15.368663	-27
15.388936	-7
15.409209	30
15.429482	-18
15.449755	-13
15.470028	29
15.490301	1
15.510574	-2
15.530847	5
15.55112	-7
15.571393	10
15.591666	-20
15.611939	28
15.632212	27
15.652485	5
15.672758	-14
15.693031	10
15.713304	-13
15.733577	-10
15.75385	36
15.774123	47
15.794396	-27
15.814669	11
15.834942	-8
15.855215	-7
15.875488	33
15.895761	-43
15.916034	-30
15.936307	-23
15.95658	-6
15.976853	-26
15.997126	49
16.017399	-12
16.037672	-24
16.057945	-19
16.078218	2
16.098491	33
16.118764	61
16.139037	88
16.15931	9
16.179583	2
16.199856	8
16.220129	43
16.240402	-9
16.260675	17
16.280948	32
16.301221	-44
16.321494	27
16.341767	-36
16.36204	26
16.382313	-49
16.402586	-54
16.422859	-7
16.443132	45
16.463405	-29
16.483678	-2
16.503951	20
16.524224	-21
16.544497	-29
16.56477	-7
16.585043	-21
16.605316	-26
16.625589	7
16.645862	59
16.666135	20
16.686408	-9
16.706681	24
16.726954	-35
16.747227	16
16.7675	25
16.787773	-12
16.808046	-61
16.828319	5
16.848592	-4
16.868865	2
16.889138	20
16.909411	21
16.929684	-45
16.949957	-24
16.97023	-44
16.990503	-18
17.010776	6
17.031049	-9
17.051322	9
17.071595	-41
17.091868	58
17.112141	6
17.132414	69
17.152687	-35
17.17296	-22
17.193233	-20
17.213506	26
17.233779	-12
17.254052	-26
17.274325	10
17.294598	-82
17.314871	-4
17.335144	-19
17.355417	52
17.37569	21
17.395963	-21
17.416236	24
17.436509	-28
17.456782	35
17.477055	22
17.497328	0
17.517601	-2
17.537874	-36
17.558147	-12
17.57842	0
17.598693	-61
17.618966	14
17.639239	41
17.659512	-23
17.679785	2
17.700058	23
17.720331	-2
17.740604	-27
17.760877	-54
17.78115	21
17.801423	-32
17.821696	61
17.841969	-34
17.862242	32
17.882515	7
17.902788	5
17.923061	-38
17.943334	-2
17.963607	-51
17.98388	-27
18.004153	-5
18.024426	50
18.044699	-14
18.064972	4
18.085245	-23
18.105518	-71
18.125791	-54
18.146064	-11
18.166337	-59
18.18661	30
18.206883	-39
18.227156	-61
18.247429	-19
18.267702	-22
18.287975	41
18.308248	32
18.328521	25
18.348794	8
18.369067	46
18.38934	-31
18.409613	41
18.429886	31
18.450159	23
18.470432	-42
18.490705	-11
18.510978	-24
18.531251	-4
18.551524	24
18.571797	31
18.59207	-15
18.612343	28
18.632616	-35
18.652889	-54
18.673162	-10
18.693435	54
18.713708	-24
18.733981	8
18.754254	-32
18.774527	19
18.7948	9
18.815073	23
18.835346	15
18.855619	-52
18.875892	-5
18.896165	0
18.916438	-8
18.936711	17
18.956984	-29
18.977257	39
18.99753	-25
19.017803	-24
19.038076	-20
19.058349	12
19.078622	-15
19.098895	18
19.119168	0
19.139441	-16
19.159714	-48
19.179987	30
19.20026	-76
19.220533	44
19.240806	-49
19.261079	-11
19.281352	27
19.301625	-1
19.321898	3
19.342171	-13
19.362444	36
19.382717	17
19.40299	-5
19.423263	-8
19.443536	-65
19.463809	-7
19.484082	-44
19.504355	-19
19.524628	41
19.544901	-25
19.565174	-55
19.585447	68
19.60572	53
19.625993	-44
19.646266	-54
19.666539	-13
19.686812	-44
19.707085	58
19.727358	78
19.747631	-5
19.767904	51
19.788177	-39
19.80845	-24
19.828723	5
19.848996	-85
19.869269	57
19.889542	-28
19.909815	24
19.930088	-39
19.950361	-13
19.970634	-29
19.990907	-13
20.01118	12
20.031453	-35
20.051726	28
20.071999	7
20.092272	-4
20.112545	-3
20.132818	-6
20.153091	-12
20.173364	-6
20.193637	-14
20.21391	-8
20.234183	12
20.254456	-3
20.274729	-41
20.295002	9
20.315275	64
20.335548	0
20.355821	-21
20.376094	76
20.396367	19
20.41664	-50
20.436913	-58
20.457186	39
20.477459	57
20.497732	-18
20.518005	-8
20.538278	28
20.558551	20
20.578824	-8
20.599097	-43
20.61937	-58
20.639643	-5
20.659916	84
20.680189	10
20.700462	-1
20.720735	-20
20.741008	-8
20.761281	-21
20.781554	55
20.801827	95
20.8221	11
20.842373	-23
20.862646	33
20.882919	-55
20.903192	2
20.923465	-59
20.943738	-46
20.964011	36
20.984284	10
21.004557	-28
21.02483	-66
21.045103	-64
21.065376	-42
21.085649	-35
21.105922	-18
21.126195	-27
21.146468	-15
21.166741	-50
21.187014	5
21.207287	-36
21.22756	-51
21.247833	-54
21.268106	21
21.288379	-9
21.308652	16
21.328925	-79
21.349198	-32
21.369471	-33
21.389744	-71
21.410017	26
21.43029	-66
21.450563	-49
21.470836	-2
21.491109	-16
21.511382	-6
21.531655	-65
21.551928	64
21.572201	-35
21.592474	-14
21.612747	76
21.63302	-55
21.653293	-10
21.673566	-35
21.693839	40
21.714112	-85
21.734385	-21
21.754658	-10
21.774931	-55
21.795204	-89
21.815477	-17
21.83575	-18
21.856023	-53
21.876296	20
21.896569	-27
21.916842	-19
21.937115	5
21.957388	45
21.977661	26
21.997934	-21
22.018207	-3
22.03848	-41
22.058753	-36
22.079026	14
22.099299	-51
22.119572	-40
22.139845	-3
22.160118	-1
22.180391	32
22.200664	-26
22.220937	26
22.24121	-47
22.261483	-22
22.281756	-56
22.302029	27
22.322302	34
22.342575	-13
22.362848	9
22.383121	31
22.403394	19
22.423667	-3
22.44394	72
22.464213	-56
22.484486	55
22.504759	-20
22.525032	-25
22.545305	-14
22.565578	-4
22.585851	32
22.606124	30
22.626397	45
22.64667	-42
22.666943	14
22.687216	-57
22.707489	15
22.727762	27
22.748035	-33
22.768308	26
22.788581	1
22.808854	-30
22.829127	-19
22.8494	45
22.869673	45
22.889946	36
22.910219	13
22.930492	6
22.950765	-40
22.971038	-43
22.991311	31
23.011584	-38
23.031857	-32
23.05213	35
23.072403	13
23.092676	3
23.112949	0
23.133222	-25
23.153495	17
23.173768	32
23.194041	-16
23.214314	38
23.234587	-23
23.25486	-14
23.275133	-68
23.295406	2
23.315679	-37
23.335952	-16
23.356225	35
23.376498	37
23.396771	-6
23.417044	47
23.437317	35
23.45759	-5
23.477863	18
23.498136	-23
23.518409	-14
23.538682	9
23.558955	-20
23.579228	21
23.599501	-9
23.619774	62
23.640047	20
23.66032	-18
23.680593	-7
23.700866	-35
23.721139	-40
23.741412	2
23.761685	3
23.781958	-22
23.802231	20
23.822504	29
23.842777	35
23.86305	17
23.883323	-48
23.903596	-15
23.923869	20
23.944142	27
23.964415	11
23.984688	16
24.004961	56
24.025234	2
24.045507	92
24.06578	29
24.086053	40
24.106326	7
24.126599	83
24.146872	58
24.167145	50
24.187418	4
24.207691	-2
24.227964	-65
24.248237	26
24.26851	-9
24.288783	20
24.309056	12
24.329329	2
24.349602	-24
24.369875	-14
24.390148	-27
24.410421	6
24.430694	-9
24.450967	15
24.47124	16
24.491513	-53
24.511786	-31
24.532059	55
24.552332	-14
24.572605	-60
24.592878	-9
24.613151	-8
24.633424	-73
24.653697	-56
24.67397	2
24.694243	0
24.714516	-69
24.734789	-5
24.755062	16
24.775335	-82
24.795608	-73
24.815881	-55
24.836154	-41
24.856427	-60
24.8767	-88
24.896973	14
24.917246	-63
24.937519	-7
24.957792	-3
24.978065	-13
24.998338	29
25.018611	-36
25.038884	-23
25.059157	26
25.07943	33
25.099703	-10
25.119976	60
25.140249	-20
25.160522	89
25.180795	56
25.201068	23
25.221341	14
25.241614	22
25.261887	33
25.28216	67
25.302433	35
25.322706	36
25.342979	70
25.363252	28
25.383525	22
25.403798	27
25.424071	22
25.444344	22
25.464617	32
25.48489	31
25.505163	90
25.525436	43
25.545709	59
25.565982	11
25.586255	48
25.606528	11
25.626801	7
25.647074	5
25.667347	25
25.68762	25
25.707893	-42
25.728166	14
25.748439	-17
25.768712	34
25.788985	13
25.809258	40
25.829531	43
25.849804	17
25.870077	4
25.89035	23
25.910623	35
25.930896	25
25.951169	39
25.971442	50
25.991715	66
26.011988	80
26.032261	92
26.052534	85
26.072807	97
26.09308	84
26.113353	79
26.133626	75
26.153899	62
26.174172	38
26.194445	55
26.214718	46
26.234991	89
26.255264	12
26.275537	92
26.29581	26
26.316083	55
26.336356	-26
26.356629	-23
26.376902	52
26.397175	-50
26.417448	42
26.437721	5
26.457994	-1
26.478267	17
26.49854	-86
26.518813	-8
26.539086	83
26.559359	27
26.579632	6
26.599905	-17
26.620178	-67
26.640451	15
26.660724	22
26.680997	-14
26.70127	-23
26.721543	-11
26.741816	81
26.762089	0
26.782362	-11
26.802635	-35
26.822908	33
26.843181	-18
26.863454	5
26.883727	32
26.904	-30
26.924273	-39
26.944546	44
26.964819	40
26.985092	31
27.005365	25
27.025638	-20
27.045911	-2
27.066184	12
27.086457	0
27.10673	15
27.127003	0
27.147276	41
27.167549	-39
27.187822	1
27.208095	36
27.228368	-2
27.248641	6
27.268914	66
27.289187	-60
27.30946	-20
27.329733	78
27.350006	-18
27.370279	41
27.390552	14
27.410825	-2
27.431098	-84
27.451371	50
27.471644	39
27.491917	-42
27.51219	17
27.532463	-30
27.552736	4
27.573009	9
27.593282	-13
27.613555	87
27.633828	-38
27.654101	-41
27.674374	-31
27.694647	-21
27.71492	-49
27.735193	57
27.755466	-19
27.775739	-15
27.796012	-3
27.816285	-11
27.836558	20
27.856831	14
27.877104	-48
27.897377	-54
27.91765	-36
27.937923	-12
27.958196	38
27.978469	-22
27.998742	61
28.019015	14
28.039288	-14
28.059561	19
28.079834	35
28.100107	25
28.12038	-7
28.140653	-94
28.160926	-12
28.181199	46
28.201472	-32
28.221745	-10
28.242018	-40
28.262291	-48
28.282564	-27
28.302837	1
28.32311	-83
28.343383	-8
28.363656	26
28.383929	48
28.404202	-61
28.424475	28
28.444748	6
28.465021	-87
28.485294	-8
28.505567	-41
28.52584	-34
28.546113	24
28.566386	-63
28.586659	-12
28.606932	-21
28.627205	34
28.647478	25
28.667751	-38
28.688024	-27
28.708297	55
28.72857	1
28.748843	44
28.769116	-26
28.789389	10
28.809662	13
28.829935	34
28.850208	71
28.870481	16
28.890754	48
28.911027	-13
28.9313	53
28.951573	25
28.971846	59
28.992119	27
29.012392	35
29.032665	53
29.052938	42
29.073211	23
29.093484	25
29.113757	35
29.13403	94
29.154303	46
29.174576	21
29.194849	14
29.215122	0
29.235395	16
29.255668	-17
29.275941	82
29.296214	37
29.316487	10
29.33676	9
29.357033	-15
29.377306	55
29.397579	-41
29.417852	-17
29.438125	12
29.458398	72
29.478671	2
29.498944	-54
29.519217	-10
29.53949	-11
29.559763	-8
29.580036	35
29.600309	-7
29.620582	25
29.640855	20
29.661128	54
29.681401	-34
29.701674	38
29.721947	24
29.74222	3
29.762493	15
29.782766	5
29.803039	21
29.823312	-26
29.843585	16
29.863858	12
29.884131	-43
29.904404	-27
29.924677	-12
29.94495	69
29.965223	-58
29.985496	28
30.005769	1
30.026042	-47
30.046315	77
30.066588	6
30.086861	-11
30.107134	55
30.127407	5
30.14768	14
30.167953	-8
30.188226	1
30.208499	14
30.228772	7
30.249045	-5
30.269318	22
30.289591	23
30.309864	3
30.330137	64
30.35041	-37
30.370683	-33
30.390956	3
30.411229	-11
30.431502	7
30.451775	73
30.472048	37
30.492321	28
30.512594	-46
30.532867	-4
30.55314	-1
30.573413	3
30.593686	-21
30.613959	-19
30.634232	10
30.654505	76
30.674778	6
30.695051	36
30.715324	-22
30.735597	22
30.75587	-19
30.776143	46
30.796416	-27
30.816689	5
30.836962	-5
30.857235	15
30.877508	19
30.897781	-18
30.918054	38
30.938327	-7
30.9586	17
30.978873	3
30.999146	35
31.019419	-37
31.039692	52
31.059965	5
31.080238	31
31.100511	39
31.120784	43
31.141057	-1
31.16133	-2
31.181603	-15
31.201876	-15
31.222149	18
31.242422	-18
31.262695	21
31.282968	8
31.303241	-23
31.323514	48
31.343787	67
31.36406	-11
31.384333	-30
31.404606	9
31.424879	-17
31.445152	-7
31.465425	56
31.485698	1
31.505971	24
31.526244	-12
31.546517	29
31.56679	60
31.587063	-8
31.607336	-5
31.627609	-8
31.647882	20
31.668155	-8
31.688428	-12
31.708701	7
31.728974	95
31.749247	21
31.76952	-66
31.789793	15
31.810066	-30
31.830339	60
31.850612	21
31.870885	19
31.891158	-14
31.911431	-67
31.931704	28
31.951977	-12
31.97225	-29
31.992523	-17
32.012796	-45
32.033069	-15
32.053342	8
32.073615	59
32.093888	-7
32.114161	20
32.134434	5
32.154707	-19
32.17498	-31
32.195253	-15
32.215526	35
32.235799	17
32.256072	59
32.276345	-10
32.296618	-10
32.316891	21
32.337164	3
32.357437	-42
32.37771	7
32.397983	17
32.418256	-69
32.438529	14
32.458802	-59
32.479075	-17
32.499348	57
32.519621	-56
32.539894	3
32.560167	-29
32.58044	-41
32.600713	-43
32.620986	-67
32.641259	11
32.661532	10
32.681805	-43
32.702078	23
32.722351	-43
32.742624	42
32.762897	-25
32.78317	-8
32.803443	21
32.823716	-6
32.843989	-39
32.864262	3
32.884535	-17
32.904808	94
32.925081	21
32.945354	-10
32.965627	-2
32.9859	-54
33.006173	17
33.026446	75
33.046719	18
33.066992	8
33.087265	-4
33.107538	-88
33.127811	32
33.148084	-3
33.168357	34
33.18863	-31
33.208903	22
33.229176	18
33.249449	-42
33.269722	-41
33.289995	-76
33.310268	11
33.330541	-19
33.350814	-1
33.371087	-15
33.39136	-17
33.411633	71
33.431906	-54
33.452179	10
33.472452	-13
33.492725	-58
33.512998	-9
33.533271	48
33.553544	-62
33.573817	43
33.59409	32
33.614363	74
33.634636	-15
33.654909	-25
33.675182	-17
33.695455	-69
33.715728	-61
33.736001	-42
33.756274	-19
33.776547	3
33.79682	-50
33.817093	38
33.837366	0
33.857639	32
33.877912	55
33.898185	42
33.918458	-4
33.938731	-23
33.959004	25
33.979277	50
33.99955	-36
34.019823	39
34.040096	-28
34.060369	-13
34.080642	20
34.100915	-5
34.121188	-18
34.141461	-12
34.161734	-54
34.182007	-9
34.20228	10
34.222553	-13
34.242826	-28
34.263099	-4
34.283372	14
34.303645	20
34.323918	62
34.344191	30
34.364464	1
34.384737	16
34.40501	22
34.425283	-29
34.445556	35
34.465829	51
34.486102	8
34.506375	33
34.526648	54
34.546921	42
34.567194	-10
34.587467	37
34.60774	-12
34.628013	16
34.648286	19
34.668559	26
34.688832	12
34.709105	-21
34.729378	43
34.749651	79
34.769924	-20
34.790197	77
34.81047	20
34.830743	21
34.851016	42
34.871289	-22
34.891562	52
34.911835	-20
34.932108	15
34.952381	33
34.972654	-11
34.992927	-26
35.0132	25
35.033473	-21
35.053746	-13
35.074019	5
35.094292	28
35.114565	-1
35.134838	47
35.155111	15
35.175384	1
35.195657	74
35.21593	61
35.236203	81
35.256476	17
35.276749	-13
35.297022	-16
35.317295	29
35.337568	35
35.357841	21
35.378114	5
35.398387	-20
35.41866	42
35.438933	12
35.459206	-11
35.479479	8
35.499752	6
35.520025	51
35.540298	17
35.560571	6
35.580844	18
35.601117	51
35.62139	34
35.641663	2
35.661936	-3
35.682209	-24
35.702482	-29
35.722755	62
35.743028	-16
35.763301	30
35.783574	-2
35.803847	12
35.82412	-8
35.844393	6
35.864666	-1
35.884939	-63
35.905212	11
35.925485	29
35.945758	14
35.966031	15
35.986304	30
36.006577	14
36.02685	38
36.047123	-7
36.067396	-46
36.087669	9
36.107942	16
36.128215	18
36.148488	56
36.168761	-6
36.189034	32
36.209307	-22
36.22958	4
36.249853	-31
36.270126	-4
36.290399	7
36.310672	-7
36.330945	12
36.351218	-22
36.371491	-24
36.391764	37
36.412037	-38
36.43231	-55
36.452583	42
36.472856	-15
36.493129	3
36.513402	23
36.533675	-23
36.553948	-19
36.574221	5
36.594494	-8
36.614767	-19
36.63504	2
36.655313	-49
36.675586	-5
36.695859	30
36.716132	72
36.736405	42
36.756678	-2
36.776951	42
36.797224	9
36.817497	53
36.83777	-43
36.858043	61
36.878316	-10
36.898589	40
36.918862	43
36.939135	38
36.959408	88
36.979681	50
36.999954	64
37.020227	66
37.0405	33
37.060773	26
37.081046	53
37.101319	1
37.121592	-43
37.141865	43
37.162138	-10
37.182411	59
37.202684	-1
37.222957	24
37.24323	3
37.263503	31
37.283776	27
37.304049	54
37.324322	-20
37.344595	50
37.364868	0
37.385141	-44
37.405414	11
37.425687	-11
37.44596	14
37.466233	10
37.486506	9
37.506779	-24
37.527052	-1
37.547325	-28
37.567598	-22
37.587871	-12
37.608144	-35
37.628417	29
37.64869	-24
37.668963	6
37.689236	44
37.709509	-33
37.729782	18
37.750055	28
37.770328	27
37.790601	-32
37.810874	4
37.831147	24
37.85142	0
37.871693	17
37.891966	17
37.912239	-11
37.932512	-40
37.952785	46
37.973058	22
37.993331	54
38.013604	16
38.033877	-28
38.05415	8
38.074423	-8
38.094696	-14
38.114969	-27
38.135242	-26
38.155515	18
38.175788	-40
38.196061	6
38.216334	19
38.236607	-38
38.25688	13
38.277153	-20
38.297426	13
38.317699	-24
38.337972	-25
38.358245	-20
38.378518	3
38.398791	4
38.419064	-7
38.439337	36
38.45961	-11
38.479883	0
38.500156	4
38.520429	-2
38.540702	18
38.560975	26
38.581248	-24
38.601521	66
38.621794	-43
38.642067	-7
38.66234	-57
38.682613	-25
38.702886	10
38.723159	8
38.743432	7
38.763705	-20
38.783978	-6
38.804251	-3
38.824524	3
38.844797	13
38.86507	-36
38.885343	-6
38.905616	9
38.925889	2
38.946162	17
38.966435	10
38.986708	5
39.006981	-18
39.027254	-29
39.047527	34
39.0678	0
39.088073	-9
39.108346	-30
39.128619	39
39.148892	12
39.169165	-4
39.189438	6
39.209711	-21
39.229984	-9
39.250257	32
39.27053	-21
39.290803	39
39.311076	-25
39.331349	1
39.351622	3
39.371895	8
39.392168	-17
39.412441	6
39.432714	-4
39.452987	-27
39.47326	-23
39.493533	-2
39.513806	29
39.534079	-14
39.554352	38
39.574625	-46
39.594898	-1
39.615171	-42
39.635444	-23
39.655717	7
39.67599	-45
39.696263	-14
39.716536	35
39.736809	26
39.757082	17
39.777355	31
39.797628	1
39.817901	-20
39.838174	-77
39.858447	18
39.87872	26
39.898993	-31
39.919266	0
39.939539	-23
39.959812	-2
39.980085	10
40.000358	23
40.020631	0
40.040904	61
40.061177	-12
40.08145	-9
40.101723	-29
40.121996	24
40.142269	-26
40.162542	-6
40.182815	0
40.203088	-20
40.223361	25
40.243634	-11
40.263907	10
40.28418	-12
40.304453	-7
40.324726	-32
40.344999	-40
40.365272	-1
40.385545	25
40.405818	-44
40.426091	-36
40.446364	-1
40.466637	7
40.48691	20
40.507183	30
40.527456	9
40.547729	-6
40.568002	-13
40.588275	0
40.608548	-5
40.628821	-19
40.649094	19
40.669367	16
40.68964	-39
40.709913	-2
40.730186	11
40.750459	-11
40.770732	37
40.791005	9
40.811278	13
40.831551	-7
40.851824	20
40.872097	24
40.89237	-33
40.912643	26
40.932916	-36
40.953189	-9
40.973462	-17
40.993735	14
41.014008	35
41.034281	-9
41.054554	-16
41.074827	-52
41.0951	8
41.115373	23
41.135646	18
41.155919	20
41.176192	-15
41.196465	11
41.216738	-29
41.237011	-28
41.257284	41
41.277557	-18
41.29783	16
41.318103	15
41.338376	-40
41.358649	6
41.378922	14
41.399195	8
41.419468	12
41.439741	10
41.460014	18
41.480287	-35
41.50056	-19
41.520833	20
41.541106	36
41.561379	12
41.581652	-13
41.601925	16
41.622198	29
41.642471	37
41.662744	-11
41.683017	14
41.70329	27
41.723563	-34
41.743836	44
41.764109	-4
41.784382	-20
41.804655	17
41.824928	35
41.845201	-1
41.865474	-10
41.885747	3
41.90602	45
41.926293	27
41.946566	20
41.966839	-18
41.987112	-2
42.007385	-26
42.027658	22
42.047931	-19
42.068204	-9
42.088477	13
42.10875	-29
42.129023	9
42.149296	10
42.169569	2
42.189842	13
42.210115	31
42.230388	34
42.250661	-14
42.270934	-10
42.291207	35
42.31148	-24
42.331753	1
42.352026	22
42.372299	21
42.392572	9
42.412845	57
42.433118	48
42.453391	39
42.473664	19
42.493937	-5
42.51421	2
42.534483	6
42.554756	-33
42.575029	25
42.595302	-6
42.615575	10
42.635848	-9
42.656121	11
42.676394	-34
42.696667	4
42.71694	-30
42.737213	-11
42.757486	-21
42.777759	12
42.798032	38
42.818305	-34
42.838578	-18
42.858851	3
42.879124	24
42.899397	-2
42.91967	-1
42.939943	4
42.960216	0
42.980489	3
43.000762	-25
43.021035	5
43.041308	2
43.061581	-33
43.081854	-48
43.102127	-20
43.1224	-25
43.142673	-38
43.162946	3
43.183219	-9
43.203492	-16
43.223765	-10
43.244038	18
43.264311	-1
43.284584	-24
43.304857	-3
43.32513	1
43.345403	-21
43.365676	-23
43.385949	-18
43.406222	20
43.426495	10
43.446768	22
43.467041	-3
43.487314	-15
43.507587	21
43.52786	-59
43.548133	48
43.568406	3
43.588679	1
43.608952	8
43.629225	6
43.649498	-12
43.669771	-39
43.690044	-3
43.710317	31
43.73059	-11
43.750863	-18
43.771136	-30
43.791409	39
43.811682	-23
43.831955	-21
43.852228	-23
43.872501	25
43.892774	1
43.913047	-18
43.93332	-19
43.953593	-18
43.973866	-57
43.994139	-12
44.014412	10
44.034685	6
44.054958	-8
44.075231	12
44.095504	7
44.115777	-2
44.13605	37
44.156323	24
44.176596	4
44.196869	-23
44.217142	17
44.237415	18
44.257688	34
44.277961	-53
44.298234	-20
44.318507	33
44.33878	31
44.359053	19
44.379326	-34
44.399599	12
44.419872	26
44.440145	39
44.460418	17
44.480691	2
44.500964	28
44.521237	-21
44.54151	10
44.561783	10
44.582056	8
44.602329	34
44.622602	-8
44.642875	-8
44.663148	-29
44.683421	12
44.703694	54
44.723967	36
44.74424	11
44.764513	46
44.784786	53
44.805059	42
44.825332	2
44.845605	10
44.865878	9
44.886151	32
44.906424	-6
44.926697	-36
44.94697	22
44.967243	-12
44.987516	-19
45.007789	2
45.028062	4
45.048335	-19
45.068608	27
45.088881	-7
45.109154	-4
45.129427	3
45.1497	-19
45.169973	66
45.190246	25
45.210519	29
45.230792	-55
45.251065	-20
45.271338	49
45.291611	32
45.311884	4
45.332157	22
45.35243	-5
45.372703	17
45.392976	-18
45.413249	-28
45.433522	-48
45.453795	23
45.474068	16
45.494341	-9
45.514614	-18
45.534887	-29
45.55516	11
45.575433	25
45.595706	-47
45.615979	7
45.636252	-6
45.656525	-13
45.676798	-11
45.697071	23
45.717344	31
45.737617	11
45.75789	9
45.778163	-49
45.798436	34
45.818709	-23
45.838982	13
45.859255	7
45.879528	-9
45.899801	-27
45.920074	17
45.940347	-50
45.96062	51
45.980893	20
46.001166	9
46.021439	-10
46.041712	17
46.061985	6
46.082258	-5
46.102531	-5
46.122804	9
46.143077	-43
46.16335	8
46.183623	-7
46.203896	-4
46.224169	17
46.244442	-42
46.264715	6
46.284988	7
46.305261	51
46.325534	-42
46.345807	34
46.36608	-17
46.386353	-31
46.406626	-2
46.426899	8
46.447172	17
46.467445	-19
46.487718	13
46.507991	19
46.528264	-8
46.548537	11
46.56881	-54
46.589083	19
46.609356	29
46.629629	-4
46.649902	-13
46.670175	16
46.690448	14
46.710721	20
46.730994	12
46.751267	-11
46.77154	-18
46.791813	65
46.812086	-12
46.832359	-10
46.852632	-31
46.872905	54
46.893178	4
46.913451	-14
46.933724	42
46.953997	42
46.97427	36
46.994543	-3
47.014816	50
47.035089	-9
47.055362	-20
47.075635	-9
47.095908	-7
47.116181	-12
47.136454	-13
47.156727	13
47.177	-17
47.197273	-20
47.217546	2
47.237819	-7
47.258092	-7
47.278365	-8
47.298638	44
47.318911	-28
47.339184	-5
47.359457	-26
47.37973	-3
47.400003	-11
47.420276	-9
47.440549	-32
47.460822	0
47.481095	26
47.501368	-3
47.521641	5
47.541914	14
47.562187	72
47.58246	-7
47.602733	-20
47.623006	30
47.643279	-35
47.663552	3
47.683825	18
47.704098	12
47.724371	27
47.744644	35
47.764917	9
47.78519	1
47.805463	-3
47.825736	-70
47.846009	2
47.866282	10
47.886555	26
47.906828	7
47.927101	73
47.947374	16
47.967647	11
47.98792	66
48.008193	35
48.028466	3
48.048739	23
48.069012	7
48.089285	25
48.109558	19
48.129831	6
48.150104	16
48.170377	6
48.19065	32
48.210923	54
48.231196	11
48.251469	9
48.271742	95
48.292015	2
48.312288	19
48.332561	23
48.352834	52
48.373107	12
48.39338	53
48.413653	5
48.433926	-39
48.454199	39
48.474472	29
48.494745	10
48.515018	-43
48.535291	21
48.555564	-2
48.575837	-1
48.59611	11
48.616383	9
48.636656	3
48.656929	-18
48.677202	-19
48.697475	-10
48.717748	-37
48.738021	-27
48.758294	43
48.778567	-1
48.79884	-30
48.819113	-23
48.839386	4
48.859659	-54
48.879932	-9
48.900205	-9
48.920478	16
48.940751	-36
48.961024	0
48.981297	-23
49.00157	19
49.021843	19
49.042116	-19
49.062389	-11
49.082662	-9
49.102935	7
49.123208	39
49.143481	48
49.163754	-32
49.184027	-35
49.2043	3
49.224573	31
49.244846	-8
49.265119	-19
49.285392	-13
49.305665	-8
49.325938	-2
49.346211	39
49.366484	-9
49.386757	57
49.40703	-17
49.427303	-10
49.447576	12
49.467849	-12
49.488122	-7
49.508395	-13
49.528668	-4
49.548941	16
49.569214	-60
49.589487	31
49.60976	35
49.630033	20
49.650306	11
49.670579	-42
49.690852	14
49.711125	13
49.731398	-9
49.751671	-32
49.771944	-36
49.792217	32
49.81249	22
49.832763	7
49.853036	-4
49.873309	4
49.893582	-37
49.913855	0
49.934128	-30
49.954401	26
49.974674	1
49.994947	51
50.01522	-13
50.035493	-3
50.055766	14
50.076039	-50
50.096312	-8
50.116585	-43
50.136858	-49
50.157131	5
50.177404	-85
50.197677	-2
50.21795	3
50.238223	5
50.258496	-8
50.278769	-55
50.299042	-59
50.319315	0
50.339588	12
50.359861	-27
50.380134	14
50.400407	30
50.42068	36
50.440953	-22
50.461226	-10
50.481499	-7
50.501772	-4
50.522045	-29
50.542318	36
50.562591	7
50.582864	-11
50.603137	-4
50.62341	-44
50.643683	-20
50.663956	17
50.684229	19
50.704502	6
50.724775	-69
50.745048	-42
50.765321	40
50.785594	-36
50.805867	-33
50.82614	27
50.846413	22
50.866686	-7
50.886959	6
50.907232	17
50.927505	-26
50.947778	-11
50.968051	-13
50.988324	4
51.008597	35
51.02887	8
51.049143	8
51.069416	-5
51.089689	-41
51.109962	42
51.130235	-40
51.150508	34
51.170781	43
51.191054	-69
51.211327	1
51.2316	-8
51.251873	4
51.272146	16
51.292419	57
51.312692	-22
51.332965	5
51.353238	-8
51.373511	-1
51.393784	-35
51.414057	0
51.43433	-21
51.454603	19
51.474876	-22
51.495149	35
51.515422	61
51.535695	34
51.555968	-13
51.576241	3
51.596514	-22
51.616787	-34
51.63706	3
51.657333	12
51.677606	17
51.697879	-24
51.718152	-28
51.738425	-6
51.758698	12
51.778971	-18
51.799244	-23
51.819517	47
51.83979	26
51.860063	2
51.880336	34
51.900609	5
51.920882	-11
51.941155	1
51.961428	42
51.981701	5
52.001974	-1
52.022247	-18
52.04252	-40
52.062793	14
52.083066	-11
52.103339	14
52.123612	-11
52.143885	-32
52.164158	-7
52.184431	23
52.204704	-10
52.224977	-2
52.24525	-19
52.265523	11
52.285796	22
52.306069	16
52.326342	5
52.346615	14
52.366888	-2
52.387161	-12
52.407434	-18
52.427707	40
52.44798	45
52.468253	12
52.488526	25
52.508799	-14
52.529072	-5
52.549345	-15
52.569618	-34
52.589891	-8
52.610164	-13
52.630437	51
52.65071	-21
52.670983	5
52.691256	16
52.711529	14
52.731802	-7
52.752075	-48
52.772348	-9
52.792621	-7
52.812894	-9
52.833167	-11
52.85344	10
52.873713	-12
52.893986	8
52.914259	-12
52.934532	-10
52.954805	-1
52.975078	-10
52.995351	-26
53.015624	21
53.035897	30
53.05617	-25
53.076443	0
53.096716	-27
53.116989	35
53.137262	-8
53.157535	-31
53.177808	44
53.198081	16
53.218354	28
53.238627	-25
53.2589	-37
53.279173	-35
53.299446	-8
53.319719	-3
53.339992	-19
53.360265	20
53.380538	-53
53.400811	10
53.421084	-24
53.441357	9
53.46163	13
53.481903	-3
53.502176	12
53.522449	14
53.542722	54
53.562995	27
53.583268	33
53.603541	5
53.623814	4
53.644087	7
53.66436	-2
53.684633	27
53.704906	20
53.725179	15
53.745452	35
53.765725	37
53.785998	16
53.806271	23
53.826544	-34
53.846817	-30
53.86709	30
53.887363	8
53.907636	-35
53.927909	-7
53.948182	24
53.968455	3
53.988728	17
54.009001	-25
54.029274	47
54.049547	2
54.06982	5
54.090093	-20
54.110366	-11
54.130639	-4
54.150912	21
54.171185	-25
54.191458	8
54.211731	19
54.232004	-6
54.252277	30
54.27255	-25
54.292823	-19
54.313096	8
54.333369	21
54.353642	9
54.373915	-3
54.394188	-11
54.414461	-34
54.434734	-15
54.455007	17
54.47528	-11
54.495553	-34
54.515826	-28
54.536099	-23
54.556372	-5
54.576645	16
54.596918	-22
54.617191	-14
54.637464	3
54.657737	-19
54.67801	-12
54.698283	73
54.718556	9
54.738829	-15
54.759102	8
54.779375	-4
54.799648	6
54.819921	-5
54.840194	-15
54.860467	29
54.88074	-16
54.901013	-13
54.921286	31
54.941559	12
54.961832	-8
54.982105	10
55.002378	-19
55.022651	-16
55.042924	-37
55.063197	-24
55.08347	-60
55.103743	-23
55.124016	-23
55.144289	-4
55.164562	-5
55.184835	-27
55.205108	-4
55.225381	29
55.245654	2
55.265927	4
55.2862	22
55.306473	-6
55.326746	13
55.347019	8
55.367292	-5
55.387565	-12
55.407838	1
55.428111	3
55.448384	24
55.468657	5
55.48893	0
55.509203	3
55.529476	45
55.549749	5
55.570022	5
55.590295	-39
55.610568	-15
55.630841	-19
55.651114	16
55.671387	-2
55.69166	24
55.711933	32
55.732206	26
55.752479	-4
55.772752	9
55.793025	-38
55.813298	-18
55.833571	7
55.853844	-10
55.874117	-48
55.89439	-16
55.914663	-19
55.934936	-3
55.955209	-2
55.975482	6
55.995755	-16
56.016028	-6
56.036301	-6
56.056574	-54
56.076847	-14
56.09712	30
56.117393	6
56.137666	59
56.157939	10
56.178212	1
56.198485	-5
56.218758	5
56.239031	15
56.259304	37
56.279577	-6
56.29985	35
56.320123	-32
56.340396	-42
56.360669	21
56.380942	-27
56.401215	-32
56.421488	-20
56.441761	34
56.462034	-6
56.482307	-2
56.50258	-32
56.522853	-16
56.543126	-48
56.563399	-40
56.583672	-3
56.603945	12
56.624218	-30
56.644491	-34
56.664764	-29
56.685037	-28
56.70531	-7
56.725583	10
56.745856	-12
56.766129	18
56.786402	-13
56.806675	-23
56.826948	-18
56.847221	-29
56.867494	-10
56.887767	-3
56.90804	8
56.928313	-9
56.948586	-17
56.968859	19
56.989132	18
57.009405	-10
57.029678	34
57.049951	-19
57.070224	-2
57.090497	7
57.11077	27
57.131043	14
57.151316	-11
57.171589	-7
57.191862	-13
57.212135	18
57.232408	-8
57.252681	28
57.272954	-24
57.293227	-7
57.3135	-11
57.333773	25
57.354046	17
57.374319	29
57.394592	33
57.414865	-6
57.435138	-15
57.455411	-20
57.475684	12
57.495957	28
57.51623	-24
57.536503	60
57.556776	10
57.577049	-12
57.597322	-23
57.617595	25
57.637868	-41
57.658141	-12
57.678414	-8
57.698687	3
57.71896	4
57.739233	6
57.759506	28
57.779779	-14
57.800052	35
57.820325	-26
57.840598	26
57.860871	-6
57.881144	30
57.901417	53
57.92169	8
57.941963	2
57.962236	18
57.982509	26
58.002782	22
58.023055	0
58.043328	32
58.063601	26
58.083874	-11
58.104147	33
58.12442	19
58.144693	-32
58.164966	-3
58.185239	28
58.205512	10
58.225785	12
58.246058	11
58.266331	-2
58.286604	25
58.306877	8
58.32715	13
58.347423	-1
58.367696	58
58.387969	-2
58.408242	-29
58.428515	-18
58.448788	0
58.469061	-16
58.489334	-6
58.509607	8
58.52988	-14
58.550153	14
58.570426	-6
58.590699	15
58.610972	11
58.631245	-23
58.651518	0
58.671791	-17
58.692064	-39
58.712337	-25
58.73261	13
58.752883	13
58.773156	2
58.793429	0
58.813702	-12
58.833975	0
58.854248	-32
58.874521	38
58.894794	-37
58.915067	-16
58.93534	20
58.955613	17
58.975886	36
58.996159	-14
59.016432	30
59.036705	-23
59.056978	-4
59.077251	7
59.097524	12
59.117797	-29
59.13807	7
59.158343	18
59.178616	1
59.198889	0
59.219162	-10
59.239435	-22
59.259708	-3
59.279981	24
59.300254	2
59.320527	7
59.3408	8
59.361073	26
59.381346	-6
59.401619	11
59.421892	-15
59.442165	33
59.462438	-29
59.482711	-13
59.502984	-15
59.523257	-16
59.54353	35
59.563803	-6
59.584076	36
59.604349	13
59.624622	-11
59.644895	5
59.665168	-11
59.685441	10
59.705714	4
59.725987	-5
59.74626	10
59.766533	0
59.786806	1
59.807079	46
59.827352	-27
59.847625	-11
59.867898	-25
59.888171	24
59.908444	-30
59.928717	11
59.94899	31
59.969263	-17
59.989536	-4
60.009809	-30
60.030082	-11
60.050355	15
60.070628	-8
60.090901	25
60.111174	5
60.131447	37
60.15172	-12
60.171993	7
60.192266	8
60.212539	-25
60.232812	56
60.253085	-17
60.273358	15
60.293631	0
60.313904	5
60.334177	-18
60.35445	-14
60.374723	5
60.394996	11
60.415269	-29
60.435542	-24
60.455815	-34
60.476088	12
60.496361	7
60.516634	-1
60.536907	-6
60.55718	2
60.577453	7
60.597726	16
60.617999	15
60.638272	-19
60.658545	14
60.678818	32
60.699091	15
60.719364	-7
60.739637	-9
60.75991	-3
60.780183	-31
60.800456	0
60.820729	12
60.841002	-8
60.861275	-8
60.881548	-12
60.901821	-33
60.922094	-16
60.942367	0
60.96264	-21
60.982913	-25
61.003186	5
61.023459	-22
61.043732	-37
61.064005	8
61.084278	11
61.104551	37
61.124824	-6
61.145097	2
61.16537	0
61.185643	19
61.205916	-46
61.226189	17
61.246462	-10
61.266735	14
61.287008	27
61.307281	-19
61.327554	7
61.347827	-2
61.3681	1
61.388373	14
61.408646	-11
61.428919	-22
61.449192	28
61.469465	21
61.489738	6
61.510011	-30
61.530284	-21
61.550557	23
61.57083	41
61.591103	34
61.611376	32
61.631649	48
61.651922	37
61.672195	15
61.692468	29
61.712741	26
61.733014	-9
61.753287	19
61.77356	28
61.793833	-14
61.814106	-7
61.834379	14
61.854652	19
61.874925	83
61.895198	-16
61.915471	-26
61.935744	12
61.956017	-16
61.97629	0
61.996563	14
62.016836	20
62.037109	-9
62.057382	10
62.077655	42
62.097928	19
62.118201	29
62.138474	14
62.158747	-10
62.17902	-8
62.199293	-11
62.219566	54
62.239839	45
62.260112	-18
62.280385	20
62.300658	13
62.320931	-7
62.341204	-14
62.361477	-5
62.38175	-9
62.402023	21
62.422296	-31
62.442569	-3
62.462842	16
62.483115	3
62.503388	18
62.523661	17
62.543934	-2
62.564207	2
62.58448	0
62.604753	-8
62.625026	-8
62.645299	9
62.665572	2
62.685845	30
62.706118	30
62.726391	-18
62.746664	13
62.766937	-31
62.78721	20
62.807483	-18
62.827756	-15
62.848029	-34
62.868302	-25
62.888575	-53
62.908848	4
62.929121	0
62.949394	-35
62.969667	15
62.98994	33
63.010213	2
63.030486	47
63.050759	10
63.071032	-26
63.091305	0
63.111578	1
63.131851	33
63.152124	7
63.172397	-4
63.19267	9
63.212943	8
63.233216	-8
63.253489	6
63.273762	13
63.294035	2
63.314308	-3
63.334581	-25
63.354854	-25
63.375127	7
63.3954	30
63.415673	12
63.435946	-32
63.456219	42
63.476492	13
63.496765	31
63.517038	14
63.537311	16
63.557584	24
63.577857	3
63.59813	20
63.618403	25
63.638676	63
63.658949	-25
63.679222	-11
63.699495	21
63.719768	20
63.740041	-4
63.760314	13
63.780587	-42
63.80086	-15
63.821133	-6
63.841406	35
63.861679	19
63.881952	-8
63.902225	-6
63.922498	-17
63.942771	-24
63.963044	2
63.983317	39
64.00359	30
64.023863	-1
64.044136	16
64.064409	14
64.084682	-14
64.104955	-29
64.125228	21
64.145501	-6
64.165774	-5
64.186047	16
64.20632	15
64.226593	-8
64.246866	49
64.267139	0
64.287412	-12
64.307685	8
64.327958	-3
64.348231	51
64.368504	6
64.388777	8
64.40905	55
64.429323	-37
64.449596	6
64.469869	18
64.490142	16
64.510415	-4
64.530688	-1
64.550961	26
64.571234	17
64.591507	20
64.61178	-10
64.632053	47
64.652326	-10
64.672599	38
64.692872	18
64.713145	-5
64.733418	-5
64.753691	7
64.773964	3
64.794237	10
64.81451	3
64.834783	17
64.855056	-17
64.875329	5
64.895602	-22
64.915875	49
64.936148	-8
64.956421	12
64.976694	1
64.996967	32
65.01724	2
65.037513	11
65.057786	11
65.078059	46
65.098332	-66
65.118605	-4
65.138878	20
65.159151	17
65.179424	3
65.199697	22
65.21997	16
65.240243	21
65.260516	-8
65.280789	-6
65.301062	53
65.321335	23
65.341608	45
65.361881	24
65.382154	44
65.402427	30
65.4227	-50
65.442973	-18
65.463246	38
65.483519	9
65.503792	-2
65.524065	34
65.544338	-4
65.564611	-14
65.584884	-46
65.605157	20
65.62543	6
65.645703	-33
65.665976	9
65.686249	23
65.706522	19
65.726795	-10
65.747068	12
65.767341	-2
65.787614	2
65.807887	-3
65.82816	27
65.848433	27
65.868706	5
65.888979	3
65.909252	15
65.929525	-13
65.949798	-16
65.970071	-36
65.990344	23
66.010617	12
66.03089	-6
66.051163	21
66.071436	17
66.091709	-10
66.111982	20
66.132255	33
66.152528	-32
66.172801	-2
66.193074	-20
66.213347	34
66.23362	3
66.253893	3
66.274166	-11
66.294439	20
66.314712	2
66.334985	36
66.355258	-15
66.375531	-15
66.395804	20
66.416077	-4
66.43635	7
66.456623	26
66.476896	-15
66.497169	32
66.517442	18
66.537715	28
66.557988	-21
66.578261	10
66.598534	11
66.618807	9
66.63908	8
66.659353	10
66.679626	3
66.699899	-28
66.720172	56
66.740445	24
66.760718	-1
66.780991	21
66.801264	11
66.821537	-24
66.84181	-33
66.862083	-41
66.882356	53
66.902629	2
66.922902	-4
66.943175	14
66.963448	10
66.983721	-4
67.003994	-23
67.024267	16
67.04454	-16
67.064813	50
67.085086	-6
67.105359	-13
67.125632	7
67.145905	4
67.166178	8
67.186451	18
67.206724	9
67.226997	-3
67.24727	-29
67.267543	-29
67.287816	-4
67.308089	-12
67.328362	37
67.348635	-1
67.368908	-16
67.389181	-33
67.409454	-16
67.429727	12
67.45	-16
67.470273	-11
67.490546	11
67.510819	-27
67.531092	8
67.551365	20
67.571638	-15
67.591911	10
67.612184	-11
67.632457	8
67.65273	26
67.673003	-3
67.693276	-23
67.713549	20
67.733822	1
67.754095	-13
67.774368	13
67.794641	-3
67.814914	16
67.835187	-12
67.85546	11
67.875733	-27
67.896006	-7
67.916279	14
67.936552	-17
67.956825	22
67.977098	7
67.997371	-6
68.017644	1
68.037917	-13
68.05819	-4
68.078463	9
68.098736	-43
68.119009	45
68.139282	-23
68.159555	12
68.179828	-7
68.200101	20
68.220374	19
68.240647	-8
68.26092	26
68.281193	5
68.301466	8
68.321739	8
68.342012	2
68.362285	-18
68.382558	2
68.402831	27
68.423104	-16
68.443377	1
68.46365	-14
68.483923	1
68.504196	18
68.524469	-23
68.544742	-21
68.565015	33
68.585288	7
68.605561	-8
68.625834	-7
68.646107	-12
68.66638	29
68.686653	-5
68.706926	-25
68.727199	8
68.747472	3
68.767745	-3
68.788018	6
68.808291	-5
68.828564	20
68.848837	-13
68.86911	-5
68.889383	-19
68.909656	25
68.929929	8
68.950202	-5
68.970475	24
68.990748	-3
69.011021	18
69.031294	-5
69.051567	-24
69.07184	2
69.092113	2
69.112386	6
69.132659	-1
69.152932	7
69.173205	-1
69.193478	-26
69.213751	25
69.234024	-19
69.254297	14
69.27457	-23
69.294843	-5
69.315116	10
69.335389	2
69.355662	11
69.375935	20
69.396208	38
69.416481	27
69.436754	-43
69.457027	-19
69.4773	-11
69.497573	9
69.517846	32
69.538119	-19
69.558392	-5
69.578665	-8
69.598938	3
69.619211	42
69.639484	-10
69.659757	-38
69.68003	1
69.700303	12
69.720576	3
69.740849	-56
69.761122	6
69.781395	-10
69.801668	15
69.821941	27
69.842214	4
69.862487	10
69.88276	34
69.903033	-9
69.923306	1
69.943579	34
69.963852	-11
69.984125	19
70.004398	8
70.024671	-14
70.044944	3
70.065217	10
70.08549	-22
70.105763	23
70.126036	21
70.146309	-8
70.166582	4
70.186855	-18
70.207128	-45
70.227401	28
70.247674	-16
70.267947	0
70.28822	11
70.308493	2
70.328766	34
70.349039	14
70.369312	3
70.389585	-20
70.409858	-3
70.430131	-25
70.450404	3
70.470677	20
70.49095	38
70.511223	-8
70.531496	-14
70.551769	9
70.572042	-4
70.592315	9
70.612588	-13
70.632861	-22
70.653134	-5
70.673407	-42
70.69368	24
70.713953	9
70.734226	-1
70.754499	18
70.774772	1
70.795045	-22
70.815318	-7
70.835591	-3
70.855864	-13
70.876137	2
70.89641	6
70.916683	28
70.936956	-13
70.957229	-26
70.977502	-20
70.997775	-6
71.018048	-4
71.038321	17
71.058594	0
71.078867	-20
71.09914	-61
71.119413	-3
71.139686	25
71.159959	11
71.180232	4
71.200505	-1
71.220778	6
71.241051	-23
71.261324	16
71.281597	-23
71.30187	6
71.322143	34
71.342416	-14
71.362689	1
71.382962	-22
71.403235	43
71.423508	15
71.443781	5
71.464054	-8
71.484327	7
71.5046	-8
71.524873	-25
71.545146	17
71.565419	38
71.585692	13
71.605965	9
71.626238	-15
71.646511	-5
71.666784	-14
71.687057	-22
71.70733	-1
71.727603	18
71.747876	-7
71.768149	-6
71.788422	16
71.808695	-13
71.828968	7
71.849241	-12
71.869514	-10
71.889787	-7
71.91006	-9
71.930333	-20
71.950606	12
71.970879	26
71.991152	23
72.011425	3
72.031698	-6
72.051971	20
72.072244	12
72.092517	11
72.11279	-25
72.133063	9
72.153336	5
72.173609	-27
72.193882	23
72.214155	-8
72.234428	24
72.254701	-5
72.274974	-21
72.295247	-11
72.31552	-21
72.335793	4
72.356066	16
72.376339	-32
72.396612	-22
72.416885	-2
72.437158	-4
72.457431	1
72.477704	14
72.497977	-17
72.51825	27
72.538523	13
72.558796	17
72.579069	-8
72.599342	-37
72.619615	15
72.639888	3
72.660161	2
72.680434	-18
72.700707	31
72.72098	2
72.741253	20
72.761526	-25
72.781799	-19
72.802072	-3
72.822345	6
72.842618	-34
72.862891	14
72.883164	9
72.903437	7
72.92371	2
72.943983	12
72.964256	4
72.984529	-30
73.004802	2
73.025075	-22
73.045348	19
73.065621	8
73.085894	14
73.106167	8
73.12644	1
73.146713	4
73.166986	3
73.187259	-5
73.207532	9
73.227805	8
73.248078	-23
73.268351	30
73.288624	8
73.308897	0
73.32917	-6
73.349443	19
73.369716	-10
73.389989	4
73.410262	-13
73.430535	-23
73.450808	-40
73.471081	4
73.491354	12
73.511627	3
73.5319	-6
73.552173	16
73.572446	6
73.592719	-20
73.612992	31
73.633265	11
73.653538	4
73.673811	-33
73.694084	37
73.714357	-14
73.73463	-6
73.754903	9
73.775176	7
73.795449	17
73.815722	9
73.835995	14
73.856268	-6
73.876541	7
73.896814	6
73.917087	-28
73.93736	-34
73.957633	13
73.977906	-9
73.998179	24
74.018452	-2
74.038725	-5
74.058998	-39
74.079271	7
74.099544	4
74.119817	23
74.14009	0
74.160363	-18
74.180636	26
74.200909	-6
74.221182	2
74.241455	-16
74.261728	-22
74.282001	0
74.302274	-14
74.322547	15
74.34282	-56
74.363093	-20
74.383366	-22
74.403639	-23
74.423912	-4
74.444185	-11
74.464458	-1
74.484731	-12
74.505004	6
74.525277	23
74.54555	3
74.565823	0
74.586096	34
74.606369	14
74.626642	13
74.646915	2
74.667188	-13
74.687461	7
74.707734	4
74.728007	2
74.74828	5
74.768553	-7
74.788826	11
74.809099	-27
74.829372	21
74.849645	19
74.869918	24
74.890191	-12
74.910464	-2
74.930737	15
74.95101	1
74.971283	7
74.991556	8
75.011829	22
75.032102	-14
75.052375	33
75.072648	12
75.092921	34
75.113194	9
75.133467	-6
75.15374	21
75.174013	-3
75.194286	-19
75.214559	37
75.234832	2
75.255105	-4
75.275378	-6
75.295651	-37
75.315924	3
75.336197	-8
75.35647	20
75.376743	-6
75.397016	-8
75.417289	10
75.437562	-17
75.457835	-1
75.478108	15
75.498381	-25
75.518654	28
75.538927	23
75.5592	4
75.579473	2
75.599746	-5
75.620019	20
75.640292	19
75.660565	-10
75.680838	13
75.701111	-20
75.721384	1
75.741657	11
75.76193	5
75.782203	-3
75.802476	-14
75.822749	22
75.843022	3
75.863295	14
75.883568	51
75.903841	1
75.924114	-5
75.944387	12
75.96466	-23
75.984933	19
76.005206	-11
76.025479	-3
76.045752	10
76.066025	-2
76.086298	-11
76.106571	3
76.126844	-45
76.147117	35
76.16739	3
76.187663	2
76.207936	9
76.228209	-12
76.248482	9
76.268755	-4
76.289028	-13
76.309301	14
76.329574	7
76.349847	-8
76.37012	17
76.390393	18
76.410666	-10
76.430939	27
76.451212	-26
76.471485	17
76.491758	-14
76.512031	17
76.532304	8
76.552577	-25
76.57285	7
76.593123	-1
76.613396	-12
76.633669	-4
76.653942	1
76.674215	16
76.694488	-21
76.714761	-20
76.735034	-51
76.755307	-10
76.77558	-28
76.795853	-7
76.816126	-6
76.836399	-14
76.856672	2
76.876945	1
76.897218	9
76.917491	3
76.937764	9
76.958037	29
76.97831	-15
76.998583	-4
77.018856	-3
77.039129	30
77.059402	7
77.079675	-19
77.099948	4
77.120221	-27
77.140494	-16
77.160767	-21
77.18104	-5
77.201313	-4
77.221586	-4
77.241859	7
77.262132	-4
77.282405	10
77.302678	20
77.322951	-6
77.343224	2
77.363497	8
77.38377	-16
77.404043	8
77.424316	-16
77.444589	-13
77.464862	-14
77.485135	1
77.505408	8
77.525681	-42
77.545954	4
77.566227	18
77.5865	14
77.606773	5
77.627046	17
77.647319	-3
77.667592	-20
77.687865	-6
77.708138	12
77.728411	9
77.748684	-2
77.768957	13
77.78923	-15
77.809503	10
77.829776	10
77.850049	-22
77.870322	1
77.890595	-40
77.910868	-35
77.931141	-14
77.951414	24
77.971687	19
77.99196	13
78.012233	-35
78.032506	-11
78.052779	-11
78.073052	7
78.093325	-14
78.113598	11
78.133871	-6
78.154144	-18
78.174417	-22
78.19469	-4
78.214963	-8
78.235236	-31
78.255509	5
78.275782	3
78.296055	0
78.316328	16
78.336601	16
78.356874	11
78.377147	1
78.39742	-3
78.417693	-12
78.437966	-30
78.458239	-15
78.478512	5
78.498785	8
78.519058	-7
78.539331	-22
78.559604	17
78.579877	-19
78.60015	-9
78.620423	25
78.640696	-15
78.660969	-15
78.681242	-2
78.701515	23
78.721788	4
78.742061	-13
78.762334	18
78.782607	-34
78.80288	-5
78.823153	18
78.843426	17
78.863699	32
78.883972	-3
78.904245	10
78.924518	-5
78.944791	-30
78.965064	17
78.985337	-7
79.00561	-27
79.025883	29
79.046156	2
79.066429	9
79.086702	8
79.106975	-6
79.127248	11
79.147521	0
79.167794	18
79.188067	1
79.20834	-7
79.228613	-19
79.248886	-18
79.269159	1
79.289432	-15
79.309705	1
79.329978	11
79.350251	10
79.370524	5
79.390797	-34
79.41107	5
79.431343	0
79.451616	3
79.471889	-1
79.492162	-4
79.512435	5
79.532708	23
79.552981	-14
79.573254	3
79.593527	-8
79.6138	-30
79.634073	5
79.654346	-23
79.674619	-6
79.694892	16
79.715165	-27
79.735438	25
79.755711	-5
79.775984	-17
79.796257	-13
79.81653	-27
79.836803	23
79.857076	-1
79.877349	-6
79.897622	-7
79.917895	16
79.938168	-43
79.958441	15
79.978714	-6
79.998987	-11
80.01926	32
