10.097683	-13
10.117956	-9
10.138229	14
10.158502	23
10.178775	-20
10.199048	31
10.219321	-30
10.239594	2
10.259867	1
10.28014	-25
10.300413	-35
10.320686	7
10.340959	-4
10.361232	-5
10.381505	1
10.401778	-40
10.422051	-9
10.442324	25
10.462597	37
10.48287	26
10.503143	2
10.523416	-28
10.543689	-34
10.563962	-41
10.584235	-22
10.604508	-7
10.624781	-5
10.645054	10
10.665327	-20
10.6856	34
10.705873	17
10.726146	-24
10.746419	12
10.766692	-19
10.786965	21
10.807238	33
10.827511	-23
10.847784	30
10.868057	25
10.88833	11
10.908603	-20
10.928876	-14
10.949149	-21
10.969422	-7
10.989695	22
11.009968	-22
11.030241	34
11.050514	-21
11.070787	4
11.09106	0
11.111333	-51
11.131606	11
11.151879	-31
11.172152	-9
11.192425	-12
11.212698	-35
11.232971	13
11.253244	7
11.273517	-7
11.29379	-18
11.314063	13
11.334336	3
11.354609	20
11.374882	-13
11.395155	24
11.415428	-16
11.435701	30
11.455974	23
11.476247	-11
11.49652	-6
11.516793	-24
11.537066	29
11.557339	-25
11.577612	-21
11.597885	4
11.618158	16
11.638431	26
11.658704	5
11.678977	-14
11.69925	-11
11.719523	-18
11.739796	-13
11.760069	10
11.780342	-10
11.800615	0
11.820888	-12
11.841161	2
11.861434	-37
11.881707	25
11.90198	-7
11.922253	31
11.942526	-42
11.962799	49
11.983072	-18
12.003345	13
12.023618	5
12.043891	41
12.064164	15
12.084437	1
12.10471	26
12.124983	-29
12.145256	-18
12.165529	13
12.185802	40
12.206075	-6
12.226348	21
12.246621	21
12.266894	-45
12.287167	29
12.30744	16
12.327713	3
12.347986	-25
12.368259	11
12.388532	0
12.408805	-37
12.429078	-22
12.449351	27
12.469624	21
12.489897	34
12.51017	-44
12.530443	-38
12.550716	-10
12.570989	17
12.591262	27
12.611535	-35
12.631808	26
12.652081	-48
12.672354	-4
12.692627	46
12.7129	14
12.733173	45
12.753446	10
12.773719	39
12.793992	11
12.814265	-14
12.834538	-8
12.854811	-36
12.875084	14
12.895357	-10
12.91563	-43
12.935903	1
12.956176	-14
12.976449	-35
12.996722	52
13.016995	-30
13.037268	-3
13.057541	13
13.077814	34
13.098087	-32
13.11836	-16
13.138633	4
13.158906	15
13.179179	10
13.199452	11
13.219725	9
13.239998	-15
13.260271	-22
13.280544	3
13.300817	23
13.32109	-3
13.341363	32
13.361636	-30
13.381909	-28
13.402182	-63
13.422455	3
13.442728	-28
13.463001	-8
13.483274	-11
13.503547	-14
13.52382	-59
13.544093	-18
13.564366	18
13.584639	12
13.604912	-27
13.625185	-38
13.645458	42
13.665731	16
13.686004	-5
13.706277	-13
13.72655	-15
13.746823	11
13.767096	-29
13.787369	31
13.807642	-23
13.827915	3
13.848188	30
13.868461	-16
13.888734	-30
13.909007	6
13.92928	10
13.949553	3
13.969826	-9
13.990099	8
14.010372	-3
14.030645	-17
14.050918	44
14.071191	-20
14.091464	-27
14.111737	25
14.13201	-2
14.152283	-13
14.172556	22
14.192829	-9
14.213102	-13
14.233375	10
14.253648	21
14.273921	-18
14.294194	-5
14.314467	-7
14.33474	0
14.355013	32
14.375286	-7
14.395559	-16
14.415832	-4
14.436105	-16
14.456378	-1
14.476651	13
14.496924	-7
14.517197	29
14.53747	-10
14.557743	6
14.578016	6
14.598289	23
14.618562	3
14.638835	21
14.659108	-18
14.679381	0
14.699654	-20
14.719927	-48
14.7402	35
14.760473	38
14.780746	-21
14.801019	13
14.821292	36
14.841565	9
14.861838	39
14.882111	6
14.902384	17
14.922657	25
14.94293	29
14.963203	22
14.983476	35
15.003749	45
15.024022	12
15.044295	-18
15.064568	-44
15.084841	19
15.105114	-9
15.125387	3
15.14566	-11
15.165933	16
15.186206	-7
15.206479	8
15.226752	11
15.247025	-33
15.267298	-19
15.287571	20
15.307844	-30
15.328117	-20
15.34839	-9
15.368663	17
15.388936	-2
15.409209	-2
15.429482	-25
15.449755	51
15.470028	-6
15.490301	23
15.510574	54
15.530847	11
15.55112	-13
15.571393	-33
15.591666	-33
15.611939	2
15.632212	-22
15.652485	7
15.672758	20
15.693031	-56
15.713304	30
15.733577	-27
15.75385	5
15.774123	37
15.794396	-26
15.814669	-23
15.834942	-15
15.855215	6
15.875488	-41
15.895761	29
15.916034	6
15.936307	37
15.95658	8
15.976853	-10
15.997126	-3
16.017399	22
16.037672	-35
16.057945	-12
16.078218	-46
16.098491	-7
16.118764	23
16.139037	-26
16.15931	16
16.179583	20
16.199856	2
16.220129	-26
16.240402	9
16.260675	34
16.280948	-27
16.301221	-13
16.321494	-10
16.341767	24
16.36204	4
16.382313	-36
16.402586	-31
16.422859	-21
16.443132	5
16.463405	-19
16.483678	33
16.503951	-20
16.524224	34
16.544497	-42
16.56477	36
16.585043	-23
16.605316	-27
16.625589	0
16.645862	25
16.666135	9
16.686408	6
16.706681	-46
16.726954	30
16.747227	-13
16.7675	-44
16.787773	16
16.808046	9
16.828319	-41
16.848592	-21
16.868865	31
16.889138	-45
16.909411	-34
16.929684	19
16.949957	-53
16.97023	21
16.990503	6
17.010776	-34
17.031049	1
17.051322	7
17.071595	1
17.091868	-26
17.112141	5
17.132414	0
17.152687	50
17.17296	-1
17.193233	0
17.213506	-8
17.233779	-23
17.254052	-3
17.274325	-4
17.294598	-23
17.314871	-21
17.335144	30
17.355417	47
17.37569	-34
17.395963	-23
17.416236	-40
17.436509	-1
17.456782	49
17.477055	16
17.497328	31
17.517601	-8
17.537874	25
17.558147	26
17.57842	-30
17.598693	8
17.618966	44
17.639239	-11
17.659512	-10
17.679785	29
17.700058	-2
17.720331	30
17.740604	-2
17.760877	14
17.78115	-29
17.801423	-5
17.821696	14
17.841969	26
17.862242	29
17.882515	5
17.902788	4
17.923061	14
17.943334	3
17.963607	4
17.98388	-36
18.004153	9
18.024426	20
18.044699	6
18.064972	-7
18.085245	2
18.105518	-19
18.125791	12
18.146064	-53
18.166337	33
18.18661	-2
18.206883	0
18.227156	-60
18.247429	-18
18.267702	-19
18.287975	-37
18.308248	-38
18.328521	-29
18.348794	4
18.369067	-12
18.38934	9
18.409613	-23
18.429886	-14
18.450159	17
18.470432	-22
18.490705	31
18.510978	-28
18.531251	-23
18.551524	20
18.571797	19
18.59207	11
18.612343	2
18.632616	-9
18.652889	7
18.673162	-14
18.693435	26
18.713708	9
18.733981	24
18.754254	-31
18.774527	7
18.7948	-15
18.815073	-23
18.835346	-13
18.855619	12
18.875892	39
18.896165	-38
18.916438	-24
18.936711	-31
18.956984	6
18.977257	-6
18.99753	-15
19.017803	39
19.038076	19
19.058349	-18
19.078622	51
19.098895	1
19.119168	18
19.139441	31
19.159714	14
19.179987	3
19.20026	46
19.220533	-2
19.240806	-33
19.261079	45
19.281352	3
19.301625	-22
19.321898	-44
19.342171	15
19.362444	-12
19.382717	16
19.40299	28
19.423263	29
19.443536	14
19.463809	-43
19.484082	-8
19.504355	8
19.524628	25
19.544901	-3
19.565174	-3
19.585447	0
19.60572	-42
19.625993	-6
19.646266	-6
19.666539	7
19.686812	16
19.707085	3
19.727358	16
19.747631	28
19.767904	-18
19.788177	46
19.80845	5
19.828723	-1
19.848996	-4
19.869269	1
19.889542	-7
19.909815	8
19.930088	39
19.950361	44
19.970634	-24
19.990907	0
20.01118	-12
20.031453	-7
20.051726	13
20.071999	24
20.092272	29
20.112545	-28
20.132818	8
20.153091	-31
20.173364	16
20.193637	-8
20.21391	-31
20.234183	18
20.254456	11
20.274729	0
20.295002	-7
20.315275	-22
20.335548	45
20.355821	32
20.376094	-8
20.396367	-5
20.41664	-7
20.436913	1
20.457186	54
20.477459	-15
20.497732	-13
20.518005	13
20.538278	-10
20.558551	-46
20.578824	18
20.599097	-18
20.61937	-33
20.639643	36
20.659916	-2
20.680189	11
20.700462	-10
20.720735	-1
20.741008	-43
20.761281	0
20.781554	48
20.801827	-19
20.8221	8
20.842373	13
20.862646	5
20.882919	-6
20.903192	-7
20.923465	4
20.943738	32
20.964011	-52
20.984284	7
21.004557	-2
21.02483	21
21.045103	-36
21.065376	26
21.085649	0
21.105922	33
21.126195	35
21.146468	4
21.166741	-12
21.187014	19
21.207287	41
21.22756	-4
21.247833	28
21.268106	3
21.288379	33
21.308652	19
21.328925	-14
21.349198	30
21.369471	28
21.389744	38
21.410017	-25
21.43029	-16
21.450563	-5
21.470836	-15
21.491109	-9
21.511382	10
21.531655	-15
21.551928	26
21.572201	4
21.592474	20
21.612747	-17
21.63302	20
21.653293	-8
21.673566	3
21.693839	-5
21.714112	-33
21.734385	15
21.754658	-5
21.774931	-13
21.795204	-28
21.815477	-25
21.83575	-40
21.856023	7
21.876296	-27
21.896569	-33
21.916842	40
21.937115	-5
21.957388	-44
21.977661	41
21.997934	37
22.018207	-1
22.03848	-11
22.058753	-56
22.079026	-15
22.099299	-16
22.119572	30
22.139845	37
22.160118	-5
22.180391	-54
22.200664	29
22.220937	53
22.24121	15
22.261483	-26
22.281756	3
22.302029	2
22.322302	11
22.342575	30
22.362848	-13
22.383121	35
22.403394	12
22.423667	-18
22.44394	39
22.464213	-37
22.484486	-33
22.504759	42
22.525032	-21
22.545305	18
22.565578	-1
22.585851	50
22.606124	15
22.626397	5
22.64667	-19
22.666943	-15
22.687216	3
22.707489	-33
22.727762	-31
22.748035	31
22.768308	26
22.788581	-27
22.808854	10
22.829127	52
22.8494	23
22.869673	9
22.889946	-23
22.910219	-14
22.930492	-38
22.950765	-7
22.971038	42
22.991311	7
23.011584	9
23.031857	18
23.05213	56
23.072403	37
23.092676	26
23.112949	46
23.133222	5
23.153495	39
23.173768	7
23.194041	22
23.214314	9
23.234587	-11
23.25486	15
23.275133	-14
23.295406	-12
23.315679	-7
23.335952	27
23.356225	-17
23.376498	9
23.396771	29
23.417044	12
23.437317	-32
23.45759	1
23.477863	-15
23.498136	-8
23.518409	24
23.538682	9
23.558955	-23
23.579228	-13
23.599501	2
23.619774	50
23.640047	11
23.66032	-20
23.680593	6
23.700866	19
23.721139	-10
23.741412	-42
23.761685	36
23.781958	-16
23.802231	7
23.822504	-19
23.842777	-45
23.86305	12
23.883323	3
23.903596	30
23.923869	-2
23.944142	6
23.964415	35
23.984688	-44
24.004961	38
24.025234	-30
24.045507	-7
24.06578	3
24.086053	-4
24.106326	34
24.126599	22
24.146872	-4
24.167145	-7
24.187418	30
24.207691	-3
24.227964	3
24.248237	-11
24.26851	42
24.288783	-20
24.309056	-1
24.329329	15
24.349602	-33
24.369875	-11
24.390148	-14
24.410421	30
24.430694	21
24.450967	22
24.47124	-9
24.491513	-18
24.511786	-28
24.532059	12
24.552332	-28
24.572605	-14
24.592878	46
24.613151	3
24.633424	-27
24.653697	19
24.67397	-2
24.694243	2
24.714516	-7
24.734789	-13
24.755062	-5
24.775335	2
24.795608	14
24.815881	25
24.836154	-21
24.856427	12
24.8767	9
24.896973	-31
24.917246	5
24.937519	-4
24.957792	44
24.978065	-1
24.998338	36
25.018611	5
25.038884	-13
25.059157	-14
25.07943	39
25.099703	-2
25.119976	4
25.140249	-11
25.160522	-25
25.180795	18
25.201068	-22
25.221341	30
25.241614	11
25.261887	6
25.28216	-18
25.302433	47
25.322706	8
25.342979	22
25.363252	-28
25.383525	4
25.403798	-5
25.424071	41
25.444344	25
25.464617	-17
25.48489	-31
25.505163	-8
25.525436	0
25.545709	20
25.565982	-20
25.586255	35
25.606528	23
25.626801	36
25.647074	-3
25.667347	11
25.68762	1
25.707893	0
25.728166	-27
25.748439	-6
25.768712	30
25.788985	-16
25.809258	30
25.829531	26
25.849804	-5
25.870077	-28
25.89035	45
25.910623	-17
25.930896	18
25.951169	19
25.971442	29
25.991715	17
26.011988	19
26.032261	-13
26.052534	26
26.072807	5
26.09308	1
26.113353	-20
26.133626	-44
26.153899	10
26.174172	50
26.194445	-29
26.214718	11
26.234991	19
26.255264	24
26.275537	33
26.29581	10
26.316083	15
26.336356	34
26.356629	20
26.376902	-44
26.397175	29
26.417448	-20
26.437721	10
26.457994	5
26.478267	11
26.49854	26
26.518813	-21
26.539086	29
26.559359	-40
26.579632	-1
26.599905	1
26.620178	-11
26.640451	40
26.660724	21
26.680997	-12
26.70127	16
26.721543	1
26.741816	-14
26.762089	25
26.782362	30
26.802635	53
26.822908	7
26.843181	-22
26.863454	-8
26.883727	23
26.904	-6
26.924273	-13
26.944546	-42
26.964819	-23
26.985092	0
27.005365	-24
27.025638	39
27.045911	-2
27.066184	-26
27.086457	-42
27.10673	18
27.127003	21
27.147276	-26
27.167549	38
27.187822	-5
27.208095	3
27.228368	5
27.248641	-18
27.268914	-6
27.289187	-1
27.30946	-5
27.329733	45
27.350006	3
27.370279	21
27.390552	-23
27.410825	10
27.431098	52
27.451371	13
27.471644	10
27.491917	38
27.51219	1
27.532463	2
27.552736	33
27.573009	-24
27.593282	32
27.613555	-37
27.633828	19
27.654101	3
27.674374	10
27.694647	10
27.71492	36
27.735193	-2
27.755466	23
27.775739	1
27.796012	42
27.816285	-21
27.836558	-10
27.856831	-28
27.877104	39
27.897377	-9
27.91765	-25
27.937923	22
27.958196	18
27.978469	-35
27.998742	8
28.019015	-15
28.039288	-1
28.059561	24
28.079834	2
28.100107	33
28.12038	19
28.140653	43
28.160926	-38
28.181199	15
28.201472	-1
28.221745	4
28.242018	-43
28.262291	-45
28.282564	-1
28.302837	-5
28.32311	25
28.343383	-44
28.363656	-39
28.383929	-45
28.404202	-20
28.424475	32
28.444748	-24
28.465021	27
28.485294	-14
28.505567	-35
28.52584	-52
28.546113	36
28.566386	-45
28.586659	-29
28.606932	12
28.627205	26
28.647478	19
28.667751	24
28.688024	8
28.708297	-27
28.72857	33
28.748843	-64
28.769116	7
28.789389	-41
28.809662	-22
28.829935	38
28.850208	-21
28.870481	2
28.890754	-14
28.911027	17
28.9313	21
28.951573	-16
28.971846	-34
28.992119	27
29.012392	5
29.032665	11
29.052938	21
29.073211	-28
29.093484	24
29.113757	4
29.13403	-13
29.154303	-32
29.174576	-33
29.194849	37
29.215122	15
29.235395	-21
29.255668	1
29.275941	28
29.296214	24
29.316487	-13
29.33676	1
29.357033	4
29.377306	-11
29.397579	-13
29.417852	-5
29.438125	39
29.458398	20
29.478671	-17
29.498944	28
29.519217	11
29.53949	13
29.559763	44
29.580036	19
29.600309	19
29.620582	-25
29.640855	1
29.661128	-20
29.681401	24
29.701674	12
29.721947	35
29.74222	9
29.762493	27
29.782766	42
29.803039	-3
29.823312	-30
29.843585	6
29.863858	43
29.884131	13
29.904404	-20
29.924677	11
29.94495	-7
29.965223	10
29.985496	2
30.005769	12
30.026042	1
30.046315	-27
30.066588	27
30.086861	29
30.107134	21
30.127407	-50
30.14768	27
30.167953	49
30.188226	-28
30.208499	45
30.228772	-12
30.249045	-26
30.269318	-24
30.289591	22
30.309864	-27
30.330137	20
30.35041	51
30.370683	47
30.390956	-21
30.411229	-28
30.431502	59
30.451775	19
30.472048	39
30.492321	-36
30.512594	27
30.532867	21
30.55314	50
30.573413	7
30.593686	43
30.613959	27
30.634232	8
30.654505	18
30.674778	0
30.695051	14
30.715324	-33
30.735597	14
30.75587	15
30.776143	-26
30.796416	-15
30.816689	-11
30.836962	26
30.857235	-2
30.877508	16
30.897781	-14
30.918054	10
30.938327	25
30.9586	43
30.978873	-33
30.999146	25
31.019419	18
31.039692	14
31.059965	46
31.080238	-51
31.100511	29
31.120784	-41
31.141057	27
31.16133	-23
31.181603	30
31.201876	-24
31.222149	30
31.242422	-34
31.262695	36
31.282968	3
31.303241	7
31.323514	14
31.343787	42
31.36406	31
31.384333	14
31.404606	27
31.424879	-48
31.445152	-18
31.465425	3
31.485698	-17
31.505971	-16
31.526244	37
31.546517	27
31.56679	-3
31.587063	-3
31.607336	4
31.627609	3
31.647882	-19
31.668155	-17
31.688428	4
31.708701	-32
31.728974	-38
31.749247	-44
31.76952	-18
31.789793	-55
31.810066	-46
31.830339	1
31.850612	20
31.870885	-26
31.891158	0
31.911431	26
31.931704	-13
31.951977	-31
31.97225	-32
31.992523	11
32.012796	16
32.033069	23
32.053342	-17
32.073615	-64
32.093888	27
32.114161	13
32.134434	20
32.154707	26
32.17498	-18
32.195253	-34
32.215526	-18
32.235799	11
32.256072	6
32.276345	-1
32.296618	-56
32.316891	-11
32.337164	-14
32.357437	-2
32.37771	2
32.397983	13
32.418256	28
32.438529	11
32.458802	4
32.479075	-16
32.499348	7
32.519621	25
32.539894	20
32.560167	-11
32.58044	-39
32.600713	-19
32.620986	28
32.641259	50
32.661532	3
32.681805	10
32.702078	3
32.722351	-42
32.742624	24
32.762897	-17
32.78317	11
32.803443	-31
32.823716	-6
32.843989	-23
32.864262	2
32.884535	3
32.904808	20
32.925081	-3
32.945354	11
32.965627	33
32.9859	47
33.006173	44
33.026446	-6
33.046719	17
33.066992	28
33.087265	29
33.107538	21
33.127811	53
33.148084	4
33.168357	-10
33.18863	4
33.208903	-4
33.229176	21
33.249449	-9
33.269722	65
33.289995	-21
33.310268	6
33.330541	54
33.350814	-29
33.371087	-11
33.39136	29
33.411633	10
33.431906	-1
33.452179	23
33.472452	-30
33.492725	19
33.512998	50
33.533271	20
33.553544	-26
33.573817	-4
33.59409	-3
33.614363	-6
33.634636	-30
33.654909	-27
33.675182	20
33.695455	19
33.715728	15
33.736001	53
33.756274	-3
33.776547	-4
33.79682	0
33.817093	33
33.837366	61
33.857639	33
33.877912	-23
33.898185	-47
33.918458	6
33.938731	5
33.959004	11
33.979277	-6
33.99955	-25
34.019823	7
34.040096	-4
34.060369	-36
34.080642	35
34.100915	-23
34.121188	-7
34.141461	-11
34.161734	19
34.182007	28
34.20228	42
34.222553	46
34.242826	-20
34.263099	3
34.283372	0
34.303645	2
34.323918	12
34.344191	-10
34.364464	15
34.384737	-25
34.40501	3
34.425283	29
34.445556	-6
34.465829	15
34.486102	27
34.506375	-13
34.526648	41
34.546921	17
34.567194	13
34.587467	19
34.60774	17
34.628013	25
34.648286	24
34.668559	-3
34.688832	-19
34.709105	31
34.729378	-6
34.749651	29
34.769924	19
34.790197	27
34.81047	5
34.830743	1
34.851016	9
34.871289	40
34.891562	26
34.911835	3
34.932108	10
34.952381	46
34.972654	16
34.992927	-7
35.0132	9
35.033473	-29
35.053746	-28
35.074019	-1
35.094292	-24
35.114565	19
35.134838	54
35.155111	30
35.175384	44
35.195657	13
35.21593	-8
35.236203	8
35.256476	21
35.276749	19
35.297022	22
35.317295	55
35.337568	0
35.357841	1
35.378114	-1
35.398387	8
35.41866	47
35.438933	-7
35.459206	41
35.479479	-1
35.499752	47
35.520025	23
35.540298	9
35.560571	-13
35.580844	7
35.601117	13
35.62139	-11
35.641663	23
35.661936	-45
35.682209	-23
35.702482	-9
35.722755	31
35.743028	6
35.763301	42
35.783574	-9
35.803847	-1
35.82412	5
35.844393	8
35.864666	8
35.884939	28
35.905212	2
35.925485	-24
35.945758	32
35.966031	33
35.986304	48
36.006577	24
36.02685	20
36.047123	-39
36.067396	35
36.087669	35
36.107942	7
36.128215	15
36.148488	11
36.168761	39
36.189034	-6
36.209307	-29
36.22958	-17
36.249853	-14
36.270126	-37
36.290399	10
36.310672	41
36.330945	5
36.351218	-2
36.371491	-24
36.391764	2
36.412037	15
36.43231	31
36.452583	-35
36.472856	31
36.493129	11
36.513402	-6
36.533675	39
36.553948	20
36.574221	30
36.594494	39
36.614767	6
36.63504	2
36.655313	9
36.675586	-30
36.695859	22
36.716132	21
36.736405	-35
36.756678	-22
36.776951	-23
36.797224	6
36.817497	-15
36.83777	-36
36.858043	-17
36.878316	-21
36.898589	18
36.918862	13
36.939135	27
36.959408	-30
36.979681	-31
36.999954	1
37.020227	14
37.0405	-41
37.060773	11
37.081046	-5
37.101319	26
37.121592	-26
37.141865	-34
37.162138	-2
37.182411	12
37.202684	-5
37.222957	27
37.24323	5
37.263503	18
37.283776	4
37.304049	57
37.324322	34
37.344595	-30
37.364868	21
37.385141	-5
37.405414	41
37.425687	6
37.44596	6
37.466233	27
37.486506	-5
37.506779	26
37.527052	9
37.547325	27
37.567598	-12
37.587871	2
37.608144	-17
37.628417	13
37.64869	-30
37.668963	13
37.689236	47
37.709509	3
37.729782	32
37.750055	-4
37.770328	21
37.790601	-5
37.810874	53
37.831147	-4
37.85142	33
37.871693	-17
37.891966	-41
37.912239	-39
37.932512	10
37.952785	34
37.973058	-2
37.993331	-12
38.013604	21
38.033877	31
38.05415	12
38.074423	12
38.094696	29
38.114969	-6
38.135242	-17
38.155515	-15
38.175788	13
38.196061	25
38.216334	35
38.236607	6
38.25688	9
38.277153	9
38.297426	7
38.317699	-6
38.337972	34
38.358245	34
38.378518	-38
38.398791	-21
38.419064	27
38.439337	30
38.45961	12
38.479883	-7
38.500156	-26
38.520429	2
38.540702	20
38.560975	-17
38.581248	-21
38.601521	23
38.621794	-8
38.642067	48
38.66234	-13
38.682613	-12
38.702886	50
38.723159	-9
38.743432	37
38.763705	-9
38.783978	13
38.804251	34
38.824524	11
38.844797	2
38.86507	47
38.885343	27
38.905616	-3
38.925889	-15
38.946162	0
38.966435	-21
38.986708	6
39.006981	-14
39.027254	23
39.047527	19
39.0678	24
39.088073	53
39.108346	-13
39.128619	52
39.148892	-17
39.169165	-4
39.189438	0
39.209711	10
39.229984	-33
39.250257	-23
39.27053	48
39.290803	20
39.311076	3
39.331349	33
39.351622	-39
39.371895	19
39.392168	12
39.412441	27
39.432714	-38
39.452987	30
39.47326	11
39.493533	9
39.513806	56
39.534079	37
39.554352	-40
39.574625	59
39.594898	1
39.615171	59
39.635444	0
39.655717	-32
39.67599	20
39.696263	19
39.716536	-27
39.736809	-7
39.757082	31
39.777355	50
39.797628	16
39.817901	61
39.838174	-31
39.858447	43
39.87872	-16
39.898993	-32
39.919266	5
39.939539	-20
39.959812	-14
39.980085	12
40.000358	6
40.020631	40
40.040904	9
40.061177	-11
40.08145	-41
40.101723	7
40.121996	28
40.142269	-14
40.162542	-35
40.182815	-35
40.203088	-44
40.223361	-41
40.243634	-22
40.263907	-12
40.28418	43
40.304453	22
40.324726	-4
40.344999	24
40.365272	-5
40.385545	-5
40.405818	-36
40.426091	-40
40.446364	-28
40.466637	0
40.48691	17
40.507183	-38
40.527456	-15
40.547729	37
40.568002	-26
40.588275	10
40.608548	-26
40.628821	19
40.649094	28
40.669367	-3
40.68964	1
40.709913	-17
40.730186	-21
40.750459	-10
40.770732	12
40.791005	-28
40.811278	2
40.831551	-47
40.851824	-35
40.872097	5
40.89237	-14
40.912643	23
40.932916	-51
40.953189	-34
40.973462	-11
40.993735	5
41.014008	-6
41.034281	21
41.054554	-17
41.074827	25
41.0951	25
41.115373	7
41.135646	36
41.155919	-2
41.176192	-16
41.196465	12
41.216738	-51
41.237011	-3
41.257284	-15
41.277557	-1
41.29783	3
41.318103	-28
41.338376	24
41.358649	29
41.378922	26
41.399195	7
41.419468	-27
41.439741	11
41.460014	1
41.480287	-11
41.50056	26
41.520833	-26
41.541106	-26
41.561379	-20
41.581652	-60
41.601925	25
41.622198	-11
41.642471	12
41.662744	-16
41.683017	42
41.70329	28
41.723563	-14
41.743836	4
41.764109	21
41.784382	-38
41.804655	-4
41.824928	-40
41.845201	11
41.865474	24
41.885747	22
41.90602	4
41.926293	27
41.946566	-39
41.966839	16
41.987112	28
42.007385	10
42.027658	-8
42.047931	3
42.068204	7
42.088477	36
42.10875	25
42.129023	-14
42.149296	-8
42.169569	-31
42.189842	-11
42.210115	14
42.230388	5
42.250661	1
42.270934	48
42.291207	37
42.31148	-6
42.331753	0
42.352026	45
42.372299	-40
42.392572	-21
42.412845	17
42.433118	-2
42.453391	-29
42.473664	-2
42.493937	-48
42.51421	-30
42.534483	0
42.554756	26
42.575029	-3
42.595302	24
42.615575	-14
42.635848	53
42.656121	2
42.676394	53
42.696667	-25
42.71694	32
42.737213	54
42.757486	-13
42.777759	-38
42.798032	-17
42.818305	-5
42.838578	1
42.858851	30
42.879124	10
42.899397	-14
42.91967	21
42.939943	-31
42.960216	-33
42.980489	0
43.000762	27
43.021035	5
43.041308	-26
43.061581	10
43.081854	23
43.102127	35
43.1224	-15
43.142673	34
43.162946	-38
43.183219	-16
43.203492	-4
43.223765	42
43.244038	-1
43.264311	-3
43.284584	-36
43.304857	-24
43.32513	19
43.345403	20
43.365676	-10
43.385949	-1
43.406222	32
43.426495	38
43.446768	-34
43.467041	-18
43.487314	-5
43.507587	40
43.52786	18
43.548133	19
43.568406	-12
43.588679	-11
43.608952	7
43.629225	7
43.649498	23
43.669771	0
43.690044	-18
43.710317	2
43.73059	23
43.750863	-13
43.771136	-9
43.791409	32
43.811682	-10
43.831955	19
43.852228	5
43.872501	-43
43.892774	6
43.913047	-47
43.93332	-31
43.953593	4
43.973866	-19
43.994139	4
44.014412	-26
44.034685	6
44.054958	-5
44.075231	24
44.095504	2
44.115777	15
44.13605	34
44.156323	9
44.176596	20
44.196869	-39
44.217142	29
44.237415	-36
44.257688	-1
44.277961	-8
44.298234	35
44.318507	-1
44.33878	15
44.359053	8
44.379326	18
44.399599	-24
44.419872	19
44.440145	32
44.460418	-17
44.480691	-1
44.500964	31
44.521237	-25
44.54151	-52
44.561783	-36
44.582056	33
44.602329	-26
44.622602	-10
44.642875	-36
44.663148	9
44.683421	33
44.703694	28
44.723967	4
44.74424	-11
44.764513	-15
44.784786	-57
44.805059	-33
44.825332	-59
44.845605	-52
44.865878	-28
44.886151	-36
44.906424	27
44.926697	16
44.94697	-4
44.967243	-30
44.987516	9
45.007789	44
45.028062	12
45.048335	-12
45.068608	-9
45.088881	-19
45.109154	-1
45.129427	-37
45.1497	-18
45.169973	-57
45.190246	-38
45.210519	-8
45.230792	-7
45.251065	-43
45.271338	-22
45.291611	-11
45.311884	7
45.332157	12
45.35243	-41
45.372703	-49
45.392976	-6
45.413249	-11
45.433522	-56
45.453795	15
45.474068	-11
45.494341	11
45.514614	41
45.534887	-14
45.55516	-39
45.575433	-20
45.595706	20
45.615979	-31
45.636252	21
45.656525	44
45.676798	-15
45.697071	-38
45.717344	-8
45.737617	45
45.75789	-17
45.778163	-36
45.798436	-23
45.818709	-1
45.838982	-38
45.859255	9
45.879528	-4
45.899801	-55
45.920074	-15
45.940347	2
45.96062	37
45.980893	-2
46.001166	-24
46.021439	-30
46.041712	20
46.061985	-51
46.082258	-22
46.102531	-34
46.122804	2
46.143077	17
46.16335	13
46.183623	-19
46.203896	-3
46.224169	3
46.244442	18
46.264715	-40
46.284988	-36
46.305261	-17
46.325534	-1
46.345807	-35
46.36608	11
46.386353	15
46.406626	12
46.426899	45
46.447172	18
46.467445	-21
46.487718	-6
46.507991	3
46.528264	-38
46.548537	-35
46.56881	22
46.589083	31
46.609356	45
46.629629	0
46.649902	-3
46.670175	-60
46.690448	25
46.710721	-41
46.730994	6
46.751267	-4
46.77154	-21
46.791813	-38
46.812086	3
46.832359	-25
46.852632	-1
46.872905	8
46.893178	18
46.913451	-23
46.933724	-4
46.953997	48
46.97427	-1
46.994543	15
47.014816	-40
47.035089	-22
47.055362	-10
47.075635	40
47.095908	30
47.116181	-10
47.136454	-3
47.156727	16
47.177	-31
47.197273	-6
47.217546	-20
47.237819	7
47.258092	-20
47.278365	-28
47.298638	34
47.318911	22
47.339184	-23
47.359457	27
47.37973	40
47.400003	19
47.420276	-7
47.440549	-6
47.460822	11
47.481095	-24
47.501368	-7
47.521641	-36
47.541914	22
47.562187	-27
47.58246	-11
47.602733	-23
47.623006	-10
47.643279	42
47.663552	-19
47.683825	9
47.704098	-11
47.724371	50
47.744644	7
47.764917	-22
47.78519	13
47.805463	-36
47.825736	13
47.846009	-1
47.866282	-13
47.886555	18
47.906828	49
47.927101	17
47.947374	-21
47.967647	17
47.98792	3
48.008193	-14
48.028466	0
48.048739	-15
48.069012	41
48.089285	3
48.109558	27
48.129831	-1
48.150104	-15
48.170377	-1
48.19065	-35
48.210923	44
48.231196	36
48.251469	19
48.271742	-30
48.292015	-17
48.312288	5
48.332561	-24
48.352834	-29
48.373107	-32
48.39338	-4
48.413653	28
48.433926	-37
48.454199	-8
48.474472	-1
48.494745	-17
48.515018	28
48.535291	10
48.555564	-11
48.575837	17
48.59611	3
48.616383	-42
48.636656	-33
48.656929	-49
48.677202	-39
48.697475	-29
48.717748	8
48.738021	-8
48.758294	-3
48.778567	-20
48.79884	-6
48.819113	-17
48.839386	31
48.859659	-55
48.879932	-4
48.900205	-16
48.920478	-42
48.940751	-4
48.961024	-41
48.981297	50
49.00157	-51
49.021843	4
49.042116	-6
49.062389	-16
49.082662	0
49.102935	28
49.123208	11
49.143481	1
49.163754	-28
49.184027	1
49.2043	25
49.224573	-6
49.244846	40
49.265119	-20
49.285392	-8
49.305665	-33
49.325938	25
49.346211	0
49.366484	-2
49.386757	-8
49.40703	6
49.427303	4
49.447576	-17
49.467849	-16
49.488122	11
49.508395	17
49.528668	26
49.548941	15
49.569214	18
49.589487	-27
49.60976	-21
49.630033	35
49.650306	16
49.670579	10
49.690852	23
49.711125	7
49.731398	45
49.751671	5
49.771944	-20
49.792217	7
49.81249	-34
49.832763	6
49.853036	14
49.873309	2
49.893582	-6
49.913855	-2
49.934128	22
49.954401	-14
49.974674	17
49.994947	-23
50.01522	38
50.035493	-11
50.055766	-35
50.076039	-3
50.096312	13
50.116585	11
50.136858	-9
50.157131	4
50.177404	28
50.197677	9
50.21795	39
50.238223	50
50.258496	-17
50.278769	-17
50.299042	57
50.319315	30
50.339588	0
50.359861	5
50.380134	17
50.400407	-7
50.42068	39
50.440953	11
50.461226	43
50.481499	8
50.501772	-7
50.522045	29
50.542318	12
50.562591	50
50.582864	-27
50.603137	8
50.62341	3
50.643683	-11
50.663956	-30
50.684229	9
50.704502	-17
50.724775	-1
50.745048	14
50.765321	44
50.785594	-11
50.805867	-17
50.82614	2
50.846413	18
50.866686	8
50.886959	9
50.907232	60
50.927505	26
50.947778	-20
50.968051	2
50.988324	19
51.008597	8
51.02887	1
51.049143	26
51.069416	-12
51.089689	-9
51.109962	5
51.130235	-4
51.150508	-44
51.170781	-2
51.191054	-42
51.211327	17
51.2316	15
51.251873	-31
51.272146	26
51.292419	1
51.312692	36
51.332965	41
51.353238	30
51.373511	-35
51.393784	-51
51.414057	-12
51.43433	29
51.454603	-18
51.474876	-21
51.495149	12
51.515422	25
51.535695	26
51.555968	42
51.576241	-5
51.596514	-13
51.616787	-19
51.63706	45
51.657333	-1
51.677606	39
51.697879	29
51.718152	40
51.738425	-3
51.758698	-24
51.778971	39
51.799244	-27
51.819517	0
51.83979	29
51.860063	30
51.880336	18
51.900609	27
51.920882	-44
51.941155	31
51.961428	0
51.981701	-8
52.001974	11
52.022247	-23
52.04252	8
52.062793	23
52.083066	10
52.103339	10
52.123612	-14
52.143885	-15
52.164158	3
52.184431	-12
52.204704	-30
52.224977	-12
52.24525	14
52.265523	48
52.285796	-24
52.306069	14
52.326342	0
52.346615	3
52.366888	11
52.387161	-34
52.407434	8
52.427707	50
52.44798	6
52.468253	-40
52.488526	-6
52.508799	2
52.529072	6
52.549345	9
52.569618	6
52.589891	8
52.610164	-18
52.630437	18
52.65071	-32
52.670983	-10
52.691256	-4
52.711529	38
52.731802	14
52.752075	-48
52.772348	0
52.792621	-7
52.812894	3
52.833167	40
52.85344	20
52.873713	-12
52.893986	-18
52.914259	26
52.934532	36
52.954805	4
52.975078	-10
52.995351	2
53.015624	-14
53.035897	-22
53.05617	50
53.076443	17
53.096716	-18
53.116989	-11
53.137262	-6
53.157535	-16
53.177808	16
53.198081	58
53.218354	-36
53.238627	2
53.2589	17
53.279173	48
53.299446	23
53.319719	11
53.339992	6
53.360265	9
53.380538	15
53.400811	-29
53.421084	-29
53.441357	56
53.46163	-10
53.481903	12
53.502176	-20
53.522449	-11
53.542722	12
53.562995	40
53.583268	1
53.603541	12
53.623814	35
53.644087	31
53.66436	-14
53.684633	-10
53.704906	30
53.725179	-3
53.745452	50
53.765725	33
53.785998	-5
53.806271	-4
53.826544	9
53.846817	5
53.86709	-25
53.887363	-5
53.907636	-3
53.927909	-22
53.948182	10
53.968455	-5
53.988728	23
54.009001	12
54.029274	-6
54.049547	-33
54.06982	-15
54.090093	-21
54.110366	-9
54.130639	-2
54.150912	7
54.171185	-4
54.191458	3
54.211731	10
54.232004	27
54.252277	-19
54.27255	-17
54.292823	-38
54.313096	-3
54.333369	-9
54.353642	-24
54.373915	-16
54.394188	-10
54.414461	-12
54.434734	-47
54.455007	-4
54.47528	-32
54.495553	-6
54.515826	-53
54.536099	2
54.556372	-15
54.576645	-31
54.596918	21
54.617191	24
54.637464	-41
54.657737	-41
54.67801	13
54.698283	-6
54.718556	23
54.738829	-10
54.759102	14
54.779375	-58
54.799648	46
54.819921	13
54.840194	-13
54.860467	20
54.88074	28
54.901013	-25
54.921286	-24
54.941559	-22
54.961832	10
54.982105	-24
55.002378	-22
55.022651	34
55.042924	-22
55.063197	0
55.08347	-4
55.103743	-12
55.124016	-26
55.144289	6
55.164562	4
55.184835	44
55.205108	21
55.225381	3
55.245654	6
55.265927	-9
55.2862	5
55.306473	-40
55.326746	24
55.347019	-15
55.367292	51
55.387565	21
55.407838	-33
55.428111	8
55.448384	-6
55.468657	33
55.48893	11
55.509203	-13
55.529476	33
55.549749	-8
55.570022	40
55.590295	7
55.610568	-8
55.630841	-16
55.651114	19
55.671387	-35
55.69166	-17
55.711933	33
55.732206	4
55.752479	27
55.772752	28
55.793025	42
55.813298	9
55.833571	-15
55.853844	24
55.874117	-36
55.89439	-6
55.914663	-4
55.934936	-7
55.955209	44
55.975482	1
55.995755	-1
56.016028	-5
56.036301	61
56.056574	36
56.076847	41
56.09712	31
56.117393	-32
56.137666	41
56.157939	-27
56.178212	62
56.198485	35
56.218758	-36
56.239031	44
56.259304	5
56.279577	14
56.29985	-21
56.320123	-20
56.340396	8
56.360669	7
56.380942	13
56.401215	18
56.421488	8
56.441761	33
56.462034	53
56.482307	54
56.50258	19
56.522853	-5
56.543126	3
56.563399	32
56.583672	35
56.603945	8
56.624218	10
56.644491	-5
56.664764	-11
56.685037	-16
56.70531	-20
56.725583	-3
56.745856	14
56.766129	4
56.786402	-12
56.806675	15
56.826948	-36
56.847221	-1
56.867494	-42
56.887767	14
56.90804	47
56.928313	13
56.948586	15
56.968859	17
56.989132	-38
57.009405	-23
57.029678	41
57.049951	5
57.070224	-14
57.090497	-23
57.11077	39
57.131043	41
57.151316	-10
57.171589	36
57.191862	-34
57.212135	29
57.232408	46
57.252681	56
57.272954	-20
57.293227	25
57.3135	9
57.333773	37
57.354046	-24
57.374319	-23
57.394592	-8
57.414865	-19
57.435138	26
57.455411	-14
57.475684	-43
57.495957	26
57.51623	-13
57.536503	-50
57.556776	-24
57.577049	17
57.597322	14
57.617595	-4
57.637868	-12
57.658141	5
57.678414	13
57.698687	-46
57.71896	47
57.739233	-13
57.759506	-4
57.779779	22
57.800052	21
57.820325	-26
57.840598	-10
57.860871	27
57.881144	-8
57.901417	-17
57.92169	36
57.941963	-13
57.962236	-43
57.982509	59
58.002782	25
58.023055	-2
58.043328	18
58.063601	-15
58.083874	2
58.104147	10
58.12442	50
58.144693	9
58.164966	13
58.185239	13
58.205512	49
58.225785	-6
58.246058	19
58.266331	0
58.286604	10
58.306877	47
58.32715	-9
58.347423	-5
58.367696	-8
58.387969	16
58.408242	17
58.428515	22
58.448788	32
58.469061	-21
58.489334	-21
58.509607	-40
58.52988	18
58.550153	19
58.570426	-22
58.590699	-24
58.610972	28
58.631245	56
58.651518	43
58.671791	52
58.692064	-2
58.712337	-1
58.73261	0
58.752883	-3
58.773156	18
58.793429	8
58.813702	4
58.833975	35
58.854248	14
58.874521	27
58.894794	2
58.915067	-22
58.93534	-10
58.955613	-12
58.975886	14
58.996159	-29
59.016432	-14
59.036705	8
59.056978	-18
59.077251	-34
59.097524	31
59.117797	-15
59.13807	-15
59.158343	-2
59.178616	-13
59.198889	42
59.219162	36
59.239435	-25
59.259708	11
59.279981	-10
59.300254	-14
59.320527	-33
59.3408	-14
59.361073	-5
59.381346	-4
59.401619	23
59.421892	2
59.442165	-18
59.462438	21
59.482711	8
59.502984	-5
59.523257	10
59.54353	-29
59.563803	-35
59.584076	21
59.604349	2
59.624622	-41
59.644895	15
59.665168	38
59.685441	12
59.705714	-5
59.725987	-36
59.74626	11
59.766533	10
59.786806	28
59.807079	-39
59.827352	-6
59.847625	-36
59.867898	23
59.888171	39
59.908444	16
59.928717	-25
59.94899	-22
59.969263	-34
59.989536	-2
60.009809	-36
60.030082	-47
60.050355	-17
60.070628	-2
60.090901	-16
60.111174	-26
60.131447	-29
60.15172	-9
60.171993	-59
60.192266	-9
60.212539	3
60.232812	54
60.253085	-19
60.273358	43
60.293631	23
60.313904	14
60.334177	-13
60.35445	8
60.374723	-8
60.394996	13
60.415269	-5
60.435542	-47
60.455815	-21
60.476088	-26
60.496361	45
60.516634	-1
60.536907	11
60.55718	-29
60.577453	-30
60.597726	0
60.617999	24
60.638272	7
60.658545	-22
60.678818	-43
60.699091	-8
60.719364	-52
60.739637	-29
60.75991	36
60.780183	-53
60.800456	26
60.820729	-52
60.841002	-36
60.861275	-29
60.881548	0
60.901821	-2
60.922094	26
60.942367	-57
60.96264	-35
60.982913	30
61.003186	-32
61.023459	-44
61.043732	-23
61.064005	-42
61.084278	-1
61.104551	-50
61.124824	-15
61.145097	-14
61.16537	-7
61.185643	-22
61.205916	-10
61.226189	25
61.246462	-11
61.266735	-5
61.287008	24
61.307281	-18
61.327554	0
61.347827	41
61.3681	25
61.388373	-33
61.408646	3
61.428919	-1
61.449192	-26
61.469465	-35
61.489738	41
61.510011	30
61.530284	-31
61.550557	33
61.57083	1
61.591103	28
61.611376	-38
61.631649	27
61.651922	-3
61.672195	-15
61.692468	20
61.712741	15
61.733014	9
61.753287	-30
61.77356	24
61.793833	47
61.814106	-1
61.834379	-27
61.854652	13
61.874925	10
61.895198	-26
61.915471	36
61.935744	-10
61.956017	27
61.97629	-15
61.996563	9
62.016836	-31
62.037109	-7
62.057382	14
62.077655	-23
62.097928	18
62.118201	39
62.138474	14
62.158747	-20
62.17902	12
62.199293	-14
62.219566	-38
62.239839	-12
62.260112	-3
62.280385	-4
62.300658	-14
62.320931	1
62.341204	-14
62.361477	-19
62.38175	-8
62.402023	5
62.422296	34
62.442569	-52
62.462842	-26
62.483115	-55
62.503388	-14
62.523661	22
62.543934	-8
62.564207	-56
62.58448	-67
62.604753	-32
62.625026	0
62.645299	24
62.665572	0
62.685845	5
62.706118	-20
62.726391	7
62.746664	6
62.766937	46
62.78721	17
62.807483	-38
62.827756	23
62.848029	12
62.868302	44
62.888575	-30
62.908848	40
62.929121	32
62.949394	-7
62.969667	20
62.98994	-14
63.010213	-26
63.030486	1
63.050759	16
63.071032	22
63.091305	23
63.111578	-17
63.131851	36
63.152124	-47
63.172397	20
63.19267	34
63.212943	-9
63.233216	49
63.253489	5
63.273762	-31
63.294035	-11
63.314308	-8
63.334581	4
63.354854	-7
63.375127	27
63.3954	6
63.415673	-39
63.435946	49
63.456219	-18
63.476492	-9
63.496765	-33
63.517038	32
63.537311	-13
63.557584	12
63.577857	20
63.59813	2
63.618403	-35
63.638676	21
63.658949	-17
63.679222	9
63.699495	-14
63.719768	-12
63.740041	-15
63.760314	1
63.780587	43
63.80086	-9
63.821133	0
63.841406	-25
63.861679	-19
63.881952	-12
63.902225	42
63.922498	15
63.942771	-24
63.963044	-6
63.983317	39
64.00359	-25
64.023863	-34
64.044136	0
64.064409	-23
64.084682	-4
64.104955	46
64.125228	16
64.145501	-6
64.165774	2
64.186047	9
64.20632	4
64.226593	3
64.246866	11
64.267139	6
64.287412	-15
64.307685	36
64.327958	46
64.348231	-13
64.368504	-4
64.388777	11
64.40905	-25
64.429323	14
64.449596	-22
64.469869	-14
64.490142	12
64.510415	10
64.530688	-30
64.550961	2
64.571234	14
64.591507	15
64.61178	3
64.632053	-52
64.652326	4
64.672599	-26
64.692872	17
64.713145	3
64.733418	-5
64.753691	-27
64.773964	6
64.794237	-18
64.81451	-10
64.834783	-35
64.855056	46
64.875329	13
64.895602	48
64.915875	-53
64.936148	-22
64.956421	-32
64.976694	31
64.996967	-25
65.01724	19
65.037513	24
65.057786	21
65.078059	48
65.098332	-9
65.118605	-42
65.138878	-12
65.159151	-2
65.179424	6
65.199697	-48
65.21997	19
65.240243	-2
65.260516	-32
65.280789	23
65.301062	-32
65.321335	-20
65.341608	-32
65.361881	29
65.382154	-36
65.402427	-42
65.4227	5
65.442973	27
65.463246	-2
65.483519	-7
65.503792	8
65.524065	-13
65.544338	-23
65.564611	34
65.584884	-13
65.605157	4
65.62543	37
65.645703	-12
65.665976	-25
65.686249	-19
65.706522	52
65.726795	-2
65.747068	-10
65.767341	7
65.787614	-25
65.807887	49
65.82816	17
65.848433	7
65.868706	-4
65.888979	20
65.909252	41
65.929525	-36
65.949798	12
65.970071	4
65.990344	-36
66.010617	-25
66.03089	6
66.051163	12
66.071436	27
66.091709	-14
66.111982	-42
66.132255	14
66.152528	1
66.172801	-10
66.193074	49
66.213347	-37
66.23362	37
66.253893	31
66.274166	-32
66.294439	-17
66.314712	-11
66.334985	-17
66.355258	32
66.375531	9
66.395804	5
66.416077	17
66.43635	25
66.456623	-37
66.476896	-17
66.497169	-6
66.517442	26
66.537715	-31
66.557988	37
66.578261	25
66.598534	43
66.618807	15
66.63908	30
66.659353	28
66.679626	16
66.699899	22
66.720172	-18
66.740445	-33
66.760718	-15
66.780991	14
66.801264	42
66.821537	-31
66.84181	-38
66.862083	19
66.882356	-15
66.902629	-14
66.922902	-5
66.943175	21
66.963448	-22
66.983721	17
67.003994	-16
67.024267	28
67.04454	-18
67.064813	-23
67.085086	-28
67.105359	13
67.125632	3
67.145905	34
67.166178	13
67.186451	4
67.206724	-8
67.226997	-6
67.24727	-4
67.267543	44
67.287816	-31
67.308089	23
67.328362	-49
67.348635	0
67.368908	38
67.389181	-28
67.409454	-29
67.429727	53
67.45	50
67.470273	-31
67.490546	34
67.510819	49
67.531092	14
67.551365	3
67.571638	-24
67.591911	-17
67.612184	6
67.632457	27
67.65273	-13
67.673003	17
67.693276	10
67.713549	-9
67.733822	-8
67.754095	15
67.774368	-38
67.794641	19
67.814914	-42
67.835187	-21
67.85546	-3
67.875733	14
67.896006	30
67.916279	-42
67.936552	39
67.956825	-30
67.977098	-48
67.997371	8
68.017644	32
68.037917	-38
68.05819	17
68.078463	7
68.098736	8
68.119009	-32
68.139282	33
68.159555	23
68.179828	22
68.200101	-12
68.220374	-46
68.240647	5
68.26092	1
68.281193	6
68.301466	-32
68.321739	31
68.342012	12
68.362285	42
68.382558	-21
68.402831	19
68.423104	-28
68.443377	-10
68.46365	-50
68.483923	15
68.504196	0
68.524469	-59
68.544742	29
68.565015	28
68.585288	36
68.605561	-24
68.625834	14
68.646107	13
68.66638	9
68.686653	-34
68.706926	-1
68.727199	10
68.747472	3
68.767745	-13
68.788018	17
68.808291	-18
68.828564	1
68.848837	12
68.86911	-29
68.889383	-44
68.909656	8
68.929929	-8
68.950202	3
68.970475	-1
68.990748	-2
69.011021	-14
69.031294	-15
69.051567	-7
69.07184	8
69.092113	5
69.112386	4
69.132659	25
69.152932	19
69.173205	-18
69.193478	-5
69.213751	50
69.234024	-8
69.254297	55
69.27457	11
69.294843	-16
69.315116	22
69.335389	-24
69.355662	-7
69.375935	12
69.396208	-17
69.416481	-14
69.436754	42
69.457027	9
69.4773	10
69.497573	-23
69.517846	-3
69.538119	56
69.558392	-10
69.578665	16
69.598938	29
69.619211	8
69.639484	1
69.659757	-2
69.68003	36
69.700303	-5
69.720576	-31
69.740849	-4
69.761122	-9
69.781395	37
69.801668	-24
69.821941	7
69.842214	11
69.862487	6
69.88276	33
69.903033	8
69.923306	30
69.943579	27
69.963852	48
69.984125	35
70.004398	-3
70.024671	-14
70.044944	42
70.065217	35
70.08549	21
70.105763	-7
70.126036	-9
70.146309	9
70.166582	3
70.186855	12
70.207128	15
70.227401	-34
70.247674	1
70.267947	-17
70.28822	-56
70.308493	-20
70.328766	-47
70.349039	-2
70.369312	3
70.389585	-1
70.409858	42
70.430131	-10
70.450404	-22
70.470677	-18
70.49095	6
70.511223	43
70.531496	-2
70.551769	-22
70.572042	16
70.592315	-14
70.612588	29
70.632861	5
70.653134	21
70.673407	6
70.69368	50
70.713953	-34
70.734226	-22
70.754499	40
70.774772	-42
70.795045	5
70.815318	-11
70.835591	-28
70.855864	30
70.876137	1
70.89641	51
70.916683	14
70.936956	45
70.957229	29
70.977502	-15
70.997775	-41
71.018048	45
71.038321	30
71.058594	-44
71.078867	-5
71.09914	20
71.119413	2
71.139686	31
71.159959	-1
71.180232	10
71.200505	6
71.220778	28
71.241051	-29
71.261324	-10
71.281597	-22
71.30187	-10
71.322143	49
71.342416	15
71.362689	20
71.382962	46
71.403235	39
71.423508	9
71.443781	44
71.464054	40
71.484327	-7
71.5046	20
71.524873	7
71.545146	-10
71.565419	46
71.585692	69
71.605965	31
71.626238	2
71.646511	13
71.666784	19
71.687057	22
71.70733	15
71.727603	43
71.747876	-26
71.768149	-16
71.788422	9
71.808695	31
71.828968	-2
71.849241	-13
71.869514	-6
71.889787	16
71.91006	-13
71.930333	34
71.950606	-11
71.970879	6
71.991152	-20
72.011425	44
72.031698	31
72.051971	34
72.072244	4
72.092517	32
72.11279	-27
72.133063	60
72.153336	-1
72.173609	21
72.193882	33
72.214155	24
72.234428	-13
72.254701	2
72.274974	0
72.295247	54
72.31552	4
72.335793	68
72.356066	-7
72.376339	20
72.396612	-18
72.416885	31
72.437158	0
72.457431	9
72.477704	35
72.497977	-10
72.51825	-17
72.538523	17
72.558796	38
72.579069	-6
72.599342	60
72.619615	-23
72.639888	-32
72.660161	-14
72.680434	-16
72.700707	-11
72.72098	54
72.741253	25
72.761526	41
72.781799	12
72.802072	-10
72.822345	12
72.842618	-5
72.862891	-30
72.883164	1
72.903437	-23
72.92371	11
72.943983	34
72.964256	-17
72.984529	-6
73.004802	-5
73.025075	-27
73.045348	58
73.065621	-20
73.085894	23
73.106167	-5
73.12644	11
73.146713	-13
73.166986	-9
73.187259	49
73.207532	31
73.227805	-18
73.248078	9
73.268351	-27
73.288624	45
73.308897	-22
73.32917	-35
73.349443	-20
73.369716	43
73.389989	-1
73.410262	22
73.430535	21
73.450808	9
73.471081	7
73.491354	-37
73.511627	55
73.5319	3
73.552173	4
73.572446	39
73.592719	-14
73.612992	-14
73.633265	-25
73.653538	14
73.673811	15
73.694084	-12
73.714357	17
73.73463	-48
73.754903	2
73.775176	22
73.795449	-13
73.815722	54
73.835995	-15
73.856268	7
73.876541	5
73.896814	-32
73.917087	-6
73.93736	36
73.957633	7
73.977906	-25
73.998179	4
74.018452	-9
74.038725	23
74.058998	3
74.079271	-14
74.099544	4
74.119817	33
74.14009	46
74.160363	28
74.180636	49
74.200909	29
74.221182	23
74.241455	5
74.261728	-7
74.282001	-22
74.302274	43
74.322547	36
74.34282	-1
74.363093	-25
74.383366	-26
74.403639	-31
74.423912	-4
74.444185	50
74.464458	-6
74.484731	10
74.505004	15
74.525277	-4
74.54555	-7
74.565823	-1
74.586096	-25
74.606369	33
74.626642	-17
74.646915	25
74.667188	-20
74.687461	0
74.707734	-10
74.728007	-10
74.74828	-25
74.768553	13
74.788826	37
74.809099	10
74.829372	-10
74.849645	13
74.869918	51
74.890191	14
74.910464	17
74.930737	-24
74.95101	11
74.971283	35
74.991556	-8
75.011829	13
75.032102	7
75.052375	-13
75.072648	27
75.092921	44
75.113194	-5
75.133467	38
75.15374	-22
75.174013	6
75.194286	-23
75.214559	3
75.234832	-23
75.255105	23
75.275378	21
75.295651	-3
75.315924	-32
75.336197	-46
75.35647	29
75.376743	25
75.397016	9
75.417289	17
75.437562	-6
75.457835	-1
75.478108	-6
75.498381	-16
75.518654	-33
75.538927	29
75.5592	22
75.579473	-22
75.599746	39
75.620019	3
75.640292	26
75.660565	21
75.680838	23
75.701111	-23
75.721384	-47
75.741657	-3
75.76193	19
75.782203	-28
75.802476	3
75.822749	-9
75.843022	-9
75.863295	-6
75.883568	-7
75.903841	-20
75.924114	27
75.944387	-16
75.96466	28
75.984933	-2
76.005206	-2
76.025479	31
76.045752	-30
76.066025	-56
76.086298	8
76.106571	-25
76.126844	22
76.147117	10
76.16739	-23
76.187663	6
76.207936	-3
76.228209	27
76.248482	-9
76.268755	-24
76.289028	4
76.309301	32
76.329574	-20
76.349847	32
76.37012	-33
76.390393	27
76.410666	-18
76.430939	-21
76.451212	10
76.471485	-1
76.491758	8
76.512031	-34
76.532304	12
76.552577	30
76.57285	47
76.593123	16
76.613396	50
76.633669	2
76.653942	-20
76.674215	-33
76.694488	19
76.714761	43
76.735034	-47
76.755307	48
76.77558	0
76.795853	-7
76.816126	8
76.836399	44
76.856672	-43
76.876945	4
76.897218	-41
76.917491	5
76.937764	20
76.958037	4
76.97831	-4
76.998583	-21
77.018856	-6
77.039129	10
77.059402	-30
77.079675	9
77.099948	-33
77.120221	-29
77.140494	50
77.160767	9
77.18104	-5
77.201313	12
77.221586	-7
77.241859	-20
77.262132	15
77.282405	-51
77.302678	-2
77.322951	7
77.343224	22
77.363497	10
77.38377	0
77.404043	-31
77.424316	-6
77.444589	-15
77.464862	-26
77.485135	-15
77.505408	-15
77.525681	20
77.545954	23
77.566227	48
77.5865	-47
77.606773	33
77.627046	2
77.647319	-32
77.667592	-1
77.687865	5
77.708138	-17
77.728411	19
77.748684	-24
77.768957	-23
77.78923	10
77.809503	13
77.829776	-21
77.850049	0
77.870322	23
77.890595	-22
77.910868	-4
77.931141	26
77.951414	-17
77.971687	-4
77.99196	53
78.012233	-22
78.032506	31
78.052779	-46
78.073052	-9
78.093325	-7
78.113598	6
78.133871	40
78.154144	-8
78.174417	-47
78.19469	43
78.214963	8
78.235236	-11
78.255509	5
78.275782	18
78.296055	9
78.316328	-25
78.336601	-46
78.356874	12
78.377147	28
78.39742	16
78.417693	30
78.437966	1
78.458239	22
78.478512	33
78.498785	-20
78.519058	-48
78.539331	-4
78.559604	7
78.579877	28
78.60015	-30
78.620423	-12
78.640696	15
78.660969	-3
78.681242	34
78.701515	-15
78.721788	-58
78.742061	-4
78.762334	37
78.782607	26
78.80288	-50
78.823153	-15
78.843426	-16
78.863699	1
78.883972	-8
78.904245	24
78.924518	-6
78.944791	-34
78.965064	10
78.985337	24
79.00561	20
79.025883	4
79.046156	-7
79.066429	-18
79.086702	28
79.106975	-13
79.127248	-10
79.147521	-12
79.167794	6
79.188067	16
79.20834	-35
79.228613	-5
79.248886	-10
79.269159	-10
79.289432	-49
79.309705	-17
79.329978	-4
79.350251	49
79.370524	-42
79.390797	-31
79.41107	8
79.431343	4
79.451616	-14
79.471889	24
79.492162	-41
79.512435	0
79.532708	-7
79.552981	12
79.573254	13
79.593527	20
79.6138	29
79.634073	20
79.654346	17
79.674619	-6
79.694892	-23
79.715165	-20
79.735438	-43
79.755711	-10
79.775984	8
79.796257	-13
79.81653	42
79.836803	23
79.857076	-49
79.877349	-2
79.897622	37
79.917895	7
79.938168	-1
79.958441	19
79.978714	-6
79.998987	12
80.01926	-45
