10.097683	-2
10.117956	0
10.138229	-3
10.158502	1
10.178775	5
10.199048	0
10.219321	-4
10.239594	-2
10.259867	-2
10.28014	1
10.300413	-4
10.320686	5
10.340959	10
10.361232	7
10.381505	4
10.401778	-4
10.422051	-7
10.442324	2
10.462597	16
10.48287	13
10.503143	3
10.523416	-10
10.543689	-1
10.563962	-8
10.584235	-11
10.604508	2
10.624781	1
10.645054	-5
10.665327	2
10.6856	-6
10.705873	-8
10.726146	0
10.746419	2
10.766692	2
10.786965	-1
10.807238	-2
10.827511	-8
10.847784	2
10.868057	1
10.88833	-3
10.908603	-10
10.928876	-8
10.949149	-2
10.969422	0
10.989695	-18
11.009968	-1
11.030241	-9
11.050514	-1
11.070787	4
11.09106	-7
11.111333	-1
11.131606	-4
11.151879	6
11.172152	2
11.192425	5
11.212698	13
11.232971	-4
11.253244	10
11.273517	3
11.29379	12
11.314063	17
11.334336	4
11.354609	12
11.374882	17
11.395155	7
11.415428	12
11.435701	5
11.455974	8
11.476247	4
11.49652	7
11.516793	19
11.537066	19
11.557339	13
11.577612	11
11.597885	13
11.618158	0
11.638431	-6
11.658704	-3
11.678977	-10
11.69925	-9
11.719523	-8
11.739796	-12
11.760069	-7
11.780342	-7
11.800615	-10
11.820888	-14
11.841161	-16
11.861434	-20
11.881707	-4
11.90198	-4
11.922253	-14
11.942526	-4
11.962799	-19
11.983072	-19
12.003345	7
12.023618	0
12.043891	0
12.064164	-7
12.084437	-14
12.10471	-5
12.124983	2
12.145256	-2
12.165529	-3
12.185802	-5
12.206075	-1
12.226348	-2
12.246621	-3
12.266894	-2
12.287167	6
12.30744	0
12.327713	-4
12.347986	-7
12.368259	10
12.388532	8
12.408805	-11
12.429078	-7
12.449351	3
12.469624	0
12.489897	3
12.51017	-7
12.530443	-3
12.550716	-3
12.570989	2
12.591262	1
12.611535	10
12.631808	-3
12.652081	-1
12.672354	2
12.692627	7
12.7129	-8
12.733173	2
12.753446	2
12.773719	2
12.793992	0
12.814265	0
12.834538	-8
12.854811	3
12.875084	-2
12.895357	7
12.91563	-1
12.935903	10
12.956176	3
12.976449	-7
12.996722	2
13.016995	11
13.037268	0
13.057541	-10
13.077814	3
13.098087	-6
13.11836	0
13.138633	-13
13.158906	-2
13.179179	6
13.199452	-1
13.219725	5
13.239998	-5
13.260271	3
13.280544	3
13.300817	-3
13.32109	-11
13.341363	9
13.361636	8
13.381909	2
13.402182	2
13.422455	0
13.442728	0
13.463001	-13
13.483274	2
13.503547	1
13.52382	-8
13.544093	8
13.564366	-4
13.584639	-1
13.604912	-6
13.625185	-2
13.645458	-1
13.665731	-4
13.686004	4
13.706277	3
13.72655	7
13.746823	-6
13.767096	-5
13.787369	0
13.807642	4
13.827915	-6
13.848188	-17
13.868461	-1
13.888734	1
13.909007	-4
13.92928	-13
13.949553	8
13.969826	-11
13.990099	-5
14.010372	6
14.030645	9
14.050918	-6
14.071191	9
14.091464	-2
14.111737	10
14.13201	-3
14.152283	7
14.172556	-6
14.192829	-1
14.213102	5
14.233375	14
14.253648	3
14.273921	-11
14.294194	-4
14.314467	0
14.33474	8
14.355013	-2
14.375286	3
14.395559	4
14.415832	-7
14.436105	7
14.456378	-4
14.476651	1
14.496924	-4
14.517197	-4
14.53747	-2
14.557743	-2
14.578016	-4
14.598289	-10
14.618562	-16
14.638835	-10
14.659108	1
14.679381	2
14.699654	-5
14.719927	4
14.7402	-5
14.760473	6
14.780746	2
14.801019	-3
14.821292	5
14.841565	-2
14.861838	-3
14.882111	11
14.902384	-4
14.922657	10
14.94293	-9
14.963203	-5
14.983476	-9
15.003749	-1
15.024022	3
15.044295	-13
15.064568	1
15.084841	5
15.105114	-1
15.125387	-4
15.14566	7
15.165933	-7
15.186206	-5
15.206479	2
15.226752	4
15.247025	4
15.267298	3
15.287571	8
15.307844	4
15.328117	3
15.34839	-4
15.368663	-5
15.388936	-1
15.409209	6
15.429482	-4
15.449755	-3
15.470028	6
15.490301	0
15.510574	0
15.530847	1
15.55112	-1
15.571393	2
15.591666	-4
15.611939	6
15.632212	5
15.652485	1
15.672758	-3
15.693031	2
15.713304	-3
15.733577	-2
15.75385	7
15.774123	9
15.794396	-5
15.814669	2
15.834942	-2
15.855215	-1
15.875488	7
15.895761	-9
15.916034	-6
15.936307	-5
15.95658	-1
15.976853	-5
15.997126	10
16.017399	-2
16.037672	-5
16.057945	-4
16.078218	0
16.098491	7
16.118764	12
16.139037	18
16.15931	2
16.179583	0
16.199856	2
16.220129	9
16.240402	-2
16.260675	3
16.280948	6
16.301221	-9
16.321494	5
16.341767	-7
16.36204	5
16.382313	-10
16.402586	-11
16.422859	-1
16.443132	9
16.463405	-6
16.483678	0
16.503951	4
16.524224	-4
16.544497	-6
16.56477	-1
16.585043	-4
16.605316	-5
16.625589	1
16.645862	12
16.666135	4
16.686408	-2
16.706681	5
16.726954	-7
16.747227	3
16.7675	5
16.787773	-2
16.808046	-12
16.828319	1
16.848592	-1
16.868865	0
16.889138	4
16.909411	4
16.929684	-9
16.949957	-5
16.97023	-9
16.990503	-4
17.010776	1
17.031049	-2
17.051322	2
17.071595	-8
17.091868	12
17.112141	1
17.132414	14
17.152687	-7
17.17296	-4
17.193233	-4
17.213506	5
17.233779	-2
17.254052	-5
17.274325	2
17.294598	-16
17.314871	-1
17.335144	-4
17.355417	10
17.37569	4
17.395963	-4
17.416236	5
17.436509	-6
17.456782	7
17.477055	4
17.497328	0
17.517601	0
17.537874	-7
17.558147	-2
17.57842	0
17.598693	-12
17.618966	3
17.639239	8
17.659512	-5
17.679785	0
17.700058	5
17.720331	0
17.740604	-5
17.760877	-11
17.78115	4
17.801423	-6
17.821696	12
17.841969	-7
17.862242	6
17.882515	1
17.902788	1
17.923061	-8
17.943334	0
17.963607	-10
17.98388	-5
18.004153	-1
18.024426	10
18.044699	-3
18.064972	1
18.085245	-5
18.105518	-14
18.125791	-11
18.146064	-2
18.166337	-12
18.18661	6
18.206883	-8
18.227156	-12
18.247429	-4
18.267702	-4
18.287975	8
18.308248	6
18.328521	5
18.348794	2
18.369067	9
18.38934	-6
18.409613	8
18.429886	6
18.450159	5
18.470432	-8
18.490705	-2
18.510978	-5
18.531251	-1
18.551524	5
18.571797	6
18.59207	-3
18.612343	6
18.632616	-7
18.652889	-11
18.673162	-2
18.693435	11
18.713708	-5
18.733981	2
18.754254	-6
18.774527	4
18.7948	2
18.815073	5
18.835346	3
18.855619	-10
18.875892	-1
18.896165	0
18.916438	-2
18.936711	3
18.956984	-6
18.977257	8
18.99753	-5
19.017803	-5
19.038076	-4
19.058349	2
19.078622	-3
19.098895	4
19.119168	0
19.139441	-3
19.159714	-10
19.179987	6
19.20026	-15
19.220533	9
19.240806	-10
19.261079	-2
19.281352	5
19.301625	0
19.321898	1
19.342171	-3
19.362444	7
19.382717	3
19.40299	-1
19.423263	-2
19.443536	-13
19.463809	-1
19.484082	-9
19.504355	-4
19.524628	8
19.544901	-5
19.565174	-11
19.585447	14
19.60572	11
19.625993	-9
19.646266	-11
19.666539	-3
19.686812	-9
19.707085	12
19.727358	16
19.747631	-1
19.767904	10
19.788177	-8
19.80845	-5
19.828723	1
19.848996	-17
19.869269	11
19.889542	-6
19.909815	5
19.930088	-8
19.950361	-3
19.970634	-6
19.990907	-3
20.01118	2
20.031453	-7
20.051726	6
20.071999	1
20.092272	-1
20.112545	-1
20.132818	-1
20.153091	-2
20.173364	-1
20.193637	-3
20.21391	-2
20.234183	2
20.254456	-1
20.274729	-8
20.295002	2
20.315275	13
20.335548	0
20.355821	-4
20.376094	15
20.396367	4
20.41664	-10
20.436913	-12
20.457186	8
20.477459	11
20.497732	-4
20.518005	-2
20.538278	6
20.558551	4
20.578824	-2
20.599097	-9
20.61937	-12
20.639643	-1
20.659916	17
20.680189	2
20.700462	0
20.720735	-4
20.741008	-2
20.761281	-4
20.781554	11
20.801827	19
20.8221	2
20.842373	-5
20.862646	7
20.882919	-11
20.903192	0
20.923465	-12
20.943738	-9
20.964011	7
20.984284	2
21.004557	-6
21.02483	-13
21.045103	-13
21.065376	-8
21.085649	-7
21.105922	-4
21.126195	-5
21.146468	-3
21.166741	-10
21.187014	1
21.207287	-7
21.22756	-10
21.247833	-11
21.268106	4
21.288379	-2
21.308652	3
21.328925	-16
21.349198	-6
21.369471	-7
21.389744	-14
21.410017	5
21.43029	-13
21.450563	-10
21.470836	0
21.491109	-3
21.511382	-1
21.531655	-13
21.551928	13
21.572201	-7
21.592474	-3
21.612747	15
21.63302	-11
21.653293	-2
21.673566	-7
21.693839	8
21.714112	-17
21.734385	-4
21.754658	-2
21.774931	-11
21.795204	-18
21.815477	-3
21.83575	-4
21.856023	-11
21.876296	4
21.896569	-5
21.916842	-4
21.937115	1
21.957388	9
21.977661	5
21.997934	-4
22.018207	-1
22.03848	-8
22.058753	-7
22.079026	3
22.099299	-10
22.119572	-8
22.139845	-1
22.160118	0
22.180391	6
22.200664	-5
22.220937	5
22.24121	-9
22.261483	-4
22.281756	-11
22.302029	5
22.322302	7
22.342575	-3
22.362848	2
22.383121	6
22.403394	4
22.423667	-1
22.44394	14
22.464213	-11
22.484486	11
22.504759	-4
22.525032	-5
22.545305	-3
22.565578	-1
22.585851	6
22.606124	6
22.626397	9
22.64667	-8
22.666943	3
22.687216	-11
22.707489	3
22.727762	5
22.748035	-7
22.768308	5
22.788581	0
22.808854	-6
22.829127	-4
22.8494	9
22.869673	9
22.889946	7
22.910219	3
22.930492	1
22.950765	-8
22.971038	-9
22.991311	6
23.011584	-8
23.031857	-6
23.05213	7
23.072403	3
23.092676	1
23.112949	0
23.133222	-5
23.153495	3
23.173768	6
23.194041	-3
23.214314	8
23.234587	-5
23.25486	-3
23.275133	-14
23.295406	0
23.315679	-7
23.335952	-3
23.356225	7
23.376498	7
23.396771	-1
23.417044	9
23.437317	7
23.45759	-1
23.477863	4
23.498136	-5
23.518409	-3
23.538682	2
23.558955	-4
23.579228	4
23.599501	-2
23.619774	12
23.640047	4
23.66032	-4
23.680593	-1
23.700866	-7
23.721139	-8
23.741412	0
23.761685	1
23.781958	-4
23.802231	4
23.822504	6
23.842777	7
23.86305	3
23.883323	-10
23.903596	-3
23.923869	4
23.944142	5
23.964415	2
23.984688	3
24.004961	11
24.025234	0
24.045507	18
24.06578	6
24.086053	8
24.106326	1
24.126599	17
24.146872	12
24.167145	10
24.187418	1
24.207691	0
24.227964	-13
24.248237	5
24.26851	-2
24.288783	4
24.309056	2
24.329329	0
24.349602	-5
24.369875	-3
24.390148	-5
24.410421	1
24.430694	-2
24.450967	3
24.47124	3
24.491513	-11
24.511786	-6
24.532059	11
24.552332	-3
24.572605	-12
24.592878	-2
24.613151	-2
24.633424	-15
24.653697	-11
24.67397	0
24.694243	0
24.714516	-14
24.734789	-1
24.755062	3
24.775335	-16
24.795608	-15
24.815881	-11
24.836154	-8
24.856427	-12
24.8767	-18
24.896973	3
24.917246	-13
24.937519	-1
24.957792	-1
24.978065	-3
24.998338	6
25.018611	-7
25.038884	-5
25.059157	5
25.07943	7
25.099703	-2
25.119976	12
25.140249	-4
25.160522	18
25.180795	11
25.201068	5
25.221341	3
25.241614	4
25.261887	7
25.28216	13
25.302433	7
25.322706	7
25.342979	14
25.363252	6
25.383525	4
25.403798	5
25.424071	4
25.444344	4
25.464617	6
25.48489	6
25.505163	18
25.525436	9
25.545709	12
25.565982	2
25.586255	10
25.606528	2
25.626801	1
25.647074	1
25.667347	5
25.68762	5
25.707893	-8
25.728166	3
25.748439	-3
25.768712	7
25.788985	3
25.809258	8
25.829531	9
25.849804	3
25.870077	1
25.89035	5
25.910623	7
25.930896	5
25.951169	8
25.971442	10
25.991715	13
26.011988	16
26.032261	18
26.052534	17
26.072807	19
26.09308	17
26.113353	16
26.133626	15
26.153899	12
26.174172	8
26.194445	11
26.214718	9
26.234991	18
26.255264	2
26.275537	18
26.29581	5
26.316083	11
26.336356	-5
26.356629	-5
26.376902	10
26.397175	-10
26.417448	8
26.437721	1
26.457994	0
26.478267	3
26.49854	-17
26.518813	-2
26.539086	17
26.559359	5
26.579632	1
26.599905	-3
26.620178	-13
26.640451	3
26.660724	4
26.680997	-3
26.70127	-5
26.721543	-2
26.741816	16
26.762089	0
26.782362	-2
26.802635	-7
26.822908	7
26.843181	-4
26.863454	1
26.883727	6
26.904	-6
26.924273	-8
26.944546	9
26.964819	8
26.985092	6
27.005365	5
27.025638	-4
27.045911	0
27.066184	2
27.086457	0
27.10673	3
27.127003	0
27.147276	8
27.167549	-8
27.187822	0
27.208095	7
27.228368	0
27.248641	1
27.268914	13
27.289187	-12
27.30946	-4
27.329733	16
27.350006	-4
27.370279	8
27.390552	3
27.410825	0
27.431098	-17
27.451371	10
27.471644	8
27.491917	-8
27.51219	3
27.532463	-6
27.552736	1
27.573009	2
27.593282	-3
27.613555	17
27.633828	-8
27.654101	-8
27.674374	-6
27.694647	-4
27.71492	-10
27.735193	11
27.755466	-4
27.775739	-3
27.796012	-1
27.816285	-2
27.836558	4
27.856831	3
27.877104	-10
27.897377	-11
27.91765	-7
27.937923	-2
27.958196	8
27.978469	-4
27.998742	12
28.019015	3
28.039288	-3
28.059561	4
28.079834	7
28.100107	5
28.12038	-1
28.140653	-19
28.160926	-2
28.181199	9
28.201472	-6
28.221745	-2
28.242018	-8
28.262291	-10
28.282564	-5
28.302837	0
28.32311	-17
28.343383	-2
28.363656	5
28.383929	10
28.404202	-12
28.424475	6
28.444748	1
28.465021	-17
28.485294	-2
28.505567	-8
28.52584	-7
28.546113	5
28.566386	-13
28.586659	-2
28.606932	-4
28.627205	7
28.647478	5
28.667751	-8
28.688024	-5
28.708297	11
28.72857	0
28.748843	9
28.769116	-5
28.789389	2
28.809662	3
28.829935	7
28.850208	14
28.870481	3
28.890754	10
28.911027	-3
28.9313	11
28.951573	5
28.971846	12
28.992119	5
29.012392	7
29.032665	11
29.052938	8
29.073211	5
29.093484	5
29.113757	7
29.13403	19
29.154303	9
29.174576	4
29.194849	3
29.215122	0
29.235395	3
29.255668	-3
29.275941	16
29.296214	7
29.316487	2
29.33676	2
29.357033	-3
29.377306	11
29.397579	-8
29.417852	-3
29.438125	2
29.458398	14
29.478671	0
29.498944	-11
29.519217	-2
29.53949	-2
29.559763	-2
29.580036	7
29.600309	-1
29.620582	5
29.640855	4
29.661128	11
29.681401	-7
29.701674	8
29.721947	5
29.74222	1
29.762493	3
29.782766	1
29.803039	4
29.823312	-5
29.843585	3
29.863858	2
29.884131	-9
29.904404	-5
29.924677	-2
29.94495	14
29.965223	-12
29.985496	6
30.005769	0
30.026042	-9
30.046315	15
30.066588	1
30.086861	-2
30.107134	11
30.127407	1
30.14768	3
30.167953	-2
30.188226	0
30.208499	3
30.228772	1
30.249045	-1
30.269318	4
30.289591	5
30.309864	1
30.330137	13
30.35041	-7
30.370683	-7
30.390956	1
30.411229	-2
30.431502	1
30.451775	15
30.472048	7
30.492321	6
30.512594	-9
30.532867	-1
30.55314	0
30.573413	1
30.593686	-4
30.613959	-4
30.634232	2
30.654505	15
30.674778	1
30.695051	7
30.715324	-4
30.735597	4
30.75587	-4
30.776143	9
30.796416	-5
30.816689	1
30.836962	-1
30.857235	3
30.877508	4
30.897781	-4
30.918054	8
30.938327	-1
30.9586	3
30.978873	1
30.999146	7
31.019419	-7
31.039692	10
31.059965	1
31.080238	6
31.100511	8
31.120784	9
31.141057	0
31.16133	0
31.181603	-3
31.201876	-3
31.222149	4
31.242422	-4
31.262695	4
31.282968	2
31.303241	-5
31.323514	10
31.343787	13
31.36406	-2
31.384333	-6
31.404606	2
31.424879	-3
31.445152	-1
31.465425	11
31.485698	0
31.505971	5
31.526244	-2
31.546517	6
31.56679	12
31.587063	-2
31.607336	-1
31.627609	-2
31.647882	4
31.668155	-2
31.688428	-2
31.708701	1
31.728974	19
31.749247	4
31.76952	-13
31.789793	3
31.810066	-6
31.830339	12
31.850612	4
31.870885	4
31.891158	-3
31.911431	-13
31.931704	6
31.951977	-2
31.97225	-6
31.992523	-3
32.012796	-9
32.033069	-3
32.053342	2
32.073615	12
32.093888	-1
32.114161	4
32.134434	1
32.154707	-4
32.17498	-6
32.195253	-3
32.215526	7
32.235799	3
32.256072	12
32.276345	-2
32.296618	-2
32.316891	4
32.337164	1
32.357437	-8
32.37771	1
32.397983	3
32.418256	-14
32.438529	3
32.458802	-12
32.479075	-3
32.499348	11
32.519621	-11
32.539894	1
32.560167	-6
32.58044	-8
32.600713	-9
32.620986	-13
32.641259	2
32.661532	2
32.681805	-9
32.702078	5
32.722351	-9
32.742624	8
32.762897	-5
32.78317	-2
32.803443	4
32.823716	-1
32.843989	-8
32.864262	1
32.884535	-3
32.904808	19
32.925081	4
32.945354	-2
32.965627	0
32.9859	-11
33.006173	3
33.026446	15
33.046719	4
33.066992	2
33.087265	-1
33.107538	-18
33.127811	6
33.148084	-1
33.168357	7
33.18863	-6
33.208903	4
33.229176	4
33.249449	-8
33.269722	-8
33.289995	-15
33.310268	2
33.330541	-4
33.350814	0
33.371087	-3
33.39136	-3
33.411633	14
33.431906	-11
33.452179	2
33.472452	-3
33.492725	-12
33.512998	-2
33.533271	10
33.553544	-12
33.573817	9
33.59409	6
33.614363	15
33.634636	-3
33.654909	-5
33.675182	-3
33.695455	-14
33.715728	-12
33.736001	-8
33.756274	-4
33.776547	1
33.79682	-10
33.817093	8
33.837366	0
33.857639	6
33.877912	11
33.898185	8
33.918458	-1
33.938731	-5
33.959004	5
33.979277	10
33.99955	-7
34.019823	8
34.040096	-6
34.060369	-3
34.080642	4
34.100915	-1
34.121188	-4
34.141461	-2
34.161734	-11
34.182007	-2
34.20228	2
34.222553	-3
34.242826	-6
34.263099	-1
34.283372	3
34.303645	4
34.323918	12
34.344191	6
34.364464	0
34.384737	3
34.40501	4
34.425283	-6
34.445556	7
34.465829	10
34.486102	2
34.506375	7
34.526648	11
34.546921	8
34.567194	-2
34.587467	7
34.60774	-2
34.628013	3
34.648286	4
34.668559	5
34.688832	2
34.709105	-4
34.729378	9
34.749651	16
34.769924	-4
34.790197	15
34.81047	4
34.830743	4
34.851016	8
34.871289	-4
34.891562	10
34.911835	-4
34.932108	3
34.952381	7
34.972654	-2
34.992927	-5
35.0132	5
35.033473	-4
35.053746	-3
35.074019	1
35.094292	6
35.114565	0
35.134838	9
35.155111	3
35.175384	0
35.195657	15
35.21593	12
35.236203	16
35.256476	3
35.276749	-3
35.297022	-3
35.317295	6
35.337568	7
35.357841	4
35.378114	1
35.398387	-4
35.41866	8
35.438933	2
35.459206	-2
35.479479	2
35.499752	1
35.520025	10
35.540298	3
35.560571	1
35.580844	4
35.601117	10
35.62139	7
35.641663	0
35.661936	-1
35.682209	-5
35.702482	-6
35.722755	12
35.743028	-3
35.763301	6
35.783574	0
35.803847	2
35.82412	-2
35.844393	1
35.864666	0
35.884939	-13
35.905212	2
35.925485	6
35.945758	3
35.966031	3
35.986304	6
36.006577	3
36.02685	8
36.047123	-1
36.067396	-9
36.087669	2
36.107942	3
36.128215	4
36.148488	11
36.168761	-1
36.189034	6
36.209307	-4
36.22958	1
36.249853	-6
36.270126	-1
36.290399	1
36.310672	-1
36.330945	2
36.351218	-4
36.371491	-5
36.391764	7
36.412037	-8
36.43231	-11
36.452583	8
36.472856	-3
36.493129	1
36.513402	5
36.533675	-5
36.553948	-4
36.574221	1
36.594494	-2
36.614767	-4
36.63504	0
36.655313	-10
36.675586	-1
36.695859	6
36.716132	14
36.736405	8
36.756678	0
36.776951	8
36.797224	2
36.817497	11
36.83777	-9
36.858043	12
36.878316	-2
36.898589	8
36.918862	9
36.939135	8
36.959408	18
36.979681	10
36.999954	13
37.020227	13
37.0405	7
37.060773	5
37.081046	11
37.101319	0
37.121592	-9
37.141865	9
37.162138	-2
37.182411	12
37.202684	0
37.222957	5
37.24323	1
37.263503	6
37.283776	5
37.304049	11
37.324322	-4
37.344595	10
37.364868	0
37.385141	-9
37.405414	2
37.425687	-2
37.44596	3
37.466233	2
37.486506	2
37.506779	-5
37.527052	0
37.547325	-6
37.567598	-4
37.587871	-2
37.608144	-7
37.628417	6
37.64869	-5
37.668963	1
37.689236	9
37.709509	-7
37.729782	4
37.750055	6
37.770328	5
37.790601	-6
37.810874	1
37.831147	5
37.85142	0
37.871693	3
37.891966	3
37.912239	-2
37.932512	-8
37.952785	9
37.973058	4
37.993331	11
38.013604	3
38.033877	-6
38.05415	2
38.074423	-2
38.094696	-3
38.114969	-5
38.135242	-5
38.155515	4
38.175788	-8
38.196061	1
38.216334	4
38.236607	-8
38.25688	3
38.277153	-4
38.297426	3
38.317699	-5
38.337972	-5
38.358245	-4
38.378518	1
38.398791	1
38.419064	-1
38.439337	7
38.45961	-2
38.479883	0
38.500156	1
38.520429	0
38.540702	4
38.560975	5
38.581248	-5
38.601521	13
38.621794	-9
38.642067	-1
38.66234	-11
38.682613	-5
38.702886	2
38.723159	2
38.743432	1
38.763705	-4
38.783978	-1
38.804251	-1
38.824524	1
38.844797	3
38.86507	-7
38.885343	-1
38.905616	2
38.925889	0
38.946162	3
38.966435	2
38.986708	1
39.006981	-4
39.027254	-6
39.047527	7
39.0678	0
39.088073	-2
39.108346	-6
39.128619	8
39.148892	2
39.169165	-1
39.189438	1
39.209711	-4
39.229984	-2
39.250257	6
39.27053	-4
39.290803	8
39.311076	-5
39.331349	0
39.351622	1
39.371895	2
39.392168	-3
39.412441	1
39.432714	-1
39.452987	-5
39.47326	-5
39.493533	0
39.513806	6
39.534079	-3
39.554352	8
39.574625	-9
39.594898	0
39.615171	-8
39.635444	-5
39.655717	1
39.67599	-9
39.696263	-3
39.716536	7
39.736809	5
39.757082	3
39.777355	6
39.797628	0
39.817901	-4
39.838174	-15
39.858447	4
39.87872	5
39.898993	-6
39.919266	0
39.939539	-5
39.959812	0
39.980085	2
40.000358	5
40.020631	0
40.040904	12
40.061177	-2
40.08145	-2
40.101723	-6
40.121996	5
40.142269	-5
40.162542	-1
40.182815	0
40.203088	-4
40.223361	5
40.243634	-2
40.263907	2
40.28418	-2
40.304453	-1
40.324726	-6
40.344999	-8
40.365272	0
40.385545	5
40.405818	-9
40.426091	-7
40.446364	0
40.466637	1
40.48691	4
40.507183	6
40.527456	2
40.547729	-1
40.568002	-3
40.588275	0
40.608548	-1
40.628821	-4
40.649094	4
40.669367	3
40.68964	-8
40.709913	0
40.730186	2
40.750459	-2
40.770732	7
40.791005	2
40.811278	3
40.831551	-1
40.851824	4
40.872097	5
40.89237	-7
40.912643	5
40.932916	-7
40.953189	-2
40.973462	-3
40.993735	3
41.014008	7
41.034281	-2
41.054554	-3
41.074827	-10
41.0951	2
41.115373	5
41.135646	4
41.155919	4
41.176192	-3
41.196465	2
41.216738	-6
41.237011	-6
41.257284	8
41.277557	-4
41.29783	3
41.318103	3
41.338376	-8
41.358649	1
41.378922	3
41.399195	2
41.419468	2
41.439741	2
41.460014	4
41.480287	-7
41.50056	-4
41.520833	4
41.541106	7
41.561379	2
41.581652	-3
41.601925	3
41.622198	6
41.642471	7
41.662744	-2
41.683017	3
41.70329	5
41.723563	-7
41.743836	9
41.764109	-1
41.784382	-4
41.804655	3
41.824928	7
41.845201	0
41.865474	-2
41.885747	1
41.90602	9
41.926293	5
41.946566	4
41.966839	-4
41.987112	0
42.007385	-5
42.027658	4
42.047931	-4
42.068204	-2
42.088477	3
42.10875	-6
42.129023	2
42.149296	2
42.169569	0
42.189842	3
42.210115	6
42.230388	7
42.250661	-3
42.270934	-2
42.291207	7
42.31148	-5
42.331753	0
42.352026	4
42.372299	4
42.392572	2
42.412845	11
42.433118	10
42.453391	8
42.473664	4
42.493937	-1
42.51421	0
42.534483	1
42.554756	-7
42.575029	5
42.595302	-1
42.615575	2
42.635848	-2
42.656121	2
42.676394	-7
42.696667	1
42.71694	-6
42.737213	-2
42.757486	-4
42.777759	2
42.798032	8
42.818305	-7
42.838578	-4
42.858851	1
42.879124	5
42.899397	0
42.91967	0
42.939943	1
42.960216	0
42.980489	1
43.000762	-5
43.021035	1
43.041308	0
43.061581	-7
43.081854	-10
43.102127	-4
43.1224	-5
43.142673	-8
43.162946	1
43.183219	-2
43.203492	-3
43.223765	-2
43.244038	4
43.264311	0
43.284584	-5
43.304857	-1
43.32513	0
43.345403	-4
43.365676	-5
43.385949	-4
43.406222	4
43.426495	2
43.446768	4
43.467041	-1
43.487314	-3
43.507587	4
43.52786	-12
43.548133	10
43.568406	1
43.588679	0
43.608952	2
43.629225	1
43.649498	-2
43.669771	-8
43.690044	-1
43.710317	6
43.73059	-2
43.750863	-4
43.771136	-6
43.791409	8
43.811682	-5
43.831955	-4
43.852228	-5
43.872501	5
43.892774	0
43.913047	-4
43.93332	-4
43.953593	-4
43.973866	-11
43.994139	-2
44.014412	2
44.034685	1
44.054958	-2
44.075231	2
44.095504	1
44.115777	0
44.13605	7
44.156323	5
44.176596	1
44.196869	-5
44.217142	3
44.237415	4
44.257688	7
44.277961	-11
44.298234	-4
44.318507	7
44.33878	6
44.359053	4
44.379326	-7
44.399599	2
44.419872	5
44.440145	8
44.460418	3
44.480691	0
44.500964	6
44.521237	-4
44.54151	2
44.561783	2
44.582056	2
44.602329	7
44.622602	-2
44.642875	-2
44.663148	-6
44.683421	2
44.703694	11
44.723967	7
44.74424	2
44.764513	9
44.784786	11
44.805059	8
44.825332	0
44.845605	2
44.865878	2
44.886151	6
44.906424	-1
44.926697	-7
44.94697	4
44.967243	-2
44.987516	-4
45.007789	0
45.028062	1
45.048335	-4
45.068608	5
45.088881	-1
45.109154	-1
45.129427	1
45.1497	-4
45.169973	13
45.190246	5
45.210519	6
45.230792	-11
45.251065	-4
45.271338	10
45.291611	6
45.311884	1
45.332157	4
45.35243	-1
45.372703	3
45.392976	-4
45.413249	-6
45.433522	-10
45.453795	5
45.474068	3
45.494341	-2
45.514614	-4
45.534887	-6
45.55516	2
45.575433	5
45.595706	-9
45.615979	1
45.636252	-1
45.656525	-3
45.676798	-2
45.697071	5
45.717344	6
45.737617	2
45.75789	2
45.778163	-10
45.798436	7
45.818709	-5
45.838982	3
45.859255	1
45.879528	-2
45.899801	-5
45.920074	3
45.940347	-10
45.96062	10
45.980893	4
46.001166	2
46.021439	-2
46.041712	3
46.061985	1
46.082258	-1
46.102531	-1
46.122804	2
46.143077	-9
46.16335	2
46.183623	-1
46.203896	-1
46.224169	3
46.244442	-8
46.264715	1
46.284988	1
46.305261	10
46.325534	-8
46.345807	7
46.36608	-3
46.386353	-6
46.406626	0
46.426899	2
46.447172	3
46.467445	-4
46.487718	3
46.507991	4
46.528264	-2
46.548537	2
46.56881	-11
46.589083	4
46.609356	6
46.629629	-1
46.649902	-3
46.670175	3
46.690448	3
46.710721	4
46.730994	2
46.751267	-2
46.77154	-4
46.791813	13
46.812086	-2
46.832359	-2
46.852632	-6
46.872905	11
46.893178	1
46.913451	-3
46.933724	8
46.953997	8
46.97427	7
46.994543	-1
47.014816	10
47.035089	-2
47.055362	-4
47.075635	-2
47.095908	-1
47.116181	-2
47.136454	-3
47.156727	3
47.177	-3
47.197273	-4
47.217546	0
47.237819	-1
47.258092	-1
47.278365	-2
47.298638	9
47.318911	-6
47.339184	-1
47.359457	-5
47.37973	-1
47.400003	-2
47.420276	-2
47.440549	-6
47.460822	0
47.481095	5
47.501368	-1
47.521641	1
47.541914	3
47.562187	14
47.58246	-1
47.602733	-4
47.623006	6
47.643279	-7
47.663552	1
47.683825	4
47.704098	2
47.724371	5
47.744644	7
47.764917	2
47.78519	0
47.805463	-1
47.825736	-14
47.846009	0
47.866282	2
47.886555	5
47.906828	1
47.927101	15
47.947374	3
47.967647	2
47.98792	13
48.008193	7
48.028466	1
48.048739	5
48.069012	1
48.089285	5
48.109558	4
48.129831	1
48.150104	3
48.170377	1
48.19065	6
48.210923	11
48.231196	2
48.251469	2
48.271742	19
48.292015	0
48.312288	4
48.332561	5
48.352834	10
48.373107	2
48.39338	11
48.413653	1
48.433926	-8
48.454199	8
48.474472	6
48.494745	2
48.515018	-9
48.535291	4
48.555564	0
48.575837	0
48.59611	2
48.616383	2
48.636656	1
48.656929	-4
48.677202	-4
48.697475	-2
48.717748	-7
48.738021	-5
48.758294	9
48.778567	0
48.79884	-6
48.819113	-5
48.839386	1
48.859659	-11
48.879932	-2
48.900205	-2
48.920478	3
48.940751	-7
48.961024	0
48.981297	-5
49.00157	4
49.021843	4
49.042116	-4
49.062389	-2
49.082662	-2
49.102935	1
49.123208	8
49.143481	10
49.163754	-6
49.184027	-7
49.2043	1
49.224573	6
49.244846	-2
49.265119	-4
49.285392	-3
49.305665	-2
49.325938	0
49.346211	8
49.366484	-2
49.386757	11
49.40703	-3
49.427303	-2
49.447576	2
49.467849	-2
49.488122	-1
49.508395	-3
49.528668	-1
49.548941	3
49.569214	-12
49.589487	6
49.60976	7
49.630033	4
49.650306	2
49.670579	-8
49.690852	3
49.711125	3
49.731398	-2
49.751671	-6
49.771944	-7
49.792217	6
49.81249	4
49.832763	1
49.853036	-1
49.873309	1
49.893582	-7
49.913855	0
49.934128	-6
49.954401	5
49.974674	0
49.994947	10
50.01522	-3
50.035493	-1
50.055766	3
50.076039	-10
50.096312	-2
50.116585	-9
50.136858	-10
50.157131	1
50.177404	-17
50.197677	0
50.21795	1
50.238223	1
50.258496	-2
50.278769	-11
50.299042	-12
50.319315	0
50.339588	2
50.359861	-5
50.380134	3
50.400407	6
50.42068	7
50.440953	-4
50.461226	-2
50.481499	-1
50.501772	-1
50.522045	-6
50.542318	7
50.562591	1
50.582864	-2
50.603137	-1
50.62341	-9
50.643683	-4
50.663956	3
50.684229	4
50.704502	1
50.724775	-14
50.745048	-8
50.765321	8
50.785594	-7
50.805867	-7
50.82614	5
50.846413	4
50.866686	-1
50.886959	1
50.907232	3
50.927505	-5
50.947778	-2
50.968051	-3
50.988324	1
51.008597	7
51.02887	2
51.049143	2
51.069416	-1
51.089689	-8
51.109962	8
51.130235	-8
51.150508	7
51.170781	9
51.191054	-14
51.211327	0
51.2316	-2
51.251873	1
51.272146	3
51.292419	11
51.312692	-4
51.332965	1
51.353238	-2
51.373511	0
51.393784	-7
51.414057	0
51.43433	-4
51.454603	4
51.474876	-4
51.495149	7
51.515422	12
51.535695	7
51.555968	-3
51.576241	1
51.596514	-4
51.616787	-7
51.63706	1
51.657333	2
51.677606	3
51.697879	-5
51.718152	-6
51.738425	-1
51.758698	2
51.778971	-4
51.799244	-5
51.819517	9
51.83979	5
51.860063	0
51.880336	7
51.900609	1
51.920882	-2
51.941155	0
51.961428	8
51.981701	1
52.001974	0
52.022247	-4
52.04252	-8
52.062793	3
52.083066	-2
52.103339	3
52.123612	-2
52.143885	-6
52.164158	-1
52.184431	5
52.204704	-2
52.224977	0
52.24525	-4
52.265523	2
52.285796	4
52.306069	3
52.326342	1
52.346615	3
52.366888	0
52.387161	-2
52.407434	-4
52.427707	8
52.44798	9
52.468253	2
52.488526	5
52.508799	-3
52.529072	-1
52.549345	-3
52.569618	-7
52.589891	-2
52.610164	-3
52.630437	10
52.65071	-4
52.670983	1
52.691256	3
52.711529	3
52.731802	-1
52.752075	-10
52.772348	-2
52.792621	-1
52.812894	-2
52.833167	-2
52.85344	2
52.873713	-2
52.893986	2
52.914259	-2
52.934532	-2
52.954805	0
52.975078	-2
52.995351	-5
53.015624	4
53.035897	6
53.05617	-5
53.076443	0
53.096716	-5
53.116989	7
53.137262	-2
53.157535	-6
53.177808	9
53.198081	3
53.218354	6
53.238627	-5
53.2589	-7
53.279173	-7
53.299446	-2
53.319719	-1
53.339992	-4
53.360265	4
53.380538	-11
53.400811	2
53.421084	-5
53.441357	2
53.46163	3
53.481903	-1
53.502176	2
53.522449	3
53.542722	11
53.562995	5
53.583268	7
53.603541	1
53.623814	1
53.644087	1
53.66436	0
53.684633	5
53.704906	4
53.725179	3
53.745452	7
53.765725	7
53.785998	3
53.806271	5
53.826544	-7
53.846817	-6
53.86709	6
53.887363	2
53.907636	-7
53.927909	-1
53.948182	5
53.968455	1
53.988728	3
54.009001	-5
54.029274	9
54.049547	0
54.06982	1
54.090093	-4
54.110366	-2
54.130639	-1
54.150912	4
54.171185	-5
54.191458	2
54.211731	4
54.232004	-1
54.252277	6
54.27255	-5
54.292823	-4
54.313096	2
54.333369	4
54.353642	2
54.373915	-1
54.394188	-2
54.414461	-7
54.434734	-3
54.455007	3
54.47528	-2
54.495553	-7
54.515826	-6
54.536099	-5
54.556372	-1
54.576645	3
54.596918	-4
54.617191	-3
54.637464	1
54.657737	-4
54.67801	-2
54.698283	15
54.718556	2
54.738829	-3
54.759102	2
54.779375	-1
54.799648	1
54.819921	-1
54.840194	-3
54.860467	6
54.88074	-3
54.901013	-3
54.921286	6
54.941559	2
54.961832	-2
54.982105	2
55.002378	-4
55.022651	-3
55.042924	-7
55.063197	-5
55.08347	-12
55.103743	-5
55.124016	-5
55.144289	-1
55.164562	-1
55.184835	-5
55.205108	-1
55.225381	6
55.245654	0
55.265927	1
55.2862	4
55.306473	-1
55.326746	3
55.347019	2
55.367292	-1
55.387565	-2
55.407838	0
55.428111	1
55.448384	5
55.468657	1
55.48893	0
55.509203	1
55.529476	9
55.549749	1
55.570022	1
55.590295	-8
55.610568	-3
55.630841	-4
55.651114	3
55.671387	0
55.69166	5
55.711933	6
55.732206	5
55.752479	-1
55.772752	2
55.793025	-8
55.813298	-4
55.833571	1
55.853844	-2
55.874117	-10
55.89439	-3
55.914663	-4
55.934936	-1
55.955209	0
55.975482	1
55.995755	-3
56.016028	-1
56.036301	-1
56.056574	-11
56.076847	-3
56.09712	6
56.117393	1
56.137666	12
56.157939	2
56.178212	0
56.198485	-1
56.218758	1
56.239031	3
56.259304	7
56.279577	-1
56.29985	7
56.320123	-6
56.340396	-8
56.360669	4
56.380942	-5
56.401215	-6
56.421488	-4
56.441761	7
56.462034	-1
56.482307	0
56.50258	-6
56.522853	-3
56.543126	-10
56.563399	-8
56.583672	-1
56.603945	2
56.624218	-6
56.644491	-7
56.664764	-6
56.685037	-6
56.70531	-1
56.725583	2
56.745856	-2
56.766129	4
56.786402	-3
56.806675	-5
56.826948	-4
56.847221	-6
56.867494	-2
56.887767	-1
56.90804	2
56.928313	-2
56.948586	-3
56.968859	4
56.989132	4
57.009405	-2
57.029678	7
57.049951	-4
57.070224	0
57.090497	1
57.11077	5
57.131043	3
57.151316	-2
57.171589	-1
57.191862	-3
57.212135	4
57.232408	-2
57.252681	6
57.272954	-5
57.293227	-1
57.3135	-2
57.333773	5
57.354046	3
57.374319	6
57.394592	7
57.414865	-1
57.435138	-3
57.455411	-4
57.475684	2
57.495957	6
57.51623	-5
57.536503	12
57.556776	2
57.577049	-2
57.597322	-5
57.617595	5
57.637868	-8
57.658141	-2
57.678414	-2
57.698687	1
57.71896	1
57.739233	1
57.759506	6
57.779779	-3
57.800052	7
57.820325	-5
57.840598	5
57.860871	-1
57.881144	6
57.901417	11
57.92169	2
57.941963	0
57.962236	4
57.982509	5
58.002782	4
58.023055	0
58.043328	6
58.063601	5
58.083874	-2
58.104147	7
58.12442	4
58.144693	-6
58.164966	-1
58.185239	6
58.205512	2
58.225785	2
58.246058	2
58.266331	0
58.286604	5
58.306877	2
58.32715	3
58.347423	0
58.367696	12
58.387969	0
58.408242	-6
58.428515	-4
58.448788	0
58.469061	-3
58.489334	-1
58.509607	2
58.52988	-3
58.550153	3
58.570426	-1
58.590699	3
58.610972	2
58.631245	-5
58.651518	0
58.671791	-3
58.692064	-8
58.712337	-5
58.73261	3
58.752883	3
58.773156	0
58.793429	0
58.813702	-2
58.833975	0
58.854248	-6
58.874521	8
58.894794	-7
58.915067	-3
58.93534	4
58.955613	3
58.975886	7
58.996159	-3
59.016432	6
59.036705	-5
59.056978	-1
59.077251	1
59.097524	2
59.117797	-6
59.13807	1
59.158343	4
59.178616	0
59.198889	0
59.219162	-2
59.239435	-4
59.259708	-1
59.279981	5
59.300254	0
59.320527	1
59.3408	2
59.361073	5
59.381346	-1
59.401619	2
59.421892	-3
59.442165	7
59.462438	-6
59.482711	-3
59.502984	-3
59.523257	-3
59.54353	7
59.563803	-1
59.584076	7
59.604349	3
59.624622	-2
59.644895	1
59.665168	-2
59.685441	2
59.705714	1
59.725987	-1
59.74626	2
59.766533	0
59.786806	0
59.807079	9
59.827352	-5
59.847625	-2
59.867898	-5
59.888171	5
59.908444	-6
59.928717	2
59.94899	6
59.969263	-3
59.989536	-1
60.009809	-6
60.030082	-2
60.050355	3
60.070628	-2
60.090901	5
60.111174	1
60.131447	7
60.15172	-2
60.171993	1
60.192266	2
60.212539	-5
60.232812	11
60.253085	-3
60.273358	3
60.293631	0
60.313904	1
60.334177	-4
60.35445	-3
60.374723	1
60.394996	2
60.415269	-6
60.435542	-5
60.455815	-7
60.476088	2
60.496361	1
60.516634	0
60.536907	-1
60.55718	0
60.577453	1
60.597726	3
60.617999	3
60.638272	-4
60.658545	3
60.678818	6
60.699091	3
60.719364	-1
60.739637	-2
60.75991	-1
60.780183	-6
60.800456	0
60.820729	2
60.841002	-2
60.861275	-2
60.881548	-2
60.901821	-7
60.922094	-3
60.942367	0
60.96264	-4
60.982913	-5
61.003186	1
61.023459	-4
61.043732	-7
61.064005	2
61.084278	2
61.104551	7
61.124824	-1
61.145097	0
61.16537	0
61.185643	4
61.205916	-9
61.226189	3
61.246462	-2
61.266735	3
61.287008	5
61.307281	-4
61.327554	1
61.347827	0
61.3681	0
61.388373	3
61.408646	-2
61.428919	-4
61.449192	6
61.469465	4
61.489738	1
61.510011	-6
61.530284	-4
61.550557	5
61.57083	8
61.591103	7
61.611376	6
61.631649	10
61.651922	7
61.672195	3
61.692468	6
61.712741	5
61.733014	-2
61.753287	4
61.77356	6
61.793833	-3
61.814106	-1
61.834379	3
61.854652	4
61.874925	17
61.895198	-3
61.915471	-5
61.935744	2
61.956017	-3
61.97629	0
61.996563	3
62.016836	4
62.037109	-2
62.057382	2
62.077655	8
62.097928	4
62.118201	6
62.138474	3
62.158747	-2
62.17902	-2
62.199293	-2
62.219566	11
62.239839	9
62.260112	-4
62.280385	4
62.300658	3
62.320931	-1
62.341204	-3
62.361477	-1
62.38175	-2
62.402023	4
62.422296	-6
62.442569	-1
62.462842	3
62.483115	1
62.503388	4
62.523661	3
62.543934	0
62.564207	0
62.58448	0
62.604753	-2
62.625026	-2
62.645299	2
62.665572	0
62.685845	6
62.706118	6
62.726391	-4
62.746664	3
62.766937	-6
62.78721	4
62.807483	-4
62.827756	-3
62.848029	-7
62.868302	-5
62.888575	-11
62.908848	1
62.929121	0
62.949394	-7
62.969667	3
62.98994	7
63.010213	0
63.030486	9
63.050759	2
63.071032	-5
63.091305	0
63.111578	0
63.131851	7
63.152124	1
63.172397	-1
63.19267	2
63.212943	2
63.233216	-2
63.253489	1
63.273762	3
63.294035	0
63.314308	-1
63.334581	-5
63.354854	-5
63.375127	1
63.3954	6
63.415673	2
63.435946	-6
63.456219	8
63.476492	3
63.496765	6
63.517038	3
63.537311	3
63.557584	5
63.577857	1
63.59813	4
63.618403	5
63.638676	13
63.658949	-5
63.679222	-2
63.699495	4
63.719768	4
63.740041	-1
63.760314	3
63.780587	-8
63.80086	-3
63.821133	-1
63.841406	7
63.861679	4
63.881952	-2
63.902225	-1
63.922498	-3
63.942771	-5
63.963044	0
63.983317	8
64.00359	6
64.023863	0
64.044136	3
64.064409	3
64.084682	-3
64.104955	-6
64.125228	4
64.145501	-1
64.165774	-1
64.186047	3
64.20632	3
64.226593	-2
64.246866	10
64.267139	0
64.287412	-2
64.307685	2
64.327958	-1
64.348231	10
64.368504	1
64.388777	2
64.40905	11
64.429323	-7
64.449596	1
64.469869	4
64.490142	3
64.510415	-1
64.530688	0
64.550961	5
64.571234	3
64.591507	4
64.61178	-2
64.632053	9
64.652326	-2
64.672599	8
64.692872	4
64.713145	-1
64.733418	-1
64.753691	1
64.773964	1
64.794237	2
64.81451	1
64.834783	3
64.855056	-3
64.875329	1
64.895602	-4
64.915875	10
64.936148	-2
64.956421	2
64.976694	0
64.996967	6
65.01724	0
65.037513	2
65.057786	2
65.078059	9
65.098332	-13
65.118605	-1
65.138878	4
65.159151	3
65.179424	1
65.199697	4
65.21997	3
65.240243	4
65.260516	-2
65.280789	-1
65.301062	11
65.321335	5
65.341608	9
65.361881	5
65.382154	9
65.402427	6
65.4227	-10
65.442973	-4
65.463246	8
65.483519	2
65.503792	0
65.524065	7
65.544338	-1
65.564611	-3
65.584884	-9
65.605157	4
65.62543	1
65.645703	-7
65.665976	2
65.686249	5
65.706522	4
65.726795	-2
65.747068	2
65.767341	0
65.787614	0
65.807887	-1
65.82816	5
65.848433	5
65.868706	1
65.888979	1
65.909252	3
65.929525	-3
65.949798	-3
65.970071	-7
65.990344	5
66.010617	2
66.03089	-1
66.051163	4
66.071436	3
66.091709	-2
66.111982	4
66.132255	7
66.152528	-6
66.172801	0
66.193074	-4
66.213347	7
66.23362	1
66.253893	1
66.274166	-2
66.294439	4
66.314712	0
66.334985	7
66.355258	-3
66.375531	-3
66.395804	4
66.416077	-1
66.43635	1
66.456623	5
66.476896	-3
66.497169	6
66.517442	4
66.537715	6
66.557988	-4
66.578261	2
66.598534	2
66.618807	2
66.63908	2
66.659353	2
66.679626	1
66.699899	-6
66.720172	11
66.740445	5
66.760718	0
66.780991	4
66.801264	2
66.821537	-5
66.84181	-7
66.862083	-8
66.882356	11
66.902629	0
66.922902	-1
66.943175	3
66.963448	2
66.983721	-1
67.003994	-5
67.024267	3
67.04454	-3
67.064813	10
67.085086	-1
67.105359	-3
67.125632	1
67.145905	1
67.166178	2
67.186451	4
67.206724	2
67.226997	-1
67.24727	-6
67.267543	-6
67.287816	-1
67.308089	-2
67.328362	7
67.348635	0
67.368908	-3
67.389181	-7
67.409454	-3
67.429727	2
67.45	-3
67.470273	-2
67.490546	2
67.510819	-5
67.531092	2
67.551365	4
67.571638	-3
67.591911	2
67.612184	-2
67.632457	2
67.65273	5
67.673003	-1
67.693276	-5
67.713549	4
67.733822	0
67.754095	-3
67.774368	3
67.794641	-1
67.814914	3
67.835187	-2
67.85546	2
67.875733	-5
67.896006	-1
67.916279	3
67.936552	-3
67.956825	4
67.977098	1
67.997371	-1
68.017644	0
68.037917	-3
68.05819	-1
68.078463	2
68.098736	-9
68.119009	9
68.139282	-5
68.159555	2
68.179828	-1
68.200101	4
68.220374	4
68.240647	-2
68.26092	5
68.281193	1
68.301466	2
68.321739	2
68.342012	0
68.362285	-4
68.382558	0
68.402831	5
68.423104	-3
68.443377	0
68.46365	-3
68.483923	0
68.504196	4
68.524469	-5
68.544742	-4
68.565015	7
68.585288	1
68.605561	-2
68.625834	-1
68.646107	-2
68.66638	6
68.686653	-1
68.706926	-5
68.727199	2
68.747472	1
68.767745	-1
68.788018	1
68.808291	-1
68.828564	4
68.848837	-3
68.86911	-1
68.889383	-4
68.909656	5
68.929929	2
68.950202	-1
68.970475	5
68.990748	-1
69.011021	4
69.031294	-1
69.051567	-5
69.07184	0
69.092113	0
69.112386	1
69.132659	0
69.152932	1
69.173205	0
69.193478	-5
69.213751	5
69.234024	-4
69.254297	3
69.27457	-5
69.294843	-1
69.315116	2
69.335389	0
69.355662	2
69.375935	4
69.396208	8
69.416481	5
69.436754	-9
69.457027	-4
69.4773	-2
69.497573	2
69.517846	6
69.538119	-4
69.558392	-1
69.578665	-2
69.598938	1
69.619211	8
69.639484	-2
69.659757	-8
69.68003	0
69.700303	2
69.720576	1
69.740849	-11
69.761122	1
69.781395	-2
69.801668	3
69.821941	5
69.842214	1
69.862487	2
69.88276	7
69.903033	-2
69.923306	0
69.943579	7
69.963852	-2
69.984125	4
70.004398	2
70.024671	-3
70.044944	1
70.065217	2
70.08549	-4
70.105763	5
70.126036	4
70.146309	-2
70.166582	1
70.186855	-4
70.207128	-9
70.227401	6
70.247674	-3
70.267947	0
70.28822	2
70.308493	0
70.328766	7
70.349039	3
70.369312	1
70.389585	-4
70.409858	-1
70.430131	-5
70.450404	1
70.470677	4
70.49095	8
70.511223	-2
70.531496	-3
70.551769	2
70.572042	-1
70.592315	2
70.612588	-3
70.632861	-4
70.653134	-1
70.673407	-8
70.69368	5
70.713953	2
70.734226	0
70.754499	4
70.774772	0
70.795045	-4
70.815318	-1
70.835591	-1
70.855864	-3
70.876137	0
70.89641	1
70.916683	6
70.936956	-3
70.957229	-5
70.977502	-4
70.997775	-1
71.018048	-1
71.038321	3
71.058594	0
71.078867	-4
71.09914	-12
71.119413	-1
71.139686	5
71.159959	2
71.180232	1
71.200505	0
71.220778	1
71.241051	-5
71.261324	3
71.281597	-5
71.30187	1
71.322143	7
71.342416	-3
71.362689	0
71.382962	-4
71.403235	9
71.423508	3
71.443781	1
71.464054	-2
71.484327	1
71.5046	-2
71.524873	-5
71.545146	3
71.565419	8
71.585692	3
71.605965	2
71.626238	-3
71.646511	-1
71.666784	-3
71.687057	-4
71.70733	0
71.727603	4
71.747876	-1
71.768149	-1
71.788422	3
71.808695	-3
71.828968	1
71.849241	-2
71.869514	-2
71.889787	-1
71.91006	-2
71.930333	-4
71.950606	2
71.970879	5
71.991152	5
72.011425	1
72.031698	-1
72.051971	4
72.072244	2
72.092517	2
72.11279	-5
72.133063	2
72.153336	1
72.173609	-5
72.193882	5
72.214155	-2
72.234428	5
72.254701	-1
72.274974	-4
72.295247	-2
72.31552	-4
72.335793	1
72.356066	3
72.376339	-6
72.396612	-4
72.416885	0
72.437158	-1
72.457431	0
72.477704	3
72.497977	-3
72.51825	5
72.538523	3
72.558796	3
72.579069	-2
72.599342	-7
72.619615	3
72.639888	1
72.660161	0
72.680434	-4
72.700707	6
72.72098	0
72.741253	4
72.761526	-5
72.781799	-4
72.802072	-1
72.822345	1
72.842618	-7
72.862891	3
72.883164	2
72.903437	1
72.92371	0
72.943983	2
72.964256	1
72.984529	-6
73.004802	0
73.025075	-4
73.045348	4
73.065621	2
73.085894	3
73.106167	2
73.12644	0
73.146713	1
73.166986	1
73.187259	-1
73.207532	2
73.227805	2
73.248078	-5
73.268351	6
73.288624	2
73.308897	0
73.32917	-1
73.349443	4
73.369716	-2
73.389989	1
73.410262	-3
73.430535	-5
73.450808	-8
73.471081	1
73.491354	2
73.511627	1
73.5319	-1
73.552173	3
73.572446	1
73.592719	-4
73.612992	6
73.633265	2
73.653538	1
73.673811	-7
73.694084	7
73.714357	-3
73.73463	-1
73.754903	2
73.775176	1
73.795449	3
73.815722	2
73.835995	3
73.856268	-1
73.876541	1
73.896814	1
73.917087	-6
73.93736	-7
73.957633	3
73.977906	-2
73.998179	5
74.018452	0
74.038725	-1
74.058998	-8
74.079271	1
74.099544	1
74.119817	5
74.14009	0
74.160363	-4
74.180636	5
74.200909	-1
74.221182	0
74.241455	-3
74.261728	-4
74.282001	0
74.302274	-3
74.322547	3
74.34282	-11
74.363093	-4
74.383366	-4
74.403639	-5
74.423912	-1
74.444185	-2
74.464458	0
74.484731	-2
74.505004	1
74.525277	5
74.54555	1
74.565823	0
74.586096	7
74.606369	3
74.626642	3
74.646915	0
74.667188	-3
74.687461	1
74.707734	1
74.728007	0
74.74828	1
74.768553	-1
74.788826	2
74.809099	-5
74.829372	4
74.849645	4
74.869918	5
74.890191	-2
74.910464	0
74.930737	3
74.95101	0
74.971283	1
74.991556	2
75.011829	4
75.032102	-3
75.052375	7
75.072648	2
75.092921	7
75.113194	2
75.133467	-1
75.15374	4
75.174013	-1
75.194286	-4
75.214559	7
75.234832	0
75.255105	-1
75.275378	-1
75.295651	-7
75.315924	1
75.336197	-2
75.35647	4
75.376743	-1
75.397016	-2
75.417289	2
75.437562	-3
75.457835	0
75.478108	3
75.498381	-5
75.518654	6
75.538927	5
75.5592	1
75.579473	0
75.599746	-1
75.620019	4
75.640292	4
75.660565	-2
75.680838	3
75.701111	-4
75.721384	0
75.741657	2
75.76193	1
75.782203	-1
75.802476	-3
75.822749	4
75.843022	1
75.863295	3
75.883568	10
75.903841	0
75.924114	-1
75.944387	2
75.96466	-5
75.984933	4
76.005206	-2
76.025479	-1
76.045752	2
76.066025	0
76.086298	-2
76.106571	1
76.126844	-9
76.147117	7
76.16739	1
76.187663	0
76.207936	2
76.228209	-2
76.248482	2
76.268755	-1
76.289028	-3
76.309301	3
76.329574	1
76.349847	-2
76.37012	3
76.390393	4
76.410666	-2
76.430939	5
76.451212	-5
76.471485	3
76.491758	-3
76.512031	3
76.532304	2
76.552577	-5
76.57285	1
76.593123	0
76.613396	-2
76.633669	-1
76.653942	0
76.674215	3
76.694488	-4
76.714761	-4
76.735034	-10
76.755307	-2
76.77558	-6
76.795853	-1
76.816126	-1
76.836399	-3
76.856672	0
76.876945	0
76.897218	2
76.917491	1
76.937764	2
76.958037	6
76.97831	-3
76.998583	-1
77.018856	-1
77.039129	6
77.059402	1
77.079675	-4
77.099948	1
77.120221	-5
77.140494	-3
77.160767	-4
77.18104	-1
77.201313	-1
77.221586	-1
77.241859	1
77.262132	-1
77.282405	2
77.302678	4
77.322951	-1
77.343224	0
77.363497	2
77.38377	-3
77.404043	2
77.424316	-3
77.444589	-3
77.464862	-3
77.485135	0
77.505408	2
77.525681	-8
77.545954	1
77.566227	4
77.5865	3
77.606773	1
77.627046	3
77.647319	-1
77.667592	-4
77.687865	-1
77.708138	2
77.728411	2
77.748684	0
77.768957	3
77.78923	-3
77.809503	2
77.829776	2
77.850049	-4
77.870322	0
77.890595	-8
77.910868	-7
77.931141	-3
77.951414	5
77.971687	4
77.99196	3
78.012233	-7
78.032506	-2
78.052779	-2
78.073052	1
78.093325	-3
78.113598	2
78.133871	-1
78.154144	-4
78.174417	-4
78.19469	-1
78.214963	-2
78.235236	-6
78.255509	1
78.275782	1
78.296055	0
78.316328	3
78.336601	3
78.356874	2
78.377147	0
78.39742	-1
78.417693	-2
78.437966	-6
78.458239	-3
78.478512	1
78.498785	2
78.519058	-1
78.539331	-4
78.559604	3
78.579877	-4
78.60015	-2
78.620423	5
78.640696	-3
78.660969	-3
78.681242	0
78.701515	5
78.721788	1
78.742061	-3
78.762334	4
78.782607	-7
78.80288	-1
78.823153	4
78.843426	3
78.863699	6
78.883972	-1
78.904245	2
78.924518	-1
78.944791	-6
78.965064	3
78.985337	-1
79.00561	-5
79.025883	6
79.046156	0
79.066429	2
79.086702	2
79.106975	-1
79.127248	2
79.147521	0
79.167794	4
79.188067	0
79.20834	-1
79.228613	-4
79.248886	-4
79.269159	0
79.289432	-3
79.309705	0
79.329978	2
79.350251	2
79.370524	1
79.390797	-7
79.41107	1
79.431343	0
79.451616	1
79.471889	0
79.492162	-1
79.512435	1
79.532708	5
79.552981	-3
79.573254	1
79.593527	-2
79.6138	-6
79.634073	1
79.654346	-5
79.674619	-1
79.694892	3
79.715165	-5
79.735438	5
79.755711	-1
79.775984	-3
79.796257	-3
79.81653	-5
79.836803	5
79.857076	0
79.877349	-1
79.897622	-1
79.917895	3
79.938168	-9
79.958441	3
79.978714	-1
79.998987	-2
80.01926	6
