10.097683	-3
10.117956	-29
10.138229	12
10.158502	-43
10.178775	17
10.199048	67
10.219321	-31
10.239594	13
10.259867	8
10.28014	1
10.300413	27
10.320686	-23
10.340959	20
10.361232	11
10.381505	-7
10.401778	-35
10.422051	18
10.442324	-13
10.462597	-6
10.48287	-20
10.503143	78
10.523416	13
10.543689	7
10.563962	34
10.584235	-26
10.604508	16
10.624781	-20
10.645054	24
10.665327	13
10.6856	-9
10.705873	-61
10.726146	7
10.746419	16
10.766692	-20
10.786965	-14
10.807238	1
10.827511	47
10.847784	-12
10.868057	9
10.88833	7
10.908603	-13
10.928876	-24
10.949149	-3
10.969422	5
10.989695	-10
11.009968	20
11.030241	-8
11.050514	-46
11.070787	4
11.09106	-30
11.111333	-36
11.131606	-82
11.151879	1
11.172152	-22
11.192425	8
11.212698	-12
11.232971	-10
11.253244	81
11.273517	16
11.29379	-2
11.314063	-18
11.334336	8
11.354609	4
11.374882	20
11.395155	-22
11.415428	-13
11.435701	-1
11.455974	39
11.476247	41
11.49652	0
11.516793	85
11.537066	10
11.557339	28
11.577612	-31
11.597885	0
11.618158	-7
11.638431	-46
11.658704	3
11.678977	-31
11.69925	64
11.719523	33
11.739796	-49
11.760069	-44
11.780342	-34
11.800615	-16
11.820888	6
11.841161	-45
11.861434	17
11.881707	10
11.90198	24
11.922253	-26
11.942526	-38
11.962799	2
11.983072	-40
12.003345	-34
12.023618	-26
12.043891	-7
12.064164	-40
12.084437	-33
12.10471	-38
12.124983	-10
12.145256	1
12.165529	6
12.185802	-12
12.206075	-20
12.226348	-32
12.246621	-30
12.266894	49
12.287167	-47
12.30744	8
12.327713	-43
12.347986	13
12.368259	39
12.388532	73
12.408805	-22
12.429078	-10
12.449351	-42
12.469624	13
12.489897	17
12.51017	-41
12.530443	43
12.550716	52
12.570989	-8
12.591262	-15
12.611535	27
12.631808	-10
12.652081	-6
12.672354	35
12.692627	-23
12.7129	-15
12.733173	-5
12.753446	-70
12.773719	-12
12.793992	23
12.814265	64
12.834538	-19
12.854811	-17
12.875084	-25
12.895357	-23
12.91563	-22
12.935903	41
12.956176	31
12.976449	-52
12.996722	23
13.016995	-18
13.037268	-22
13.057541	-24
13.077814	7
13.098087	33
13.11836	3
13.138633	-22
13.158906	-39
13.179179	-16
13.199452	18
13.219725	22
13.239998	14
13.260271	-32
13.280544	46
13.300817	13
13.32109	22
13.341363	-29
13.361636	10
13.381909	-27
13.402182	-2
13.422455	29
13.442728	2
13.463001	40
13.483274	7
13.503547	-21
13.52382	50
13.544093	-8
13.564366	-78
13.584639	52
13.604912	41
13.625185	18
13.645458	4
13.665731	16
13.686004	21
13.706277	11
13.72655	3
13.746823	-33
13.767096	-29
13.787369	-13
13.807642	20
13.827915	-1
13.848188	-11
13.868461	11
13.888734	63
13.909007	-6
13.92928	30
13.949553	17
13.969826	-20
13.990099	54
14.010372	-11
14.030645	15
14.050918	29
14.071191	34
14.091464	-42
14.111737	42
14.13201	49
14.152283	-18
14.172556	-43
14.192829	33
14.213102	24
14.233375	26
14.253648	75
14.273921	28
14.294194	27
14.314467	-24
14.33474	27
14.355013	-5
14.375286	18
14.395559	48
14.415832	10
14.436105	-24
14.456378	-23
14.476651	-71
14.496924	11
14.517197	-10
14.53747	23
14.557743	-46
14.578016	18
14.598289	16
14.618562	21
14.638835	15
14.659108	-12
14.679381	-5
14.699654	10
14.719927	-24
14.7402	-6
14.760473	-28
14.780746	55
14.801019	9
14.821292	35
14.841565	-6
14.861838	29
14.882111	38
14.902384	38
14.922657	22
14.94293	-47
14.963203	-23
14.983476	39
15.003749	33
15.024022	22
15.044295	-7
15.064568	37
15.084841	-37
15.105114	-7
15.125387	-16
15.14566	27
15.165933	11
15.186206	-3
15.206479	-23
15.226752	6
15.247025	-19
15.267298	-2
15.287571	15
15.307844	-40
15.328117	-13
15.34839	-37
15.368663	-19
15.388936	-77
15.409209	7
15.429482	-4
15.449755	-36
15.470028	-85
15.490301	23
15.510574	25
15.530847	41
15.55112	8
15.571393	-28
15.591666	32
15.611939	-37
15.632212	32
15.652485	-27
15.672758	42
15.693031	43
15.713304	74
15.733577	-48
15.75385	-18
15.774123	-3
15.794396	21
15.814669	-24
15.834942	12
15.855215	-18
15.875488	-30
15.895761	-23
15.916034	1
15.936307	1
15.95658	-5
15.976853	-11
15.997126	-17
16.017399	-46
16.037672	-51
16.057945	-33
16.078218	19
16.098491	-22
16.118764	-23
16.139037	-36
16.15931	-73
16.179583	-17
16.199856	47
16.220129	-14
16.240402	-39
16.260675	-13
16.280948	31
16.301221	-26
16.321494	-13
16.341767	-64
16.36204	-21
16.382313	-25
16.402586	-32
16.422859	-59
16.443132	-6
16.463405	-48
16.483678	33
16.503951	-16
16.524224	-21
16.544497	11
16.56477	25
16.585043	-38
16.605316	20
16.625589	-35
16.645862	-12
16.666135	-54
16.686408	9
16.706681	20
16.726954	-15
16.747227	25
16.7675	-59
16.787773	5
16.808046	22
16.828319	-67
16.848592	-5
16.868865	-7
16.889138	-50
16.909411	-29
16.929684	-49
16.949957	-8
16.97023	-8
16.990503	-24
17.010776	-15
17.031049	-32
17.051322	23
17.071595	-23
17.091868	-87
17.112141	-28
17.132414	52
17.152687	-39
17.17296	62
17.193233	-46
17.213506	-11
17.233779	-28
17.254052	14
17.274325	-42
17.294598	-8
17.314871	39
17.335144	-12
17.355417	2
17.37569	40
17.395963	-48
17.416236	-78
17.436509	-26
17.456782	-43
17.477055	2
17.497328	-37
17.517601	-69
17.537874	-18
17.558147	-86
17.57842	-64
17.598693	18
17.618966	-65
17.639239	-23
17.659512	-9
17.679785	-17
17.700058	-47
17.720331	-39
17.740604	-52
17.760877	-11
17.78115	-50
17.801423	-42
17.821696	21
17.841969	23
17.862242	-28
17.882515	-22
17.902788	12
17.923061	-12
17.943334	13
17.963607	-1
17.98388	-45
18.004153	3
18.024426	-16
18.044699	-16
18.064972	12
18.085245	-32
18.105518	-68
18.125791	-35
18.146064	-4
18.166337	-27
18.18661	-63
18.206883	-43
18.227156	22
18.247429	-74
18.267702	-41
18.287975	-41
18.308248	69
18.328521	40
18.348794	44
18.369067	13
18.38934	-46
18.409613	13
18.429886	-3
18.450159	12
18.470432	38
18.490705	-39
18.510978	-85
18.531251	-36
18.551524	69
18.571797	-38
18.59207	3
18.612343	-27
18.632616	-81
18.652889	22
18.673162	-28
18.693435	62
18.713708	19
18.733981	19
18.754254	-59
18.774527	8
18.7948	-77
18.815073	-48
18.835346	3
18.855619	-40
18.875892	-5
18.896165	-21
18.916438	-4
18.936711	-16
18.956984	7
18.977257	-54
18.99753	-32
19.017803	-26
19.038076	-32
19.058349	-49
19.078622	-20
19.098895	12
19.119168	5
19.139441	40
19.159714	-48
19.179987	10
19.20026	57
19.220533	-36
19.240806	10
19.261079	21
19.281352	-33
19.301625	-15
19.321898	-30
19.342171	84
19.362444	14
19.382717	-30
19.40299	-23
19.423263	-10
19.443536	-2
19.463809	-47
19.484082	-41
19.504355	-25
19.524628	29
19.544901	-26
19.565174	65
19.585447	-6
19.60572	-55
19.625993	-24
19.646266	6
19.666539	-24
19.686812	-29
19.707085	-43
19.727358	36
19.747631	-5
19.767904	-37
19.788177	-37
19.80845	-5
19.828723	-46
19.848996	-62
19.869269	-7
19.889542	-15
19.909815	5
19.930088	-32
19.950361	-55
19.970634	18
19.990907	4
20.01118	-32
20.031453	-12
20.051726	28
20.071999	-22
20.092272	-60
20.112545	36
20.132818	-52
20.153091	8
20.173364	-34
20.193637	45
20.21391	-19
20.234183	-29
20.254456	-55
20.274729	-72
20.295002	-59
20.315275	-13
20.335548	-17
20.355821	-16
20.376094	57
20.396367	-15
20.41664	76
20.436913	-8
20.457186	-56
20.477459	-22
20.497732	-15
20.518005	-31
20.538278	14
20.558551	-12
20.578824	15
20.599097	1
20.61937	22
20.639643	61
20.659916	-24
20.680189	32
20.700462	89
20.720735	-4
20.741008	-16
20.761281	65
20.781554	-68
20.801827	17
20.8221	-13
20.842373	-38
20.862646	32
20.882919	-26
20.903192	-35
20.923465	73
20.943738	-32
20.964011	54
20.984284	-9
21.004557	9
21.02483	24
21.045103	-5
21.065376	2
21.085649	54
21.105922	-16
21.126195	-34
21.146468	-45
21.166741	-26
21.187014	44
21.207287	-55
21.22756	-32
21.247833	-9
21.268106	-39
21.288379	53
21.308652	-68
21.328925	8
21.349198	-33
21.369471	38
21.389744	3
21.410017	38
21.43029	-20
21.450563	6
21.470836	0
21.491109	79
21.511382	-60
21.531655	6
21.551928	10
21.572201	-34
21.592474	-74
21.612747	35
21.63302	-46
21.653293	23
21.673566	-19
21.693839	-55
21.714112	-1
21.734385	2
21.754658	26
21.774931	-26
21.795204	-56
21.815477	24
21.83575	-17
21.856023	-45
21.876296	12
21.896569	23
21.916842	10
21.937115	-25
21.957388	19
21.977661	70
21.997934	31
22.018207	47
22.03848	14
22.058753	-16
22.079026	44
22.099299	6
22.119572	-30
22.139845	-57
22.160118	5
22.180391	21
22.200664	-13
22.220937	43
22.24121	-42
22.261483	16
22.281756	-29
22.302029	-70
22.322302	18
22.342575	29
22.362848	-68
22.383121	22
22.403394	-8
22.423667	22
22.44394	83
22.464213	-18
22.484486	8
22.504759	-50
22.525032	-35
22.545305	-29
22.565578	5
22.585851	0
22.606124	22
22.626397	-29
22.64667	-44
22.666943	8
22.687216	-16
22.707489	-59
22.727762	-32
22.748035	-11
22.768308	-14
22.788581	-84
22.808854	-21
22.829127	8
22.8494	-32
22.869673	-14
22.889946	-4
22.910219	17
22.930492	-34
22.950765	19
22.971038	-35
22.991311	9
23.011584	17
23.031857	20
23.05213	1
23.072403	-67
23.092676	-53
23.112949	21
23.133222	-60
23.153495	-59
23.173768	58
23.194041	-10
23.214314	-39
23.234587	13
23.25486	-40
23.275133	31
23.295406	-58
23.315679	-65
23.335952	-37
23.356225	45
23.376498	34
23.396771	71
23.417044	18
23.437317	5
23.45759	-12
23.477863	40
23.498136	-33
23.518409	-18
23.538682	-33
23.558955	-31
23.579228	-25
23.599501	-52
23.619774	68
23.640047	14
23.66032	17
23.680593	17
23.700866	4
23.721139	-20
23.741412	-24
23.761685	-16
23.781958	66
23.802231	20
23.822504	3
23.842777	-10
23.86305	59
23.883323	-20
23.903596	60
23.923869	-1
23.944142	29
23.964415	-14
23.984688	18
24.004961	4
24.025234	35
24.045507	-12
24.06578	-3
24.086053	17
24.106326	8
24.126599	-25
24.146872	62
24.167145	-7
24.187418	39
24.207691	39
24.227964	30
24.248237	-18
24.26851	-66
24.288783	6
24.309056	-36
24.329329	-19
24.349602	12
24.369875	-45
24.390148	-2
24.410421	-38
24.430694	51
24.450967	46
24.47124	-24
24.491513	-19
24.511786	42
24.532059	13
24.552332	-16
24.572605	42
24.592878	44
24.613151	-14
24.633424	-42
24.653697	26
24.67397	81
24.694243	23
24.714516	81
24.734789	-27
24.755062	31
24.775335	-56
24.795608	-23
24.815881	18
24.836154	-50
24.856427	-2
24.8767	-6
24.896973	-29
24.917246	40
24.937519	-39
24.957792	-73
24.978065	16
24.998338	-4
25.018611	-24
25.038884	51
25.059157	-16
25.07943	12
25.099703	27
25.119976	9
25.140249	12
25.160522	41
25.180795	-1
25.201068	-43
25.221341	48
25.241614	24
25.261887	48
25.28216	21
25.302433	92
25.322706	33
25.342979	70
25.363252	63
25.383525	23
25.403798	18
25.424071	20
25.444344	70
25.464617	66
25.48489	63
25.505163	6
25.525436	2
25.545709	34
25.565982	-58
25.586255	-42
25.606528	-64
25.626801	54
25.647074	-35
25.667347	31
25.68762	12
25.707893	74
25.728166	56
25.748439	39
25.768712	-12
25.788985	-15
25.809258	-2
25.829531	-2
25.849804	-24
25.870077	-21
25.89035	-38
25.910623	-1
25.930896	-14
25.951169	-19
25.971442	30
25.991715	-30
26.011988	-40
26.032261	-11
26.052534	-42
26.072807	-13
26.09308	-4
26.113353	-35
26.133626	-12
26.153899	-91
26.174172	4
26.194445	26
26.214718	-1
26.234991	-21
26.255264	-36
26.275537	-23
26.29581	3
26.316083	-46
26.336356	-23
26.356629	30
26.376902	20
26.397175	-6
26.417448	-11
26.437721	15
26.457994	19
26.478267	49
26.49854	1
26.518813	-54
26.539086	53
26.559359	-91
26.579632	69
26.599905	-52
26.620178	-49
26.640451	16
26.660724	-31
26.680997	-67
26.70127	-12
26.721543	17
26.741816	-4
26.762089	13
26.782362	9
26.802635	48
26.822908	-34
26.843181	-52
26.863454	-35
26.883727	39
26.904	44
26.924273	-9
26.944546	-90
26.964819	-47
26.985092	14
27.005365	21
27.025638	32
27.045911	30
27.066184	-45
27.086457	-8
27.10673	-46
27.127003	9
27.147276	-42
27.167549	9
27.187822	39
27.208095	36
27.228368	-33
27.248641	-4
27.268914	5
27.289187	12
27.30946	17
27.329733	34
27.350006	-32
27.370279	-2
27.390552	64
27.410825	-17
27.431098	-4
27.451371	-70
27.471644	30
27.491917	47
27.51219	-10
27.532463	-2
27.552736	-33
27.573009	58
27.593282	-43
27.613555	28
27.633828	-29
27.654101	-39
27.674374	-34
27.694647	-36
27.71492	-10
27.735193	80
27.755466	33
27.775739	3
27.796012	56
27.816285	16
27.836558	-26
27.856831	25
27.877104	50
27.897377	31
27.91765	-29
27.937923	12
27.958196	34
27.978469	-5
27.998742	-13
28.019015	-47
28.039288	-18
28.059561	9
28.079834	32
28.100107	17
28.12038	-29
28.140653	19
28.160926	41
28.181199	-28
28.201472	-3
28.221745	-50
28.242018	-26
28.262291	1
28.282564	41
28.302837	45
28.32311	-6
28.343383	-1
28.363656	2
28.383929	-50
28.404202	20
28.424475	32
28.444748	-9
28.465021	77
28.485294	35
28.505567	65
28.52584	78
28.546113	30
28.566386	32
28.586659	-24
28.606932	20
28.627205	-21
28.647478	-13
28.667751	46
28.688024	-61
28.708297	5
28.72857	5
28.748843	34
28.769116	5
28.789389	18
28.809662	79
28.829935	46
28.850208	52
28.870481	59
28.890754	-4
28.911027	59
28.9313	22
28.951573	79
28.971846	35
28.992119	-62
29.012392	25
29.032665	23
29.052938	43
29.073211	47
29.093484	52
29.113757	-61
29.13403	72
29.154303	10
29.174576	-48
29.194849	-23
29.215122	-40
29.235395	3
29.255668	-33
29.275941	-27
29.296214	23
29.316487	47
29.33676	-4
29.357033	35
29.377306	-36
29.397579	-21
29.417852	54
29.438125	19
29.458398	-4
29.478671	6
29.498944	11
29.519217	-13
29.53949	-14
29.559763	-64
29.580036	26
29.600309	-14
29.620582	15
29.640855	31
29.661128	66
29.681401	12
29.701674	-15
29.721947	-73
29.74222	11
29.762493	-3
29.782766	-35
29.803039	-87
29.823312	42
29.843585	-32
29.863858	6
29.884131	33
29.904404	-8
29.924677	-36
29.94495	31
29.965223	-1
29.985496	11
30.005769	63
30.026042	33
30.046315	7
30.066588	32
30.086861	-45
30.107134	-40
30.127407	-42
30.14768	-33
30.167953	1
30.188226	-63
30.208499	33
30.228772	-16
30.249045	16
30.269318	-16
30.289591	3
30.309864	41
30.330137	-22
30.35041	-8
30.370683	46
30.390956	-24
30.411229	-8
30.431502	-79
30.451775	32
30.472048	-50
30.492321	-9
30.512594	0
30.532867	-77
30.55314	-58
30.573413	-75
30.593686	-66
30.613959	-27
30.634232	56
30.654505	3
30.674778	-21
30.695051	10
30.715324	-23
30.735597	2
30.75587	47
30.776143	32
30.796416	84
30.816689	40
30.836962	2
30.857235	81
30.877508	61
30.897781	41
30.918054	57
30.938327	31
30.9586	-28
30.978873	42
30.999146	0
31.019419	-20
31.039692	17
31.059965	-47
31.080238	-53
31.100511	-18
31.120784	-80
31.141057	-26
31.16133	-42
31.181603	30
31.201876	-28
31.222149	3
31.242422	-27
31.262695	37
31.282968	-23
31.303241	-25
31.323514	-63
31.343787	-81
31.36406	-71
31.384333	54
31.404606	41
31.424879	15
31.445152	-34
31.465425	-63
31.485698	0
31.505971	78
31.526244	-33
31.546517	3
31.56679	-4
31.587063	20
31.607336	16
31.627609	-15
31.647882	38
31.668155	-31
31.688428	8
31.708701	-19
31.728974	-57
31.749247	-6
31.76952	34
31.789793	21
31.810066	1
31.830339	15
31.850612	-21
31.870885	23
31.891158	-7
31.911431	35
31.931704	-28
31.951977	-12
31.97225	40
31.992523	11
32.012796	-15
32.033069	-31
32.053342	-61
32.073615	-13
32.093888	-38
32.114161	-6
32.134434	63
32.154707	15
32.17498	6
32.195253	4
32.215526	45
32.235799	-18
32.256072	6
32.276345	-16
32.296618	-20
32.316891	-13
32.337164	-64
32.357437	27
32.37771	-29
32.397983	-1
32.418256	-2
32.438529	-18
32.458802	-90
32.479075	32
32.499348	-21
32.519621	17
32.539894	-17
32.560167	32
32.58044	46
32.600713	-55
32.620986	22
32.641259	-7
32.661532	36
32.681805	-28
32.702078	-29
32.722351	-11
32.742624	6
32.762897	28
32.78317	-19
32.803443	22
32.823716	21
32.843989	-41
32.864262	-54
32.884535	32
32.904808	7
32.925081	46
32.945354	-6
32.965627	45
32.9859	-2
33.006173	53
33.026446	18
33.046719	1
33.066992	7
33.087265	-5
33.107538	2
33.127811	6
33.148084	-37
33.168357	-40
33.18863	26
33.208903	-13
33.229176	42
33.249449	-22
33.269722	-22
33.289995	19
33.310268	42
33.330541	-13
33.350814	31
33.371087	33
33.39136	15
33.411633	72
33.431906	49
33.452179	14
33.472452	-51
33.492725	8
33.512998	43
33.533271	6
33.553544	-18
33.573817	-30
33.59409	-23
33.614363	43
33.634636	6
33.654909	-54
33.675182	20
33.695455	3
33.715728	26
33.736001	45
33.756274	94
33.776547	-7
33.79682	1
33.817093	-10
33.837366	6
33.857639	3
33.877912	-8
33.898185	59
33.918458	-20
33.938731	40
33.959004	-11
33.979277	28
33.99955	-51
34.019823	33
34.040096	-4
34.060369	36
34.080642	56
34.100915	30
34.121188	26
34.141461	50
34.161734	-6
34.182007	43
34.20228	9
34.222553	24
34.242826	-41
34.263099	24
34.283372	42
34.303645	27
34.323918	20
34.344191	-16
34.364464	-32
34.384737	17
34.40501	0
34.425283	27
34.445556	-48
34.465829	34
34.486102	34
34.506375	42
34.526648	39
34.546921	-20
34.567194	60
34.587467	37
34.60774	57
34.628013	40
34.648286	34
34.668559	-22
34.688832	14
34.709105	-29
34.729378	2
34.749651	82
34.769924	26
34.790197	-10
34.81047	98
34.830743	14
34.851016	41
34.871289	39
34.891562	-39
34.911835	42
34.932108	13
34.952381	21
34.972654	4
34.992927	18
35.0132	11
35.033473	-14
35.053746	-20
35.074019	1
35.094292	5
35.114565	-32
35.134838	9
35.155111	-8
35.175384	-61
35.195657	-4
35.21593	-20
35.236203	15
35.256476	-17
35.276749	-5
35.297022	6
35.317295	28
35.337568	-21
35.357841	-7
35.378114	-57
35.398387	-23
35.41866	24
35.438933	-35
35.459206	-21
35.479479	51
35.499752	10
35.520025	-37
35.540298	2
35.560571	33
35.580844	-13
35.601117	-28
35.62139	13
35.641663	7
35.661936	-6
35.682209	41
35.702482	-13
35.722755	78
35.743028	-24
35.763301	-50
35.783574	9
35.803847	29
35.82412	28
35.844393	11
35.864666	-17
35.884939	-36
35.905212	11
35.925485	12
35.945758	-16
35.966031	-33
35.986304	-23
36.006577	-25
36.02685	78
36.047123	5
36.067396	-27
36.087669	-17
36.107942	-2
36.128215	-44
36.148488	-33
36.168761	58
36.189034	44
36.209307	-19
36.22958	46
36.249853	64
36.270126	57
36.290399	76
36.310672	59
36.330945	48
36.351218	21
36.371491	-3
36.391764	20
36.412037	2
36.43231	3
36.452583	-26
36.472856	11
36.493129	20
36.513402	-19
36.533675	45
36.553948	-15
36.574221	-2
36.594494	9
36.614767	75
36.63504	19
36.655313	22
36.675586	27
36.695859	-15
36.716132	-19
36.736405	-27
36.756678	66
36.776951	-7
36.797224	-35
36.817497	-41
36.83777	-12
36.858043	33
36.878316	-18
36.898589	32
36.918862	-17
36.939135	-23
36.959408	-1
36.979681	45
36.999954	5
37.020227	5
37.0405	4
37.060773	41
37.081046	-25
37.101319	-23
37.121592	38
37.141865	30
37.162138	-18
37.182411	21
37.202684	-28
37.222957	29
37.24323	25
37.263503	18
37.283776	9
37.304049	23
37.324322	3
37.344595	-23
37.364868	-21
37.385141	-10
37.405414	31
37.425687	-15
37.44596	15
37.466233	7
37.486506	29
37.506779	18
37.527052	-33
37.547325	27
37.567598	31
37.587871	11
37.608144	46
37.628417	1
37.64869	8
37.668963	-17
37.689236	-8
37.709509	-1
37.729782	-2
37.750055	18
37.770328	-15
37.790601	-35
37.810874	16
37.831147	11
37.85142	43
37.871693	-12
37.891966	-31
37.912239	25
37.932512	16
37.952785	-25
37.973058	11
37.993331	11
38.013604	38
38.033877	26
38.05415	79
38.074423	16
38.094696	42
38.114969	46
38.135242	-26
38.155515	43
38.175788	27
38.196061	-6
38.216334	10
38.236607	43
38.25688	-42
38.277153	-27
38.297426	70
38.317699	11
38.337972	-24
38.358245	-10
38.378518	5
38.398791	42
38.419064	56
38.439337	-9
38.45961	-28
38.479883	-14
38.500156	-27
38.520429	6
38.540702	-8
38.560975	40
38.581248	43
38.601521	10
38.621794	-30
38.642067	-2
38.66234	-50
38.682613	-2
38.702886	1
38.723159	26
38.743432	8
38.763705	-7
38.783978	-33
38.804251	4
38.824524	3
38.844797	-35
38.86507	49
38.885343	13
38.905616	-10
38.925889	-23
38.946162	-29
38.966435	-19
38.986708	11
39.006981	-19
39.027254	7
39.047527	-8
39.0678	10
39.088073	30
39.108346	66
39.128619	15
39.148892	-47
39.169165	-25
39.189438	18
39.209711	0
39.229984	-16
39.250257	10
39.27053	46
39.290803	5
39.311076	-49
39.331349	-8
39.351622	4
39.371895	-33
39.392168	9
39.412441	42
39.432714	28
39.452987	-1
39.47326	-62
39.493533	-18
39.513806	-29
39.534079	-16
39.554352	9
39.574625	-29
39.594898	-3
39.615171	-1
39.635444	-25
39.655717	-31
39.67599	-36
39.696263	-53
39.716536	-24
39.736809	9
39.757082	-19
39.777355	12
39.797628	-31
39.817901	-18
39.838174	3
39.858447	-44
39.87872	-10
39.898993	-61
39.919266	11
39.939539	21
39.959812	11
39.980085	1
40.000358	-27
40.020631	6
40.040904	32
40.061177	40
40.08145	47
40.101723	-8
40.121996	31
40.142269	9
40.162542	1
40.182815	23
40.203088	2
40.223361	3
40.243634	27
40.263907	-17
40.28418	52
40.304453	-12
40.324726	-8
40.344999	15
40.365272	42
40.385545	-30
40.405818	26
40.426091	31
40.446364	-16
40.466637	14
40.48691	-28
40.507183	22
40.527456	8
40.547729	5
40.568002	9
40.588275	13
40.608548	-22
40.628821	-25
40.649094	-33
40.669367	-42
40.68964	35
40.709913	23
40.730186	46
40.750459	1
40.770732	8
40.791005	52
40.811278	-8
40.831551	24
40.851824	31
40.872097	11
40.89237	36
40.912643	28
40.932916	26
40.953189	-24
40.973462	13
40.993735	36
41.014008	28
41.034281	39
41.054554	0
41.074827	20
41.0951	42
41.115373	16
41.135646	-6
41.155919	7
41.176192	-8
41.196465	-1
41.216738	-2
41.237011	0
41.257284	-14
41.277557	23
41.29783	-21
41.318103	25
41.338376	-4
41.358649	-8
41.378922	42
41.399195	-46
41.419468	23
41.439741	-60
41.460014	-11
41.480287	43
41.50056	-8
41.520833	-13
41.541106	8
41.561379	-46
41.581652	5
41.601925	15
41.622198	-15
41.642471	-39
41.662744	9
41.683017	-17
41.70329	18
41.723563	2
41.743836	-17
41.764109	-3
41.784382	-18
41.804655	-42
41.824928	-27
41.845201	-6
41.865474	-19
41.885747	-61
41.90602	-20
41.926293	-13
41.946566	-42
41.966839	20
41.987112	-9
42.007385	-14
42.027658	-3
42.047931	-19
42.068204	10
42.088477	-7
42.10875	13
42.129023	-5
42.149296	-5
42.169569	0
42.189842	38
42.210115	-9
42.230388	-19
42.250661	27
42.270934	23
42.291207	45
42.31148	-3
42.331753	-43
42.352026	9
42.372299	85
42.392572	9
42.412845	6
42.433118	23
42.453391	13
42.473664	-39
42.493937	9
42.51421	-25
42.534483	7
42.554756	-1
42.575029	46
42.595302	5
42.615575	53
42.635848	54
42.656121	39
42.676394	-2
42.696667	33
42.71694	20
42.737213	0
42.757486	35
42.777759	-2
42.798032	-41
42.818305	5
42.838578	0
42.858851	0
42.879124	-15
42.899397	4
42.91967	-30
42.939943	13
42.960216	23
42.980489	10
43.000762	23
43.021035	25
43.041308	33
43.061581	2
43.081854	51
43.102127	21
43.1224	-1
43.142673	-3
43.162946	55
43.183219	-19
43.203492	-62
43.223765	4
43.244038	-54
43.264311	0
43.284584	-30
43.304857	0
43.32513	3
43.345403	19
43.365676	0
43.385949	27
43.406222	-3
43.426495	-1
43.446768	39
43.467041	14
43.487314	-30
43.507587	12
43.52786	25
43.548133	-5
43.568406	-32
43.588679	7
43.608952	-7
43.629225	12
43.649498	53
43.669771	-38
43.690044	8
43.710317	12
43.73059	-6
43.750863	-15
43.771136	7
43.791409	13
43.811682	27
43.831955	3
43.852228	-26
43.872501	-23
43.892774	-25
43.913047	-16
43.93332	-31
43.953593	-38
43.973866	-2
43.994139	24
44.014412	14
44.034685	-9
44.054958	-14
44.075231	-9
44.095504	-10
44.115777	13
44.13605	-1
44.156323	-20
44.176596	-12
44.196869	3
44.217142	-30
44.237415	0
44.257688	15
44.277961	28
44.298234	20
44.318507	15
44.33878	25
44.359053	14
44.379326	1
44.399599	-4
44.419872	29
44.440145	11
44.460418	28
44.480691	-20
44.500964	6
44.521237	32
44.54151	44
44.561783	50
44.582056	-4
44.602329	-9
44.622602	-10
44.642875	0
44.663148	10
44.683421	27
44.703694	-27
44.723967	33
44.74424	-11
44.764513	-22
44.784786	3
44.805059	-22
44.825332	-15
44.845605	-10
44.865878	-32
44.886151	-35
44.906424	15
44.926697	-1
44.94697	10
44.967243	-12
44.987516	34
45.007789	55
45.028062	-3
45.048335	22
45.068608	20
45.088881	24
45.109154	64
45.129427	40
45.1497	57
45.169973	46
45.190246	-13
45.210519	17
45.230792	-13
45.251065	36
45.271338	58
45.291611	-11
45.311884	20
45.332157	22
45.35243	41
45.372703	-5
45.392976	6
45.413249	42
45.433522	58
45.453795	27
45.474068	53
45.494341	4
45.514614	8
45.534887	-21
45.55516	8
45.575433	23
45.595706	3
45.615979	-11
45.636252	0
45.656525	6
45.676798	-29
45.697071	20
45.717344	5
45.737617	3
45.75789	56
45.778163	29
45.798436	38
45.818709	9
45.838982	-27
45.859255	-1
45.879528	-14
45.899801	15
45.920074	40
45.940347	47
45.96062	-2
45.980893	21
46.001166	34
46.021439	20
46.041712	19
46.061985	24
46.082258	44
46.102531	72
46.122804	63
46.143077	62
46.16335	-25
46.183623	-5
46.203896	28
46.224169	19
46.244442	46
46.264715	7
46.284988	22
46.305261	-31
46.325534	7
46.345807	27
46.36608	6
46.386353	14
46.406626	-40
46.426899	13
46.447172	-21
46.467445	-8
46.487718	42
46.507991	-6
46.528264	-9
46.548537	20
46.56881	31
46.589083	23
46.609356	-4
46.629629	40
46.649902	-31
46.670175	19
46.690448	11
46.710721	29
46.730994	0
46.751267	-39
46.77154	-37
46.791813	7
46.812086	53
46.832359	-24
46.852632	-16
46.872905	58
46.893178	-11
46.913451	6
46.933724	12
46.953997	-30
46.97427	-16
46.994543	10
47.014816	-17
47.035089	3
47.055362	10
47.075635	-18
47.095908	18
47.116181	0
47.136454	-2
47.156727	10
47.177	14
47.197273	8
47.217546	16
47.237819	-18
47.258092	3
47.278365	-13
47.298638	8
47.318911	-39
47.339184	55
47.359457	-6
47.37973	30
47.400003	-55
47.420276	-6
47.440549	23
47.460822	-1
47.481095	-33
47.501368	14
47.521641	-18
47.541914	19
47.562187	30
47.58246	3
47.602733	7
47.623006	-8
47.643279	-23
47.663552	-2
47.683825	15
47.704098	12
47.724371	26
47.744644	40
47.764917	-41
47.78519	-1
47.805463	-2
47.825736	7
47.846009	0
47.866282	-24
47.886555	0
47.906828	-20
47.927101	-14
47.947374	29
47.967647	45
47.98792	21
48.008193	39
48.028466	30
48.048739	32
48.069012	13
48.089285	18
48.109558	-6
48.129831	4
48.150104	22
48.170377	54
48.19065	13
48.210923	63
48.231196	48
48.251469	38
48.271742	41
48.292015	42
48.312288	33
48.332561	44
48.352834	34
48.373107	2
48.39338	2
48.413653	2
48.433926	57
48.454199	-20
48.474472	5
48.494745	-29
48.515018	28
48.535291	13
48.555564	-24
48.575837	-8
48.59611	-35
48.616383	8
48.636656	-22
48.656929	24
48.677202	18
48.697475	-7
48.717748	48
48.738021	-28
48.758294	27
48.778567	2
48.79884	-6
48.819113	65
48.839386	-6
48.859659	4
48.879932	28
48.900205	37
48.920478	-5
48.940751	-8
48.961024	14
48.981297	-2
49.00157	6
49.021843	0
49.042116	-10
49.062389	12
49.082662	50
49.102935	35
49.123208	-9
49.143481	-5
49.163754	-14
49.184027	14
49.2043	-5
49.224573	12
49.244846	18
49.265119	22
49.285392	-32
49.305665	30
49.325938	-11
49.346211	10
49.366484	-19
49.386757	30
49.40703	21
49.427303	-11
49.447576	9
49.467849	-8
49.488122	35
49.508395	12
49.528668	31
49.548941	-36
49.569214	6
49.589487	-1
49.60976	2
49.630033	-3
49.650306	0
49.670579	14
49.690852	-4
49.711125	-29
49.731398	-9
49.751671	3
49.771944	19
49.792217	16
49.81249	0
49.832763	19
49.853036	-4
49.873309	12
49.893582	-20
49.913855	-19
49.934128	2
49.954401	19
49.974674	-12
49.994947	14
50.01522	5
50.035493	-5
50.055766	-1
50.076039	29
50.096312	-8
50.116585	-12
50.136858	-18
50.157131	-18
50.177404	7
50.197677	-16
50.21795	-5
50.238223	30
50.258496	15
50.278769	0
50.299042	-1
50.319315	-29
50.339588	-3
50.359861	9
50.380134	11
50.400407	18
50.42068	-18
50.440953	20
50.461226	-8
50.481499	7
50.501772	26
50.522045	47
50.542318	-30
50.562591	-1
50.582864	-21
50.603137	66
50.62341	-7
50.643683	3
50.663956	-5
50.684229	22
50.704502	2
50.724775	-37
50.745048	24
50.765321	-12
50.785594	9
50.805867	-27
50.82614	-12
50.846413	64
50.866686	-66
50.886959	2
50.907232	-30
50.927505	38
50.947778	-16
50.968051	16
50.988324	0
51.008597	2
51.02887	-8
51.049143	23
51.069416	25
51.089689	20
51.109962	-13
51.130235	-37
51.150508	9
51.170781	2
51.191054	52
51.211327	26
51.2316	38
51.251873	25
51.272146	8
51.292419	-3
51.312692	13
51.332965	-50
51.353238	22
51.373511	15
51.393784	9
51.414057	-44
51.43433	29
51.454603	-4
51.474876	16
51.495149	16
51.515422	12
51.535695	-7
51.555968	-2
51.576241	-2
51.596514	1
51.616787	26
51.63706	32
51.657333	26
51.677606	2
51.697879	-3
51.718152	-11
51.738425	15
51.758698	-4
51.778971	3
51.799244	-4
51.819517	7
51.83979	10
51.860063	14
51.880336	14
51.900609	-5
51.920882	2
51.941155	-24
51.961428	-9
51.981701	6
52.001974	39
52.022247	-39
52.04252	14
52.062793	-5
52.083066	11
52.103339	-2
52.123612	-18
52.143885	4
52.164158	-46
52.184431	15
52.204704	18
52.224977	27
52.24525	16
52.265523	-55
52.285796	18
52.306069	26
52.326342	-7
52.346615	29
52.366888	-8
52.387161	-37
52.407434	3
52.427707	-7
52.44798	-41
52.468253	0
52.488526	17
52.508799	-10
52.529072	-3
52.549345	-8
52.569618	-22
52.589891	-56
52.610164	23
52.630437	27
52.65071	-25
52.670983	6
52.691256	36
52.711529	-6
52.731802	-14
52.752075	9
52.772348	21
52.792621	-21
52.812894	-31
52.833167	5
52.85344	-17
52.873713	37
52.893986	-14
52.914259	-15
52.934532	-24
52.954805	-8
52.975078	-3
52.995351	-35
53.015624	-13
53.035897	7
53.05617	-27
53.076443	-25
53.096716	-5
53.116989	0
53.137262	-18
53.157535	-13
53.177808	-22
53.198081	8
53.218354	19
53.238627	-8
53.2589	-18
53.279173	-5
53.299446	-5
53.319719	-1
53.339992	-4
53.360265	-21
53.380538	-7
53.400811	51
53.421084	28
53.441357	-44
53.46163	-24
53.481903	12
53.502176	1
53.522449	28
53.542722	-20
53.562995	19
53.583268	-23
53.603541	-10
53.623814	10
53.644087	-15
53.66436	3
53.684633	4
53.704906	-12
53.725179	0
53.745452	-22
53.765725	-38
53.785998	19
53.806271	-16
53.826544	-32
53.846817	-8
53.86709	24
53.887363	-36
53.907636	-1
53.927909	-11
53.948182	-14
53.968455	16
53.988728	-8
54.009001	21
54.029274	31
54.049547	6
54.06982	-21
54.090093	10
54.110366	-37
54.130639	-6
54.150912	-37
54.171185	21
54.191458	-7
54.211731	40
54.232004	37
54.252277	-22
54.27255	10
54.292823	6
54.313096	10
54.333369	32
54.353642	34
54.373915	-34
54.394188	15
54.414461	2
54.434734	-16
54.455007	38
54.47528	-10
54.495553	19
54.515826	20
54.536099	16
54.556372	35
54.576645	-17
54.596918	-11
54.617191	16
54.637464	32
54.657737	7
54.67801	-1
54.698283	-12
54.718556	-19
54.738829	-17
54.759102	-24
54.779375	44
54.799648	-3
54.819921	12
54.840194	-40
54.860467	14
54.88074	10
54.901013	19
54.921286	-5
54.941559	-8
54.961832	2
54.982105	3
55.002378	-39
55.022651	7
55.042924	27
55.063197	-13
55.08347	17
55.103743	27
55.124016	9
55.144289	-14
55.164562	2
55.184835	19
55.205108	-12
55.225381	-21
55.245654	-9
55.265927	17
55.2862	15
55.306473	-21
55.326746	26
55.347019	-7
55.367292	25
55.387565	-6
55.407838	-8
55.428111	-2
55.448384	46
55.468657	22
55.48893	24
55.509203	41
55.529476	-33
55.549749	14
55.570022	6
55.590295	5
55.610568	34
55.630841	-19
55.651114	-21
55.671387	-5
55.69166	12
55.711933	-24
55.732206	-6
55.752479	-24
55.772752	7
55.793025	21
55.813298	15
55.833571	-16
55.853844	-1
55.874117	5
55.89439	-19
55.914663	25
55.934936	11
55.955209	7
55.975482	61
55.995755	18
56.016028	-9
56.036301	-36
56.056574	40
56.076847	-24
56.09712	-2
56.117393	46
56.137666	13
56.157939	27
56.178212	38
56.198485	-13
56.218758	-30
56.239031	-4
56.259304	-3
56.279577	-23
56.29985	-7
56.320123	11
56.340396	2
56.360669	10
56.380942	20
56.401215	11
56.421488	-29
56.441761	36
56.462034	-3
56.482307	16
56.50258	9
56.522853	-28
56.543126	-7
56.563399	-12
56.583672	97
56.603945	19
56.624218	-22
56.644491	15
56.664764	21
56.685037	-34
56.70531	7
56.725583	-38
56.745856	-19
56.766129	-16
56.786402	-61
56.806675	-9
56.826948	-4
56.847221	4
56.867494	-1
56.887767	-20
56.90804	-15
56.928313	-14
56.948586	-20
56.968859	-12
56.989132	34
57.009405	8
57.029678	2
57.049951	33
57.070224	-5
57.090497	-7
57.11077	44
57.131043	30
57.151316	-10
57.171589	35
57.191862	-11
57.212135	-50
57.232408	6
57.252681	28
57.272954	13
57.293227	-15
57.3135	-7
57.333773	30
57.354046	-11
57.374319	5
57.394592	27
57.414865	-8
57.435138	10
57.455411	-6
57.475684	-21
57.495957	1
57.51623	-45
57.536503	46
57.556776	25
57.577049	-11
57.597322	11
57.617595	5
57.637868	30
57.658141	4
57.678414	-3
57.698687	-31
57.71896	35
57.739233	-19
57.759506	-8
57.779779	5
57.800052	-5
57.820325	7
57.840598	22
57.860871	68
57.881144	7
57.901417	2
57.92169	-7
57.941963	9
57.962236	28
57.982509	-5
58.002782	5
58.023055	25
58.043328	-16
58.063601	-18
58.083874	1
58.104147	1
58.12442	-2
58.144693	4
58.164966	-46
58.185239	8
58.205512	15
58.225785	-16
58.246058	50
58.266331	-6
58.286604	17
58.306877	41
58.32715	16
58.347423	-1
58.367696	-12
58.387969	-29
58.408242	47
58.428515	-6
58.448788	-15
58.469061	-6
58.489334	21
58.509607	-2
58.52988	19
58.550153	5
58.570426	-3
58.590699	16
58.610972	50
58.631245	8
58.651518	12
58.671791	-17
58.692064	28
58.712337	-1
58.73261	21
58.752883	23
58.773156	3
58.793429	-42
58.813702	66
58.833975	-1
58.854248	38
58.874521	38
58.894794	34
58.915067	3
58.93534	-13
58.955613	3
58.975886	8
58.996159	-16
59.016432	23
59.036705	-35
59.056978	1
59.077251	-13
59.097524	-14
59.117797	15
59.13807	27
59.158343	-23
59.178616	8
59.198889	-9
59.219162	-3
59.239435	-31
59.259708	-18
59.279981	-10
59.300254	22
59.320527	-28
59.3408	-26
59.361073	12
59.381346	-13
59.401619	15
59.421892	17
59.442165	14
59.462438	-21
59.482711	16
59.502984	-8
59.523257	-9
59.54353	8
59.563803	3
59.584076	5
59.604349	-39
59.624622	-16
59.644895	-18
59.665168	-28
59.685441	-68
59.705714	27
59.725987	-9
59.74626	12
59.766533	13
59.786806	-7
59.807079	-9
59.827352	-6
59.847625	18
59.867898	15
59.888171	-2
59.908444	-11
59.928717	-8
59.94899	13
59.969263	-33
59.989536	-29
60.009809	-20
60.030082	-41
60.050355	-28
60.070628	12
60.090901	-14
60.111174	-30
60.131447	-49
60.15172	-16
60.171993	10
60.192266	-37
60.212539	-10
60.232812	-16
60.253085	-8
60.273358	-51
60.293631	-30
60.313904	-24
60.334177	9
60.35445	-15
60.374723	-31
60.394996	9
60.415269	-9
60.435542	-12
60.455815	-10
60.476088	21
60.496361	-18
60.516634	-21
60.536907	0
60.55718	9
60.577453	12
60.597726	-16
60.617999	18
60.638272	8
60.658545	-26
60.678818	-9
60.699091	-5
60.719364	-23
60.739637	21
60.75991	0
60.780183	12
60.800456	16
60.820729	-11
60.841002	14
60.861275	43
60.881548	15
60.901821	17
60.922094	14
60.942367	16
60.96264	21
60.982913	6
61.003186	-25
61.023459	7
61.043732	-17
61.064005	-25
61.084278	10
61.104551	-2
61.124824	-44
61.145097	1
61.16537	2
61.185643	-8
61.205916	9
61.226189	-22
61.246462	2
61.266735	35
61.287008	-10
61.307281	1
61.327554	20
61.347827	-19
61.3681	-34
61.388373	2
61.408646	-12
61.428919	4
61.449192	-11
61.469465	-16
61.489738	13
61.510011	-8
61.530284	-1
61.550557	-18
61.57083	-33
61.591103	16
61.611376	11
61.631649	30
61.651922	-16
61.672195	34
61.692468	24
61.712741	-31
61.733014	-17
61.753287	-38
61.77356	9
61.793833	-6
61.814106	10
61.834379	28
61.854652	-20
61.874925	0
61.895198	-4
61.915471	-14
61.935744	30
61.956017	27
61.97629	12
61.996563	16
62.016836	-16
62.037109	-14
62.057382	-25
62.077655	29
62.097928	42
62.118201	-5
62.138474	39
62.158747	25
62.17902	16
62.199293	38
62.219566	9
62.239839	-2
62.260112	18
62.280385	-2
62.300658	40
62.320931	6
62.341204	16
62.361477	-16
62.38175	9
62.402023	4
62.422296	8
62.442569	-42
62.462842	33
62.483115	6
62.503388	-12
62.523661	-35
62.543934	-6
62.564207	-19
62.58448	38
62.604753	11
62.625026	-5
62.645299	6
62.665572	-10
62.685845	-2
62.706118	22
62.726391	-43
62.746664	-34
62.766937	41
62.78721	51
62.807483	-5
62.827756	-15
62.848029	36
62.868302	-28
62.888575	-14
62.908848	26
62.929121	-46
62.949394	33
62.969667	5
62.98994	-12
63.010213	16
63.030486	10
63.050759	-37
63.071032	-42
63.091305	-42
63.111578	-18
63.131851	26
63.152124	-4
63.172397	1
63.19267	-60
63.212943	-12
63.233216	19
63.253489	23
63.273762	-17
63.294035	-32
63.314308	-16
63.334581	20
63.354854	24
63.375127	-27
63.3954	14
63.415673	-5
63.435946	8
63.456219	13
63.476492	-6
63.496765	-18
63.517038	0
63.537311	12
63.557584	-9
63.577857	-17
63.59813	22
63.618403	-5
63.638676	-30
63.658949	-19
63.679222	-25
63.699495	43
63.719768	-24
63.740041	-3
63.760314	-2
63.780587	-12
63.80086	-49
63.821133	-7
63.841406	15
63.861679	-7
63.881952	14
63.902225	-23
63.922498	-19
63.942771	-28
63.963044	-8
63.983317	-37
64.00359	-27
64.023863	-16
64.044136	-22
64.064409	10
64.084682	28
64.104955	5
64.125228	-13
64.145501	3
64.165774	-5
64.186047	16
64.20632	43
64.226593	17
64.246866	9
64.267139	-21
64.287412	3
64.307685	-1
64.327958	32
64.348231	13
64.368504	5
64.388777	-12
64.40905	-7
64.429323	-19
64.449596	-9
64.469869	12
64.490142	18
64.510415	-6
64.530688	0
64.550961	46
64.571234	-35
64.591507	16
64.61178	-27
64.632053	-33
64.652326	-9
64.672599	37
64.692872	19
64.713145	17
64.733418	-2
64.753691	-16
64.773964	-15
64.794237	6
64.81451	18
64.834783	34
64.855056	-3
64.875329	4
64.895602	-12
64.915875	-15
64.936148	35
64.956421	-35
64.976694	1
64.996967	5
65.01724	-33
65.037513	-17
65.057786	20
65.078059	22
65.098332	11
65.118605	23
65.138878	12
65.159151	17
65.179424	21
65.199697	15
65.21997	7
65.240243	-3
65.260516	-4
65.280789	-16
65.301062	24
65.321335	-1
65.341608	9
65.361881	9
65.382154	-9
65.402427	-2
65.4227	-13
65.442973	-3
65.463246	10
65.483519	-17
65.503792	21
65.524065	14
65.544338	10
65.564611	3
65.584884	-13
65.605157	-5
65.62543	9
65.645703	35
65.665976	17
65.686249	-25
65.706522	-31
65.726795	-9
65.747068	-8
65.767341	-26
65.787614	2
65.807887	-8
65.82816	10
65.848433	38
65.868706	6
65.888979	51
65.909252	5
65.929525	59
65.949798	8
65.970071	20
65.990344	10
66.010617	-5
66.03089	0
66.051163	22
66.071436	14
66.091709	25
66.111982	35
66.132255	-24
66.152528	-2
66.172801	-36
66.193074	4
66.213347	13
66.23362	10
66.253893	-10
66.274166	28
66.294439	17
66.314712	-12
66.334985	5
66.355258	16
66.375531	-3
66.395804	8
66.416077	26
66.43635	15
66.456623	12
66.476896	15
66.497169	8
66.517442	22
66.537715	-4
66.557988	9
66.578261	-22
66.598534	-6
66.618807	4
66.63908	-13
66.659353	-24
66.679626	-31
66.699899	-13
66.720172	-19
66.740445	0
66.760718	4
66.780991	25
66.801264	-12
66.821537	50
66.84181	2
66.862083	23
66.882356	-3
66.902629	-18
66.922902	-8
66.943175	-2
66.963448	0
66.983721	0
67.003994	19
67.024267	-12
67.04454	2
67.064813	5
67.085086	10
67.105359	0
67.125632	-29
67.145905	-11
67.166178	13
67.186451	4
67.206724	5
67.226997	25
67.24727	-11
67.267543	21
67.287816	-17
67.308089	0
67.328362	-3
67.348635	-16
67.368908	-5
67.389181	1
67.409454	-40
67.429727	25
67.45	-18
67.470273	12
67.490546	14
67.510819	-35
67.531092	31
67.551365	-7
67.571638	11
67.591911	29
67.612184	10
67.632457	13
67.65273	-25
67.673003	-34
67.693276	30
67.713549	2
67.733822	-22
67.754095	-25
67.774368	-57
67.794641	-31
67.814914	19
67.835187	5
67.85546	-13
67.875733	-13
67.896006	13
67.916279	-21
67.936552	-8
67.956825	18
67.977098	19
67.997371	-24
68.017644	-9
68.037917	-7
68.05819	8
68.078463	-18
68.098736	41
68.119009	-22
68.139282	23
68.159555	-13
68.179828	-17
68.200101	20
68.220374	1
68.240647	-6
68.26092	-24
68.281193	4
68.301466	-8
68.321739	-8
68.342012	30
68.362285	-13
68.382558	4
68.402831	-9
68.423104	13
68.443377	-20
68.46365	-8
68.483923	27
68.504196	5
68.524469	-1
68.544742	19
68.565015	-19
68.585288	2
68.605561	4
68.625834	2
68.646107	-15
68.66638	12
68.686653	8
68.706926	8
68.727199	6
68.747472	-25
68.767745	17
68.788018	-10
68.808291	-8
68.828564	-15
68.848837	-25
68.86911	-30
68.889383	-8
68.909656	10
68.929929	-14
68.950202	34
68.970475	4
68.990748	4
69.011021	27
69.031294	-15
69.051567	21
69.07184	3
69.092113	1
69.112386	15
69.132659	1
69.152932	-30
69.173205	18
69.193478	-8
69.213751	-37
69.234024	-22
69.254297	5
69.27457	-45
69.294843	1
69.315116	-23
69.335389	-13
69.355662	-4
69.375935	47
69.396208	-19
69.416481	6
69.436754	-11
69.457027	8
69.4773	22
69.497573	37
69.517846	-27
69.538119	-5
69.558392	16
69.578665	-5
69.598938	22
69.619211	-19
69.639484	-34
69.659757	-18
69.68003	10
69.700303	14
69.720576	-15
69.740849	0
69.761122	-21
69.781395	-13
69.801668	31
69.821941	15
69.842214	-18
69.862487	10
69.88276	-14
69.903033	15
69.923306	-2
69.943579	-15
69.963852	-30
69.984125	39
70.004398	16
70.024671	8
70.044944	-42
70.065217	4
70.08549	-7
70.105763	-18
70.126036	4
70.146309	-44
70.166582	-2
70.186855	-23
70.207128	-6
70.227401	-10
70.247674	-32
70.267947	2
70.28822	26
70.308493	12
70.328766	17
70.349039	-26
70.369312	-12
70.389585	-7
70.409858	11
70.430131	-18
70.450404	28
70.470677	2
70.49095	0
70.511223	-8
70.531496	5
70.551769	-24
70.572042	9
70.592315	-20
70.612588	-48
70.632861	-13
70.653134	-2
70.673407	-1
70.69368	-8
70.713953	-1
70.734226	4
70.754499	-2
70.774772	-54
70.795045	-1
70.815318	-2
70.835591	3
70.855864	-6
70.876137	-19
70.89641	8
70.916683	-26
70.936956	-15
70.957229	-20
70.977502	-7
70.997775	-47
71.018048	10
71.038321	-30
71.058594	18
71.078867	-2
71.09914	-3
71.119413	-36
71.139686	20
71.159959	18
71.180232	50
71.200505	-25
71.220778	-7
71.241051	-21
71.261324	16
71.281597	18
71.30187	-13
71.322143	-20
71.342416	-8
71.362689	1
71.382962	-21
71.403235	-21
71.423508	-18
71.443781	2
71.464054	0
71.484327	-17
71.5046	-9
71.524873	13
71.545146	11
71.565419	12
71.585692	-11
71.605965	0
71.626238	-24
71.646511	-44
71.666784	11
71.687057	9
71.70733	46
71.727603	6
71.747876	5
71.768149	-1
71.788422	-9
71.808695	8
71.828968	6
71.849241	16
71.869514	-6
71.889787	-26
71.91006	-17
71.930333	-6
71.950606	2
71.970879	17
71.991152	24
72.011425	19
72.031698	36
72.051971	-11
72.072244	-18
72.092517	-9
72.11279	2
72.133063	16
72.153336	20
72.173609	21
72.193882	2
72.214155	-5
72.234428	7
72.254701	-14
72.274974	27
72.295247	10
72.31552	22
72.335793	-43
72.356066	-6
72.376339	2
72.396612	14
72.416885	3
72.437158	46
72.457431	54
72.477704	14
72.497977	18
72.51825	13
72.538523	20
72.558796	1
72.579069	2
72.599342	-24
72.619615	25
72.639888	25
72.660161	-8
72.680434	0
72.700707	-29
72.72098	27
72.741253	10
72.761526	21
72.781799	-2
72.802072	32
72.822345	14
72.842618	1
72.862891	15
72.883164	-10
72.903437	14
72.92371	-24
72.943983	20
72.964256	39
72.984529	13
73.004802	-11
73.025075	-14
73.045348	-18
73.065621	23
73.085894	15
73.106167	-18
73.12644	-21
73.146713	15
73.166986	12
73.187259	21
73.207532	1
73.227805	10
73.248078	-5
73.268351	-3
73.288624	42
73.308897	-10
73.32917	-23
73.349443	-20
73.369716	5
73.389989	12
73.410262	1
73.430535	-4
73.450808	-3
73.471081	37
73.491354	-12
73.511627	7
73.5319	-25
73.552173	12
73.572446	-26
73.592719	-3
73.612992	-15
73.633265	-2
73.653538	5
73.673811	17
73.694084	6
73.714357	-2
73.73463	9
73.754903	2
73.775176	6
73.795449	-12
73.815722	10
73.835995	-15
73.856268	-8
73.876541	20
73.896814	-3
73.917087	4
73.93736	23
73.957633	3
73.977906	3
73.998179	21
74.018452	-14
74.038725	-15
74.058998	4
74.079271	-16
74.099544	-12
74.119817	40
74.14009	3
74.160363	9
74.180636	-7
74.200909	-17
74.221182	17
74.241455	0
74.261728	-25
74.282001	-25
74.302274	4
74.322547	9
74.34282	4
74.363093	32
74.383366	19
74.403639	-10
74.423912	-20
74.444185	20
74.464458	-22
74.484731	-7
74.505004	-51
74.525277	-6
74.54555	-22
74.565823	-29
74.586096	10
74.606369	1
74.626642	-11
74.646915	-10
74.667188	-17
74.687461	9
74.707734	-14
74.728007	17
74.74828	-10
74.768553	21
74.788826	5
74.809099	-1
74.829372	2
74.849645	5
74.869918	-32
74.890191	11
74.910464	-21
74.930737	-17
74.95101	4
74.971283	-2
74.991556	-11
75.011829	-15
75.032102	9
75.052375	-3
75.072648	-20
75.092921	13
75.113194	-8
75.133467	7
75.15374	-7
75.174013	37
75.194286	21
75.214559	2
75.234832	8
75.255105	49
75.275378	-5
75.295651	5
75.315924	-14
75.336197	-1
75.35647	64
75.376743	4
75.397016	-3
75.417289	-5
75.437562	34
75.457835	11
75.478108	-18
75.498381	-20
75.518654	-6
75.538927	4
75.5592	-13
75.579473	-5
75.599746	-26
75.620019	27
75.640292	19
75.660565	21
75.680838	7
75.701111	13
75.721384	-13
75.741657	3
75.76193	7
75.782203	-1
75.802476	15
75.822749	-6
75.843022	21
75.863295	3
75.883568	-29
75.903841	-3
75.924114	28
75.944387	-12
75.96466	-14
75.984933	4
76.005206	27
76.025479	1
76.045752	38
76.066025	19
76.086298	22
76.106571	19
76.126844	13
76.147117	-26
76.16739	-4
76.187663	-10
76.207936	-6
76.228209	-16
76.248482	17
76.268755	-6
76.289028	-1
76.309301	0
76.329574	35
76.349847	-2
76.37012	23
76.390393	-3
76.410666	-31
76.430939	2
76.451212	3
76.471485	0
76.491758	0
76.512031	-5
76.532304	-4
76.552577	20
76.57285	14
76.593123	1
76.613396	3
76.633669	21
76.653942	-6
76.674215	25
76.694488	-37
76.714761	7
76.735034	-10
76.755307	9
76.77558	-48
76.795853	-3
76.816126	16
76.836399	5
76.856672	-9
76.876945	25
76.897218	-25
76.917491	-28
76.937764	11
76.958037	28
76.97831	-32
76.998583	4
77.018856	44
77.039129	-2
77.059402	8
77.079675	12
77.099948	-1
77.120221	-8
77.140494	-1
77.160767	21
77.18104	11
77.201313	2
77.221586	6
77.241859	-1
77.262132	-6
77.282405	43
77.302678	6
77.322951	30
77.343224	32
77.363497	8
77.38377	3
77.404043	53
77.424316	-1
77.444589	-7
77.464862	7
77.485135	3
77.505408	12
77.525681	3
77.545954	27
77.566227	6
77.5865	-26
77.606773	-3
77.627046	-2
77.647319	3
77.667592	-23
77.687865	16
77.708138	2
77.728411	-3
77.748684	25
77.768957	17
77.78923	12
77.809503	71
77.829776	5
77.850049	42
77.870322	7
77.890595	15
77.910868	-4
77.931141	-4
77.951414	-7
77.971687	-2
77.99196	1
78.012233	16
78.032506	38
78.052779	-10
78.073052	5
78.093325	4
78.113598	9
78.133871	-1
78.154144	-11
78.174417	-3
78.19469	-4
78.214963	-19
78.235236	17
78.255509	-24
78.275782	-13
78.296055	8
78.316328	9
78.336601	-9
78.356874	15
78.377147	28
78.39742	-32
78.417693	-4
78.437966	-3
78.458239	-13
78.478512	2
78.498785	-8
78.519058	-26
78.539331	-3
78.559604	0
78.579877	13
78.60015	31
78.620423	0
78.640696	8
78.660969	-2
78.681242	0
78.701515	-8
78.721788	9
78.742061	20
78.762334	-17
78.782607	20
78.80288	9
78.823153	2
78.843426	8
78.863699	21
78.883972	-24
78.904245	-16
78.924518	-6
78.944791	20
78.965064	-36
78.985337	0
79.00561	3
79.025883	12
79.046156	14
79.066429	-15
79.086702	12
79.106975	4
79.127248	-11
79.147521	-10
79.167794	1
79.188067	8
79.20834	-3
79.228613	7
79.248886	-19
79.269159	6
79.289432	20
79.309705	-24
79.329978	21
79.350251	-16
79.370524	-19
79.390797	-7
79.41107	-6
79.431343	-9
79.451616	15
79.471889	-14
79.492162	-20
79.512435	1
79.532708	-25
79.552981	0
79.573254	-48
79.593527	8
79.6138	14
79.634073	1
79.654346	-1
79.674619	-14
79.694892	-10
79.715165	-10
79.735438	3
79.755711	-9
79.775984	-21
79.796257	-12
79.81653	-16
79.836803	17
79.857076	8
79.877349	-1
79.897622	-15
79.917895	-19
79.938168	41
79.958441	-2
79.978714	9
79.998987	-23
80.01926	-12
