510.15	38183
510.2	38417
510.25	38580
510.3	38314
510.35	38360
510.4	38146
510.45	38197
510.5	38109
510.55	38190
510.6	38116
510.65	38233
510.7	38340
510.75	38158
510.8	38443
510.85	38330
510.9	38404
510.95	38492
511	38208
511.05	38325
511.1	38543
511.15	38425
511.2	38259
511.25	38245
511.3	38370
511.35	38404
511.4	38453
511.45	38542
511.5	38161
511.55	38434
511.6	38348
511.65	38554
511.7	38294
511.75	38482
511.8	38338
511.85	38324
511.9	38234
511.95	38220
512	38427
512.05	38113
512.1	38572
512.15	38148
512.2	38250
512.25	38538
512.3	38289
512.35	38195
512.4	38400
512.45	38445
512.5	38462
512.55	38481
512.6	38387
512.65	38219
512.7	38323
512.75	38468
512.8	38153
512.85	38181
512.9	38263
512.95	38429
513	38585
513.05	38187
513.1	38252
513.15	38372
513.2	38545
513.25	38225
513.3	38221
513.35	38581
513.4	38216
513.45	38608
513.5	38178
513.55	38309
513.6	38405
513.65	38514
513.7	38325
513.75	38471
513.8	38704
513.85	38665
513.9	38613
513.95	38457
514	38520
514.05	38556
514.1	38604
514.15	38638
514.2	38682
514.25	38513
514.3	38938
514.35	38764
514.4	39185
514.45	38944
514.5	39231
514.55	39169
514.6	39332
514.65	39320
514.7	39695
514.75	39829
514.8	40291
514.85	40357
514.9	40693
514.95	40987
515	41086
515.05	41599
515.1	41840
515.15	42357
515.2	43420
515.25	43783
515.3	44674
515.35	45341
515.4	46439
515.45	47660
515.5	48653
515.55	50352
515.6	52060
515.65	53881
515.7	54046
515.75	54454
515.8	55362
515.85	55437
515.9	56069
515.95	56673
516	56834
516.05	57139
516.1	57802
516.15	58164
516.2	58440
516.25	58533
516.3	58650
516.35	58904
516.4	59275
516.45	59480
516.5	59830
516.55	60158
516.6	60078
516.65	60241
516.7	60408
516.75	60741
516.8	60770
516.85	60849
516.9	60547
516.95	60649
517	60559
517.05	60754
517.1	60755
517.15	60521
517.2	60747
517.25	60741
517.3	60721
517.35	60322
517.4	60255
517.45	60073
517.5	59959
517.55	59580
517.6	59445
517.65	59515
517.7	58924
517.75	58959
517.8	58649
517.85	58359
517.9	58041
517.95	57743
518	56973
518.05	56673
518.1	56546
518.15	55941
518.2	55712
518.25	55063
518.3	54753
518.35	53922
518.4	53297
518.45	49530
518.5	46747
518.55	44832
518.6	42920
518.65	41616
518.7	40777
518.75	40364
518.8	39892
518.85	39436
518.9	38873
518.95	39045
519	38610
519.05	38639
519.1	38494
519.15	38264
519.2	38306
519.25	38182
519.3	38229
519.35	38105
519.4	38127
519.45	38060
519.5	38320
519.55	38291
519.6	38303
519.65	38105
519.7	38256
519.75	38304
519.8	38108
519.85	38032
519.9	38109
519.95	38357
520	38468
520.05	38328
520.1	38350
520.15	38241
520.2	38294
520.25	38374
520.3	38463
520.35	38341
520.4	38336
520.45	38448
520.5	38390
520.55	38114
520.6	38479
520.65	38456
520.7	38360
520.75	38088
520.8	38031
520.85	38063
520.9	38368
520.95	38091
521	38085
521.05	38220
521.1	38045
521.15	38341
521.2	38185
521.25	37984
521.3	38285
521.35	37983
521.4	38212
521.45	38263
521.5	38312
521.55	38163
521.6	38162
521.65	38008
521.7	38122
521.75	38210
521.8	38370
521.85	38195
521.9	37972
521.95	38226
522	38043
522.05	38258
522.1	38000
522.15	38224
522.2	38421
522.25	38087
522.3	38208
522.35	38403
522.4	38071
522.45	38265
522.5	38220
522.55	38349
522.6	38023
522.65	38399
522.7	38114
522.75	38406
522.8	37980
522.85	38203
522.9	38092
522.95	38371
523	38291
523.05	38095
523.1	38327
523.15	38304
523.2	38374
523.25	38320
523.3	38229
523.35	38421
523.4	38269
523.45	38398
523.5	37983
523.55	37982
523.6	38353
523.65	38285
523.7	38159
523.75	38135
523.8	38121
523.85	38365
523.9	38386
523.95	38372
524	38258
524.05	38305
524.1	38068
524.15	38155
524.2	37985
524.25	38344
524.3	37986
524.35	38357
524.4	38277
524.45	38357
524.5	38255
524.55	38385
524.6	38044
524.65	38209
524.7	37975
524.75	37984
524.8	38283
524.85	38311
524.9	38013
524.95	38306
525	38075
525	38003.9
525.05	38304.8
525.1	38184.6
525.15	37829.2
525.2	37554.4
525.25	37883
525.3	37759.9
525.35	37443.1
525.4	37759.9
525.45	37711.3
525.5	37724.5
525.55	37714.6
525.6	37501.6
525.65	37698
525.7	37584.5
525.75	37951.3
525.8	37516.8
525.85	37656.4
525.9	37526.8
525.95	37338.8
526	37199.4
526.05	37763
526.1	37691.2
526.15	37405
526.2	37547.6
526.25	37435.2
526.3	37789.1
526.35	37410.3
526.4	37695.6
526.45	37528.4
526.5	37499.2
526.55	37251.9
526.6	37485.7
526.65	37582.2
526.7	37609.4
526.75	37461
526.8	37284.2
526.85	37572.8
526.9	37656.8
526.95	37367.1
527	37600.3
527.05	37054.9
527.1	37387.9
527.15	37681.2
527.2	37713.9
527.25	37491.6
527.3	37279
527.35	37221.7
527.4	37749.1
527.45	37714.4
527.5	37199.4
527.55	37022.7
527.6	37317.7
527.65	37662.8
527.7	37332.4
527.75	36950.6
527.8	37433.8
527.85	37382.1
527.9	37202.4
527.95	36896.8
528	37201.9
528.05	37386.6
528.1	37062
528.15	36894.8
528.2	37069.4
528.25	37146.7
528.3	37116.2
528.35	37065.7
528.4	37257.6
528.45	37184.5
528.5	37330.7
528.55	37052.5
528.6	37129.5
528.65	37054.2
528.7	37108.4
528.75	37373.2
528.8	37144.6
528.85	37080.9
528.9	37162.1
528.95	37300.4
529	37485.1
529.05	37644.8
529.1	37320.6
529.15	37475.7
529.2	37128.9
529.25	37175.6
529.3	37263.9
529.35	37216
529.4	37314.3
529.45	37290.2
529.5	37240.2
529.55	36880.3
529.6	37078.2
529.65	37048.5
529.7	36953.6
529.75	37012.3
529.8	37537.7
529.85	37726.2
529.9	37465.5
529.95	37611.6
530	37296.7
530.05	37285.9
530.1	37418.1
530.15	37685.1
530.2	37354.5
530.25	37026.3
530.3	37575.7
530.35	37578.6
530.4	37765.9
530.45	37978
530.5	37401.7
530.55	37570.6
530.6	37538.7
530.65	37561.9
530.7	38043.7
530.75	38253.4
530.8	38278.2
530.85	38185.7
530.9	38207.2
530.95	38357.5
531	38212.6
531.05	38415.7
531.1	38597.1
531.15	38824.4
531.2	38796.3
531.25	38849.2
531.3	39154.3
531.35	39210.5
531.4	39586.6
531.45	40131.6
531.5	39706.9
531.55	40022.1
531.6	40365.1
531.65	40690.6
531.7	41180.3
531.75	41257.5
531.8	41574.8
531.85	42098.5
531.9	42435.6
531.95	43191
532	43595.3
532.05	44414.3
532.1	44667
532.15	45148.8
532.2	46906
532.25	48341.4
532.3	49632.2
532.35	51573.4
532.4	52198.2
532.45	54050.2
532.5	54754.6
532.55	57048.8
532.6	59361.7
532.65	60978.6
532.7	62583.7
532.75	64892.6
532.8	68336.3
532.85	70865.5
532.9	74181.5
532.95	76536.5
533	78361.8
533.05	80626.2
533.1	82553.1
533.15	84949.2
533.2	87559.7
533.25	88472.5
533.3	90244.5
533.35	90862.2
533.4	93436.1
533.45	94580.5
533.5	95097.3
533.55	94544.6
533.6	94772.8
533.65	94830.4
533.7	95348.1
533.75	93822.6
533.8	92782.7
533.85	92475.4
533.9	90918.4
533.95	90377.6
534	88436.9
534.05	86028.9
534.1	84658
534.15	83265.1
534.2	81805
534.25	80557.5
534.3	79424.5
534.35	77620.8
534.4	75598.6
534.45	74401.6
534.5	73561.3
534.55	72698.1
534.6	70788.1
534.65	69832.1
534.7	68388.2
534.75	67398.8
534.8	66574.8
534.85	65593.1
534.9	64913.7
534.95	64112.4
535	63312.6
535.05	62646.5
535.1	62345.9
535.15	61537.5
535.2	61042.8
535.25	60749.6
535.3	59608.5
535.35	59061.8
535.4	59089.5
535.45	58422.7
535.5	58524.1
535.55	57395.3
535.6	57946.2
535.65	57790.9
535.7	57366.1
535.75	57065.4
535.8	56560
535.85	55927
535.9	55654.5
535.95	55016.2
536	54609.8
536.05	54289.8
536.1	54187.8
536.15	53480.7
536.2	52998.7
536.25	53213.6
536.3	52831.1
536.35	52516.6
536.4	51307.5
536.45	51265.6
536.5	50734.3
536.55	50843.2
536.6	50083.2
536.65	49864.8
536.7	49864.4
536.75	49321.4
536.8	48929.5
536.85	48979.1
536.9	49068.1
536.95	48747.9
537	48105.4
537.05	47450.3
537.1	46970.5
537.15	46685
537.2	46599.9
537.25	46693
537.3	46443.2
537.35	46144.4
537.4	45800.9
537.45	46100.4
537.5	45438.2
537.55	45098.8
537.6	45061.1
537.65	44619.1
537.7	44439.5
537.75	44367.6
537.8	44696.2
537.85	43964.9
537.9	44203.8
537.95	44537.3
538	44051.5
538.05	44070.8
538.1	44025.7
538.15	44316.7
538.2	43918.7
538.25	43838.1
538.3	43447.5
538.35	43721.4
538.4	43467.1
538.45	43183.6
538.5	43522.7
538.55	43438.7
538.6	43808.1
538.65	43465.7
538.7	43461.7
538.75	43265.5
538.8	43181.4
538.85	43281.2
538.9	42962.5
538.95	43102.7
539	42946.3
539.05	42766.7
539.1	43248.9
539.15	42877.1
539.2	42957.7
539.25	43089.7
539.3	42944.8
539.35	43289.2
539.4	43206.4
539.45	42859.8
539.5	42588
539.55	43273.4
539.6	43033.6
539.65	42574.5
539.7	42776.9
539.75	42685.2
539.8	42855.6
539.85	42921.9
539.9	42718.9
539.95	42587.5
